N,M,id,E,maxIter,eta,runtime(s)
16,79,1,2,10000,0.25,0.02373
16,79,2,2,10000,0.25,0.022953
16,79,3,2,10000,0.25,0.031968
16,79,4,4,10000,0.25,0.027256
16,79,5,3,10000,0.25,0.025793
16,79,6,2,10000,0.25,0.023731
16,79,7,3,10000,0.25,0.02534
16,79,8,2,10000,0.25,0.030786
16,79,9,3,10000,0.25,0.024236
16,79,10,2,10000,0.25,0.031353
16,79,11,2,10000,0.25,0.027498
16,79,12,3,10000,0.25,0.028593
16,79,13,2,10000,0.25,0.030662
16,79,14,3,10000,0.25,0.031768
16,79,15,0,10000,0.25,0.000196
16,79,16,2,10000,0.25,0.023231
16,79,17,3,10000,0.25,0.026749
16,79,18,2,10000,0.25,0.025357
16,79,19,3,10000,0.25,0.025623
16,79,20,2,10000,0.25,0.02598
16,79,21,2,10000,0.25,0.024467
16,79,22,2,10000,0.25,0.025368
16,79,23,3,10000,0.25,0.02496
16,79,24,1,10000,0.25,0.026594
16,79,25,1,10000,0.25,0.024454
16,79,26,3,10000,0.25,0.031725
16,79,27,2,10000,0.25,0.032821
16,79,28,1,10000,0.25,0.024676
16,79,29,3,10000,0.25,0.026088
16,79,30,2,10000,0.25,0.027038
16,79,31,3,10000,0.25,0.033618
16,79,32,1,10000,0.25,0.024139
16,79,33,2,10000,0.25,0.026632
16,79,34,2,10000,0.25,0.02675
16,79,35,3,10000,0.25,0.025084
16,79,36,2,10000,0.25,0.025005
16,79,37,2,10000,0.25,0.024461
16,79,38,3,10000,0.25,0.028477
16,79,39,2,10000,0.25,0.026326
16,79,40,2,10000,0.25,0.031659
16,79,41,1,10000,0.25,0.031281
16,79,42,2,10000,0.25,0.02566
16,79,43,3,10000,0.25,0.025387
16,79,44,2,10000,0.25,0.028241
16,79,45,2,10000,0.25,0.026685
16,79,46,2,10000,0.25,0.027449
16,79,47,1,10000,0.25,0.023772
16,79,48,3,10000,0.25,0.025049
16,79,49,3,10000,0.25,0.024244
16,79,50,2,10000,0.25,0.02984
16,79,51,3,10000,0.25,0.025753
16,79,52,3,10000,0.25,0.028808
16,79,53,2,10000,0.25,0.029818
16,79,54,3,10000,0.25,0.025792
16,79,55,2,10000,0.25,0.032044
16,79,56,2,10000,0.25,0.024561
16,79,57,3,10000,0.25,0.024946
16,79,58,2,10000,0.25,0.024582
16,79,59,2,10000,0.25,0.023622
16,79,60,3,10000,0.25,0.025083
16,79,61,3,10000,0.25,0.027154
16,79,62,1,10000,0.25,0.023969
16,79,63,2,10000,0.25,0.025592
16,79,64,3,10000,0.25,0.026563
16,79,65,2,10000,0.25,0.025663
16,79,66,3,10000,0.25,0.024273
16,79,67,3,10000,0.25,0.024492
16,79,68,2,10000,0.25,0.026038
16,79,69,3,10000,0.25,0.025497
16,79,70,3,10000,0.25,0.027971
16,79,71,2,10000,0.25,0.02491
16,79,72,3,10000,0.25,0.027234
16,79,73,2,10000,0.25,0.026252
16,79,74,3,10000,0.25,0.025796
16,79,75,2,10000,0.25,0.024949
16,79,76,2,10000,0.25,0.02791
16,79,77,3,10000,0.25,0.028444
16,79,78,3,10000,0.25,0.026041
16,79,79,2,10000,0.25,0.027692
16,79,80,3,10000,0.25,0.030563
16,79,81,3,10000,0.25,0.030486
16,79,82,2,10000,0.25,0.031061
16,79,83,2,10000,0.25,0.034131
16,79,84,2,10000,0.25,0.031269
16,79,85,3,10000,0.25,0.033236
16,79,86,3,10000,0.25,0.033748
16,79,87,3,10000,0.25,0.031313
16,79,88,2,10000,0.25,0.024579
16,79,89,1,10000,0.25,0.023544
16,79,90,2,10000,0.25,0.024618
16,79,91,2,10000,0.25,0.028325
16,79,92,3,10000,0.25,0.025554
16,79,93,2,10000,0.25,0.026498
16,79,94,1,10000,0.25,0.024583
16,79,95,2,10000,0.25,0.025999
16,79,96,2,10000,0.25,0.025268
16,79,97,2,10000,0.25,0.02607
16,79,98,2,10000,0.25,0.024354
16,79,99,3,10000,0.25,0.025782
16,79,100,2,10000,0.25,0.031739
16,79,101,3,10000,0.25,0.033034
16,79,102,2,10000,0.25,0.032686
16,79,103,3,10000,0.25,0.032628
16,79,104,3,10000,0.25,0.03369
16,79,105,2,10000,0.25,0.032617
16,79,106,1,10000,0.25,0.030886
16,79,107,2,10000,0.25,0.029694
16,79,108,2,10000,0.25,0.025034
16,79,109,2,10000,0.25,0.029404
16,79,110,2,10000,0.25,0.026341
16,79,111,2,10000,0.25,0.034712
16,79,112,1,10000,0.25,0.027683
16,79,113,1,10000,0.25,0.030399
16,79,114,2,10000,0.25,0.026008
16,79,115,2,10000,0.25,0.031396
16,79,116,2,10000,0.25,0.033963
16,79,117,2,10000,0.25,0.032222
16,79,118,1,10000,0.25,0.031608
16,79,119,2,10000,0.25,0.027311
16,79,120,2,10000,0.25,0.030411
16,79,121,2,10000,0.25,0.031688
16,79,122,3,10000,0.25,0.031957
16,79,123,3,10000,0.25,0.027462
16,79,124,2,10000,0.25,0.028029
16,79,125,3,10000,0.25,0.028892
16,79,126,3,10000,0.25,0.030488
16,79,127,1,10000,0.25,0.029439
16,79,128,2,10000,0.25,0.026576
16,79,129,1,10000,0.25,0.02618
16,79,130,2,10000,0.25,0.029792
16,79,131,2,10000,0.25,0.029813
16,79,132,2,10000,0.25,0.034763
16,79,133,2,10000,0.25,0.033172
16,79,134,2,10000,0.25,0.03234
16,79,135,3,10000,0.25,0.03288
16,79,136,3,10000,0.25,0.028887
16,79,137,2,10000,0.25,0.028496
16,79,138,3,10000,0.25,0.033585
16,79,139,2,10000,0.25,0.030889
16,79,140,2,10000,0.25,0.029745
16,79,141,2,10000,0.25,0.030577
16,79,142,2,10000,0.25,0.025737
16,79,143,2,10000,0.25,0.026421
16,79,144,2,10000,0.25,0.025883
16,79,145,3,10000,0.25,0.027986
16,79,146,2,10000,0.25,0.026196
16,79,147,2,10000,0.25,0.030283
16,79,148,2,10000,0.25,0.025822
16,79,149,2,10000,0.25,0.024944
16,79,150,3,10000,0.25,0.027998
16,79,151,3,10000,0.25,0.024901
16,79,152,2,10000,0.25,0.02363
16,79,153,2,10000,0.25,0.024666
16,79,154,3,10000,0.25,0.027132
16,79,155,2,10000,0.25,0.025961
16,79,156,1,10000,0.25,0.02382
16,79,157,2,10000,0.25,0.027412
16,79,158,3,10000,0.25,0.026466
16,79,159,3,10000,0.25,0.025359
16,79,160,2,10000,0.25,0.026271
16,79,161,2,10000,0.25,0.023592
16,79,162,1,10000,0.25,0.022508
16,79,163,3,10000,0.25,0.026202
16,79,164,2,10000,0.25,0.025862
16,79,165,3,10000,0.25,0.028354
16,79,166,2,10000,0.25,0.03251
16,79,167,2,10000,0.25,0.025881
16,79,168,3,10000,0.25,0.024173
16,79,169,1,10000,0.25,0.022919
16,79,170,2,10000,0.25,0.024108
16,79,171,2,10000,0.25,0.026289
16,79,172,3,10000,0.25,0.026052
16,79,173,2,10000,0.25,0.02343
16,79,174,2,10000,0.25,0.026768
16,79,175,2,10000,0.25,0.024842
16,79,176,1,10000,0.25,0.02439
16,79,177,3,10000,0.25,0.02904
16,79,178,3,10000,0.25,0.025962
16,79,179,3,10000,0.25,0.025576
16,79,180,2,10000,0.25,0.028591
16,79,181,2,10000,0.25,0.02572
16,79,182,2,10000,0.25,0.022704
16,79,183,3,10000,0.25,0.028994
16,79,184,2,10000,0.25,0.029889
16,79,185,3,10000,0.25,0.02719
16,79,186,2,10000,0.25,0.027649
16,79,187,3,10000,0.25,0.026982
16,79,188,3,10000,0.25,0.025966
16,79,189,2,10000,0.25,0.027919
16,79,190,3,10000,0.25,0.026265
16,79,191,3,10000,0.25,0.026135
16,79,192,2,10000,0.25,0.029478
16,79,193,2,10000,0.25,0.027955
16,79,194,2,10000,0.25,0.02568
16,79,195,1,10000,0.25,0.025068
16,79,196,3,10000,0.25,0.027575
16,79,197,2,10000,0.25,0.027205
16,79,198,1,10000,0.25,0.031772
16,79,199,2,10000,0.25,0.024766
16,79,200,2,10000,0.25,0.025035
16,79,201,3,10000,0.25,0.026855
16,79,202,2,10000,0.25,0.027291
16,79,203,3,10000,0.25,0.026366
16,79,204,2,10000,0.25,0.024762
16,79,205,2,10000,0.25,0.028587
16,79,206,2,10000,0.25,0.024323
16,79,207,3,10000,0.25,0.025373
16,79,208,2,10000,0.25,0.025521
16,79,209,3,10000,0.25,0.023659
16,79,210,3,10000,0.25,0.023887
16,79,211,1,10000,0.25,0.024529
16,79,212,2,10000,0.25,0.026082
16,79,213,2,10000,0.25,0.025564
16,79,214,2,10000,0.25,0.026568
16,79,215,2,10000,0.25,0.026411
16,79,216,2,10000,0.25,0.033995
16,79,217,3,10000,0.25,0.025989
16,79,218,3,10000,0.25,0.027513
16,79,219,1,10000,0.25,0.024894
16,79,220,2,10000,0.25,0.02543
16,79,221,2,10000,0.25,0.02785
16,79,222,1,10000,0.25,0.026276
16,79,223,3,10000,0.25,0.031126
16,79,224,1,10000,0.25,0.027488
16,79,225,1,10000,0.25,0.028005
16,79,226,3,10000,0.25,0.031225
16,79,227,3,10000,0.25,0.028499
16,79,228,2,10000,0.25,0.026087
16,79,229,2,10000,0.25,0.027368
16,79,230,2,10000,0.25,0.027692
16,79,231,2,10000,0.25,0.02588
16,79,232,3,10000,0.25,0.028221
16,79,233,3,10000,0.25,0.025831
16,79,234,2,10000,0.25,0.026467
16,79,235,3,10000,0.25,0.026134
16,79,236,2,10000,0.25,0.024964
16,79,237,2,10000,0.25,0.029967
16,79,238,1,10000,0.25,0.025029
16,79,239,3,10000,0.25,0.026027
16,79,240,2,10000,0.25,0.028341
16,79,241,2,10000,0.25,0.026127
16,79,242,0,10000,0.25,0.000248
16,79,243,2,10000,0.25,0.029269
16,79,244,2,10000,0.25,0.026001
16,79,245,2,10000,0.25,0.026685
16,79,246,2,10000,0.25,0.025218
16,79,247,2,10000,0.25,0.028049
16,79,248,2,10000,0.25,0.02665
16,79,249,4,10000,0.25,0.026646
16,79,250,3,10000,0.25,0.026446
16,79,251,1,10000,0.25,0.024958
16,79,252,2,10000,0.25,0.024823
16,79,253,3,10000,0.25,0.026214
16,79,254,2,10000,0.25,0.02861
16,79,255,2,10000,0.25,0.026786
16,79,256,1,10000,0.25,0.024627
16,79,257,1,10000,0.25,0.023709
16,79,258,1,10000,0.25,0.026578
16,79,259,3,10000,0.25,0.025632
16,79,260,3,10000,0.25,0.026759
16,79,261,1,10000,0.25,0.023958
16,79,262,3,10000,0.25,0.028627
16,79,263,3,10000,0.25,0.024354
16,79,264,1,10000,0.25,0.02529
16,79,265,3,10000,0.25,0.025316
16,79,266,3,10000,0.25,0.025248
16,79,267,4,10000,0.25,0.027789
16,79,268,3,10000,0.25,0.027673
16,79,269,2,10000,0.25,0.030048
16,79,270,2,10000,0.25,0.025284
16,79,271,3,10000,0.25,0.027533
16,79,272,1,10000,0.25,0.02509
16,79,273,3,10000,0.25,0.02498
16,79,274,3,10000,0.25,0.028009
16,79,275,2,10000,0.25,0.028646
16,79,276,2,10000,0.25,0.027243
16,79,277,3,10000,0.25,0.026187
16,79,278,3,10000,0.25,0.032048
16,79,279,2,10000,0.25,0.025417
16,79,280,3,10000,0.25,0.024437
16,79,281,2,10000,0.25,0.023483
16,79,282,3,10000,0.25,0.025904
16,79,283,2,10000,0.25,0.031489
16,79,284,2,10000,0.25,0.024757
16,79,285,2,10000,0.25,0.026644
16,79,286,2,10000,0.25,0.026281
16,79,287,2,10000,0.25,0.024818
16,79,288,2,10000,0.25,0.025394
16,79,289,2,10000,0.25,0.024524
16,79,290,3,10000,0.25,0.025272
16,79,291,1,10000,0.25,0.026441
16,79,292,2,10000,0.25,0.02698
16,79,293,2,10000,0.25,0.024417
16,79,294,2,10000,0.25,0.02488
16,79,295,2,10000,0.25,0.026721
16,79,296,3,10000,0.25,0.025048
16,79,297,3,10000,0.25,0.025921
16,79,298,2,10000,0.25,0.022784
16,79,299,2,10000,0.25,0.02579
16,79,300,2,10000,0.25,0.025063
16,79,301,2,10000,0.25,0.025416
16,79,302,2,10000,0.25,0.027135
16,79,303,1,10000,0.25,0.025374
16,79,304,2,10000,0.25,0.025873
16,79,305,2,10000,0.25,0.025235
16,79,306,1,10000,0.25,0.027622
16,79,307,4,10000,0.25,0.027933
16,79,308,3,10000,0.25,0.027622
16,79,309,2,10000,0.25,0.028944
16,79,310,4,10000,0.25,0.035123
16,79,311,2,10000,0.25,0.026198
16,79,312,2,10000,0.25,0.025762
16,79,313,2,10000,0.25,0.026431
16,79,314,2,10000,0.25,0.025331
16,79,315,1,10000,0.25,0.026474
16,79,316,1,10000,0.25,0.024457
16,79,317,2,10000,0.25,0.02573
16,79,318,3,10000,0.25,0.025912
16,79,319,2,10000,0.25,0.028197
16,79,320,2,10000,0.25,0.025599
16,79,321,3,10000,0.25,0.025759
16,79,322,3,10000,0.25,0.027614
16,79,323,1,10000,0.25,0.027191
16,79,324,3,10000,0.25,0.028066
16,79,325,3,10000,0.25,0.025478
16,79,326,2,10000,0.25,0.027401
16,79,327,2,10000,0.25,0.026141
16,79,328,1,10000,0.25,0.024964
16,79,329,3,10000,0.25,0.02502
16,79,330,2,10000,0.25,0.02457
16,79,331,2,10000,0.25,0.025145
16,79,332,2,10000,0.25,0.028158
16,79,333,2,10000,0.25,0.028794
16,79,334,2,10000,0.25,0.027743
16,79,335,2,10000,0.25,0.031202
16,79,336,2,10000,0.25,0.025909
16,79,337,3,10000,0.25,0.028222
16,79,338,2,10000,0.25,0.026408
16,79,339,2,10000,0.25,0.024902
16,79,340,3,10000,0.25,0.028252
16,79,341,2,10000,0.25,0.025971
16,79,342,2,10000,0.25,0.026272
16,79,343,2,10000,0.25,0.025969
16,79,344,2,10000,0.25,0.025008
16,79,345,2,10000,0.25,0.027405
16,79,346,3,10000,0.25,0.025497
16,79,347,2,10000,0.25,0.025603
16,79,348,3,10000,0.25,0.03186
16,79,349,3,10000,0.25,0.025568
16,79,350,3,10000,0.25,0.030423
16,79,351,1,10000,0.25,0.027858
16,79,352,2,10000,0.25,0.025683
16,79,353,1,10000,0.25,0.024725
16,79,354,3,10000,0.25,0.025398
16,79,355,3,10000,0.25,0.027933
16,79,356,3,10000,0.25,0.026686
16,79,357,2,10000,0.25,0.02612
16,79,358,2,10000,0.25,0.024746
16,79,359,3,10000,0.25,0.026937
16,79,360,2,10000,0.25,0.028519
16,79,361,1,10000,0.25,0.024211
16,79,362,2,10000,0.25,0.02545
16,79,363,2,10000,0.25,0.025111
16,79,364,2,10000,0.25,0.024194
16,79,365,2,10000,0.25,0.033937
16,79,366,2,10000,0.25,0.024897
16,79,367,3,10000,0.25,0.026472
16,79,368,1,10000,0.25,0.031499
16,79,369,3,10000,0.25,0.025373
16,79,370,2,10000,0.25,0.027549
16,79,371,1,10000,0.25,0.026403
16,79,372,3,10000,0.25,0.025836
16,79,373,1,10000,0.25,0.024998
16,79,374,3,10000,0.25,0.026535
16,79,375,3,10000,0.25,0.033831
16,79,376,4,10000,0.25,0.02632
16,79,377,2,10000,0.25,0.024698
16,79,378,2,10000,0.25,0.028302
16,79,379,3,10000,0.25,0.025849
16,79,380,1,10000,0.25,0.029127
16,79,381,3,10000,0.25,0.02595
16,79,382,2,10000,0.25,0.025711
16,79,383,2,10000,0.25,0.029194
16,79,384,2,10000,0.25,0.024396
16,79,385,3,10000,0.25,0.02853
16,79,386,3,10000,0.25,0.027561
16,79,387,1,10000,0.25,0.023549
16,79,388,2,10000,0.25,0.025499
16,79,389,2,10000,0.25,0.025345
16,79,390,2,10000,0.25,0.029816
16,79,391,3,10000,0.25,0.02756
16,79,392,2,10000,0.25,0.02819
16,79,393,2,10000,0.25,0.03066
16,79,394,2,10000,0.25,0.029692
16,79,395,2,10000,0.25,0.033355
16,79,396,3,10000,0.25,0.027199
16,79,397,3,10000,0.25,0.027887
16,79,398,3,10000,0.25,0.026019
16,79,399,2,10000,0.25,0.033982
16,79,400,3,10000,0.25,0.032304
16,82,1,3,10000,0.25,0.028287
16,82,2,3,10000,0.25,0.028303
16,82,3,3,10000,0.25,0.027867
16,82,4,4,10000,0.25,0.030004
16,82,5,3,10000,0.25,0.027107
16,82,6,2,10000,0.25,0.02662
16,82,7,3,10000,0.25,0.029286
16,82,8,2,10000,0.25,0.028059
16,82,9,3,10000,0.25,0.02625
16,82,10,2,10000,0.25,0.032232
16,82,11,3,10000,0.25,0.034123
16,82,12,3,10000,0.25,0.025654
16,82,13,3,10000,0.25,0.03037
16,82,14,2,10000,0.25,0.035044
16,82,15,2,10000,0.25,0.027053
16,82,16,4,10000,0.25,0.024854
16,82,17,3,10000,0.25,0.026096
16,82,18,2,10000,0.25,0.025505
16,82,19,3,10000,0.25,0.02841
16,82,20,3,10000,0.25,0.025859
16,82,21,1,10000,0.25,0.024256
16,82,22,3,10000,0.25,0.030663
16,82,23,2,10000,0.25,0.02877
16,82,24,2,10000,0.25,0.025562
16,82,25,2,10000,0.25,0.030404
16,82,26,3,10000,0.25,0.025421
16,82,27,3,10000,0.25,0.027944
16,82,28,2,10000,0.25,0.027486
16,82,29,3,10000,0.25,0.025598
16,82,30,2,10000,0.25,0.02955
16,82,31,2,10000,0.25,0.027928
16,82,32,2,10000,0.25,0.031136
16,82,33,2,10000,0.25,0.028397
16,82,34,2,10000,0.25,0.025443
16,82,35,3,10000,0.25,0.028874
16,82,36,2,10000,0.25,0.025226
16,82,37,3,10000,0.25,0.027337
16,82,38,3,10000,0.25,0.025603
16,82,39,2,10000,0.25,0.027808
16,82,40,2,10000,0.25,0.032149
16,82,41,2,10000,0.25,0.025516
16,82,42,3,10000,0.25,0.026849
16,82,43,2,10000,0.25,0.026064
16,82,44,2,10000,0.25,0.025714
16,82,45,3,10000,0.25,0.024389
16,82,46,3,10000,0.25,0.024223
16,82,47,4,10000,0.25,0.033766
16,82,48,4,10000,0.25,0.026811
16,82,49,3,10000,0.25,0.028198
16,82,50,3,10000,0.25,0.026986
16,82,51,4,10000,0.25,0.027199
16,82,52,2,10000,0.25,0.026987
16,82,53,2,10000,0.25,0.025772
16,82,54,3,10000,0.25,0.032516
16,82,55,3,10000,0.25,0.028975
16,82,56,2,10000,0.25,0.027285
16,82,57,3,10000,0.25,0.0258
16,82,58,2,10000,0.25,0.026298
16,82,59,3,10000,0.25,0.02557
16,82,60,3,10000,0.25,0.026891
16,82,61,4,10000,0.25,0.031102
16,82,62,2,10000,0.25,0.025895
16,82,63,3,10000,0.25,0.025635
16,82,64,3,10000,0.25,0.034866
16,82,65,3,10000,0.25,0.026497
16,82,66,3,10000,0.25,0.025628
16,82,67,4,10000,0.25,0.026148
16,82,68,4,10000,0.25,0.024724
16,82,69,3,10000,0.25,0.032499
16,82,70,2,10000,0.25,0.026072
16,82,71,2,10000,0.25,0.025633
16,82,72,2,10000,0.25,0.025352
16,82,73,3,10000,0.25,0.031756
16,82,74,1,10000,0.25,0.024993
16,82,75,3,10000,0.25,0.028106
16,82,76,3,10000,0.25,0.026213
16,82,77,3,10000,0.25,0.026572
16,82,78,2,10000,0.25,0.025131
16,82,79,4,10000,0.25,0.029458
16,82,80,3,10000,0.25,0.027423
16,82,81,3,10000,0.25,0.033202
16,82,82,4,10000,0.25,0.035203
16,82,83,3,10000,0.25,0.032839
16,82,84,2,10000,0.25,0.033542
16,82,85,2,10000,0.25,0.030206
16,82,86,3,10000,0.25,0.032114
16,82,87,3,10000,0.25,0.025911
16,82,88,3,10000,0.25,0.026068
16,82,89,2,10000,0.25,0.026332
16,82,90,2,10000,0.25,0.025462
16,82,91,3,10000,0.25,0.025969
16,82,92,3,10000,0.25,0.028523
16,82,93,3,10000,0.25,0.025364
16,82,94,3,10000,0.25,0.024531
16,82,95,3,10000,0.25,0.027858
16,82,96,2,10000,0.25,0.025502
16,82,97,3,10000,0.25,0.026927
16,82,98,3,10000,0.25,0.02563
16,82,99,3,10000,0.25,0.026357
16,82,100,3,10000,0.25,0.032665
16,82,101,2,10000,0.25,0.034829
16,82,102,3,10000,0.25,0.031921
16,82,103,2,10000,0.25,0.032623
16,82,104,2,10000,0.25,0.031922
16,82,105,3,10000,0.25,0.033081
16,82,106,2,10000,0.25,0.032685
16,82,107,3,10000,0.25,0.032331
16,82,108,2,10000,0.25,0.033641
16,82,109,2,10000,0.25,0.028352
16,82,110,2,10000,0.25,0.026858
16,82,111,2,10000,0.25,0.033547
16,82,112,2,10000,0.25,0.028436
16,82,113,3,10000,0.25,0.033448
16,82,114,1,10000,0.25,0.026409
16,82,115,3,10000,0.25,0.03448
16,82,116,3,10000,0.25,0.031663
16,82,117,2,10000,0.25,0.032612
16,82,118,2,10000,0.25,0.0327
16,82,119,2,10000,0.25,0.028138
16,82,120,3,10000,0.25,0.028198
16,82,121,2,10000,0.25,0.025945
16,82,122,3,10000,0.25,0.03291
16,82,123,3,10000,0.25,0.033752
16,82,124,2,10000,0.25,0.029673
16,82,125,2,10000,0.25,0.027062
16,82,126,3,10000,0.25,0.028872
16,82,127,2,10000,0.25,0.026562
16,82,128,2,10000,0.25,0.027512
16,82,129,4,10000,0.25,0.029522
16,82,130,3,10000,0.25,0.027845
16,82,131,3,10000,0.25,0.032373
16,82,132,3,10000,0.25,0.031178
16,82,133,4,10000,0.25,0.034036
16,82,134,3,10000,0.25,0.03587
16,82,135,3,10000,0.25,0.032705
16,82,136,4,10000,0.25,0.033383
16,82,137,3,10000,0.25,0.030265
16,82,138,1,10000,0.25,0.027185
16,82,139,3,10000,0.25,0.027311
16,82,140,2,10000,0.25,0.029517
16,82,141,3,10000,0.25,0.030585
16,82,142,2,10000,0.25,0.03401
16,82,143,3,10000,0.25,0.026263
16,82,144,3,10000,0.25,0.028116
16,82,145,3,10000,0.25,0.029497
16,82,146,2,10000,0.25,0.025483
16,82,147,1,10000,0.25,0.029043
16,82,148,3,10000,0.25,0.028045
16,82,149,3,10000,0.25,0.02809
16,82,150,3,10000,0.25,0.023751
16,82,151,3,10000,0.25,0.025266
16,82,152,4,10000,0.25,0.02594
16,82,153,3,10000,0.25,0.028406
16,82,154,2,10000,0.25,0.026985
16,82,155,3,10000,0.25,0.034092
16,82,156,3,10000,0.25,0.025236
16,82,157,3,10000,0.25,0.02523
16,82,158,4,10000,0.25,0.026658
16,82,159,3,10000,0.25,0.025877
16,82,160,3,10000,0.25,0.026797
16,82,161,3,10000,0.25,0.026908
16,82,162,3,10000,0.25,0.028393
16,82,163,3,10000,0.25,0.031525
16,82,164,2,10000,0.25,0.029877
16,82,165,1,10000,0.25,0.030191
16,82,166,3,10000,0.25,0.025914
16,82,167,2,10000,0.25,0.026213
16,82,168,1,10000,0.25,0.023631
16,82,169,3,10000,0.25,0.023816
16,82,170,3,10000,0.25,0.025633
16,82,171,3,10000,0.25,0.026593
16,82,172,3,10000,0.25,0.026886
16,82,173,4,10000,0.25,0.026322
16,82,174,3,10000,0.25,0.027492
16,82,175,3,10000,0.25,0.029307
16,82,176,3,10000,0.25,0.02824
16,82,177,2,10000,0.25,0.026188
16,82,178,3,10000,0.25,0.027516
16,82,179,2,10000,0.25,0.025509
16,82,180,2,10000,0.25,0.025495
16,82,181,4,10000,0.25,0.031065
16,82,182,3,10000,0.25,0.025428
16,82,183,3,10000,0.25,0.025618
16,82,184,2,10000,0.25,0.029737
16,82,185,4,10000,0.25,0.027734
16,82,186,2,10000,0.25,0.033716
16,82,187,4,10000,0.25,0.026958
16,82,188,3,10000,0.25,0.028372
16,82,189,3,10000,0.25,0.03166
16,82,190,3,10000,0.25,0.026599
16,82,191,2,10000,0.25,0.025692
16,82,192,2,10000,0.25,0.02813
16,82,193,1,10000,0.25,0.024131
16,82,194,2,10000,0.25,0.02861
16,82,195,2,10000,0.25,0.03395
16,82,196,2,10000,0.25,0.023446
16,82,197,2,10000,0.25,0.025414
16,82,198,1,10000,0.25,0.023702
16,82,199,3,10000,0.25,0.028634
16,82,200,3,10000,0.25,0.025408
16,82,201,2,10000,0.25,0.027644
16,82,202,2,10000,0.25,0.026082
16,82,203,2,10000,0.25,0.025394
16,82,204,3,10000,0.25,0.02614
16,82,205,2,10000,0.25,0.026926
16,82,206,3,10000,0.25,0.026755
16,82,207,4,10000,0.25,0.026587
16,82,208,2,10000,0.25,0.024869
16,82,209,4,10000,0.25,0.028596
16,82,210,3,10000,0.25,0.027707
16,82,211,1,10000,0.25,0.028976
16,82,212,4,10000,0.25,0.02751
16,82,213,3,10000,0.25,0.025961
16,82,214,3,10000,0.25,0.023958
16,82,215,1,10000,0.25,0.026049
16,82,216,2,10000,0.25,0.023593
16,82,217,3,10000,0.25,0.025952
16,82,218,4,10000,0.25,0.027352
16,82,219,2,10000,0.25,0.02795
16,82,220,2,10000,0.25,0.0284
16,82,221,3,10000,0.25,0.028432
16,82,222,3,10000,0.25,0.035177
16,82,223,2,10000,0.25,0.030373
16,82,224,3,10000,0.25,0.030885
16,82,225,4,10000,0.25,0.026127
16,82,226,3,10000,0.25,0.0257
16,82,227,2,10000,0.25,0.026558
16,82,228,3,10000,0.25,0.026357
16,82,229,2,10000,0.25,0.025285
16,82,230,2,10000,0.25,0.024977
16,82,231,2,10000,0.25,0.026641
16,82,232,2,10000,0.25,0.025053
16,82,233,4,10000,0.25,0.028988
16,82,234,3,10000,0.25,0.028452
16,82,235,2,10000,0.25,0.027992
16,82,236,3,10000,0.25,0.02896
16,82,237,3,10000,0.25,0.027509
16,82,238,2,10000,0.25,0.027898
16,82,239,2,10000,0.25,0.027994
16,82,240,3,10000,0.25,0.026744
16,82,241,3,10000,0.25,0.026556
16,82,242,3,10000,0.25,0.028289
16,82,243,2,10000,0.25,0.025065
16,82,244,4,10000,0.25,0.028751
16,82,245,4,10000,0.25,0.025456
16,82,246,1,10000,0.25,0.026633
16,82,247,2,10000,0.25,0.026485
16,82,248,2,10000,0.25,0.025042
16,82,249,3,10000,0.25,0.028794
16,82,250,4,10000,0.25,0.027616
16,82,251,3,10000,0.25,0.027787
16,82,252,2,10000,0.25,0.02597
16,82,253,2,10000,0.25,0.026574
16,82,254,3,10000,0.25,0.026578
16,82,255,2,10000,0.25,0.025991
16,82,256,3,10000,0.25,0.02574
16,82,257,3,10000,0.25,0.025837
16,82,258,2,10000,0.25,0.025961
16,82,259,3,10000,0.25,0.03003
16,82,260,2,10000,0.25,0.027226
16,82,261,1,10000,0.25,0.025087
16,82,262,3,10000,0.25,0.028284
16,82,263,3,10000,0.25,0.031186
16,82,264,4,10000,0.25,0.033041
16,82,265,2,10000,0.25,0.028042
16,82,266,3,10000,0.25,0.029736
16,82,267,3,10000,0.25,0.028406
16,82,268,2,10000,0.25,0.026218
16,82,269,1,10000,0.25,0.024799
16,82,270,2,10000,0.25,0.034055
16,82,271,2,10000,0.25,0.026305
16,82,272,2,10000,0.25,0.0344
16,82,273,3,10000,0.25,0.032646
16,82,274,2,10000,0.25,0.024577
16,82,275,2,10000,0.25,0.02501
16,82,276,2,10000,0.25,0.025095
16,82,277,3,10000,0.25,0.032226
16,82,278,3,10000,0.25,0.026274
16,82,279,2,10000,0.25,0.027093
16,82,280,3,10000,0.25,0.028531
16,82,281,3,10000,0.25,0.02554
16,82,282,3,10000,0.25,0.027101
16,82,283,2,10000,0.25,0.025454
16,82,284,3,10000,0.25,0.028308
16,82,285,4,10000,0.25,0.029222
16,82,286,1,10000,0.25,0.024628
16,82,287,3,10000,0.25,0.028528
16,82,288,4,10000,0.25,0.030512
16,82,289,2,10000,0.25,0.028069
16,82,290,3,10000,0.25,0.034036
16,82,291,3,10000,0.25,0.02475
16,82,292,3,10000,0.25,0.024532
16,82,293,2,10000,0.25,0.032434
16,82,294,3,10000,0.25,0.026119
16,82,295,3,10000,0.25,0.026897
16,82,296,3,10000,0.25,0.025689
16,82,297,3,10000,0.25,0.02676
16,82,298,4,10000,0.25,0.028951
16,82,299,2,10000,0.25,0.028656
16,82,300,3,10000,0.25,0.026391
16,82,301,3,10000,0.25,0.027511
16,82,302,3,10000,0.25,0.032187
16,82,303,2,10000,0.25,0.033294
16,82,304,3,10000,0.25,0.028403
16,82,305,3,10000,0.25,0.025032
16,82,306,2,10000,0.25,0.027454
16,82,307,2,10000,0.25,0.024614
16,82,308,3,10000,0.25,0.027327
16,82,309,3,10000,0.25,0.028436
16,82,310,2,10000,0.25,0.027075
16,82,311,4,10000,0.25,0.025777
16,82,312,3,10000,0.25,0.028111
16,82,313,3,10000,0.25,0.026936
16,82,314,3,10000,0.25,0.02614
16,82,315,3,10000,0.25,0.026609
16,82,316,4,10000,0.25,0.02939
16,82,317,2,10000,0.25,0.027816
16,82,318,3,10000,0.25,0.026514
16,82,319,4,10000,0.25,0.028872
16,82,320,2,10000,0.25,0.026392
16,82,321,1,10000,0.25,0.026857
16,82,322,2,10000,0.25,0.027761
16,82,323,3,10000,0.25,0.025301
16,82,324,4,10000,0.25,0.027942
16,82,325,2,10000,0.25,0.028439
16,82,326,4,10000,0.25,0.028559
16,82,327,2,10000,0.25,0.028476
16,82,328,4,10000,0.25,0.027677
16,82,329,2,10000,0.25,0.023344
16,82,330,3,10000,0.25,0.027426
16,82,331,3,10000,0.25,0.02941
16,82,332,2,10000,0.25,0.027136
16,82,333,2,10000,0.25,0.026546
16,82,334,3,10000,0.25,0.028777
16,82,335,3,10000,0.25,0.025718
16,82,336,3,10000,0.25,0.025655
16,82,337,1,10000,0.25,0.024682
16,82,338,3,10000,0.25,0.027964
16,82,339,4,10000,0.25,0.026097
16,82,340,3,10000,0.25,0.025358
16,82,341,2,10000,0.25,0.026451
16,82,342,2,10000,0.25,0.031459
16,82,343,2,10000,0.25,0.031005
16,82,344,2,10000,0.25,0.027343
16,82,345,3,10000,0.25,0.028719
16,82,346,3,10000,0.25,0.027845
16,82,347,1,10000,0.25,0.027495
16,82,348,2,10000,0.25,0.025122
16,82,349,2,10000,0.25,0.027891
16,82,350,3,10000,0.25,0.02565
16,82,351,2,10000,0.25,0.028623
16,82,352,3,10000,0.25,0.026283
16,82,353,3,10000,0.25,0.032194
16,82,354,3,10000,0.25,0.034135
16,82,355,2,10000,0.25,0.026165
16,82,356,3,10000,0.25,0.027527
16,82,357,3,10000,0.25,0.026265
16,82,358,2,10000,0.25,0.026826
16,82,359,3,10000,0.25,0.026912
16,82,360,3,10000,0.25,0.028545
16,82,361,3,10000,0.25,0.032854
16,82,362,2,10000,0.25,0.025567
16,82,363,3,10000,0.25,0.026634
16,82,364,3,10000,0.25,0.026422
16,82,365,2,10000,0.25,0.028547
16,82,366,5,10000,0.25,0.029427
16,82,367,3,10000,0.25,0.0291
16,82,368,3,10000,0.25,0.02823
16,82,369,3,10000,0.25,0.027278
16,82,370,2,10000,0.25,0.026264
16,82,371,3,10000,0.25,0.025848
16,82,372,3,10000,0.25,0.025797
16,82,373,2,10000,0.25,0.026836
16,82,374,2,10000,0.25,0.02724
16,82,375,2,10000,0.25,0.027913
16,82,376,2,10000,0.25,0.030718
16,82,377,2,10000,0.25,0.031047
16,82,378,3,10000,0.25,0.025713
16,82,379,3,10000,0.25,0.02843
16,82,380,2,10000,0.25,0.02953
16,82,381,4,10000,0.25,0.03568
16,82,382,3,10000,0.25,0.025337
16,82,383,2,10000,0.25,0.028633
16,82,384,2,10000,0.25,0.025998
16,82,385,2,10000,0.25,0.026285
16,82,386,3,10000,0.25,0.026892
16,82,387,2,10000,0.25,0.025237
16,82,388,3,10000,0.25,0.026082
16,82,389,2,10000,0.25,0.025773
16,82,390,3,10000,0.25,0.025713
16,82,391,3,10000,0.25,0.025905
16,82,392,3,10000,0.25,0.026523
16,82,393,4,10000,0.25,0.027182
16,82,394,2,10000,0.25,0.026393
16,82,395,2,10000,0.25,0.026046
16,82,396,4,10000,0.25,0.035045
16,82,397,2,10000,0.25,0.025512
16,82,398,2,10000,0.25,0.034831
16,82,399,2,10000,0.25,0.03395
16,82,400,3,10000,0.25,0.025758
16,86,1,3,10000,0.25,0.024359
16,86,2,3,10000,0.25,0.032516
16,86,3,4,10000,0.25,0.035509
16,86,4,3,10000,0.25,0.025758
16,86,5,3,10000,0.25,0.028533
16,86,6,4,10000,0.25,0.026807
16,86,7,4,10000,0.25,0.030079
16,86,8,4,10000,0.25,0.02593
16,86,9,4,10000,0.25,0.02684
16,86,10,4,10000,0.25,0.033986
16,86,11,4,10000,0.25,0.027521
16,86,12,3,10000,0.25,0.032047
16,86,13,3,10000,0.25,0.030975
16,86,14,4,10000,0.25,0.031981
16,86,15,3,10000,0.25,0.025862
16,86,16,4,10000,0.25,0.02657
16,86,17,2,10000,0.25,0.02571
16,86,18,3,10000,0.25,0.025992
16,86,19,3,10000,0.25,0.029177
16,86,20,3,10000,0.25,0.025926
16,86,21,3,10000,0.25,0.028455
16,86,22,2,10000,0.25,0.028724
16,86,23,3,10000,0.25,0.027736
16,86,24,2,10000,0.25,0.028971
16,86,25,3,10000,0.25,0.026766
16,86,26,4,10000,0.25,0.027238
16,86,27,4,10000,0.25,0.027176
16,86,28,2,10000,0.25,0.025281
16,86,29,4,10000,0.25,0.029803
16,86,30,4,10000,0.25,0.030874
16,86,31,4,10000,0.25,0.026585
16,86,32,3,10000,0.25,0.025783
16,86,33,4,10000,0.25,0.026125
16,86,34,3,10000,0.25,0.02682
16,86,35,2,10000,0.25,0.025959
16,86,36,2,10000,0.25,0.025352
16,86,37,4,10000,0.25,0.027194
16,86,38,3,10000,0.25,0.028465
16,86,39,3,10000,0.25,0.034223
16,86,40,4,10000,0.25,0.035613
16,86,41,4,10000,0.25,0.027967
16,86,42,3,10000,0.25,0.026546
16,86,43,3,10000,0.25,0.026717
16,86,44,4,10000,0.25,0.026418
16,86,45,4,10000,0.25,0.026582
16,86,46,3,10000,0.25,0.02923
16,86,47,4,10000,0.25,0.02739
16,86,48,3,10000,0.25,0.026635
16,86,49,3,10000,0.25,0.025585
16,86,50,3,10000,0.25,0.034489
16,86,51,4,10000,0.25,0.033481
16,86,52,3,10000,0.25,0.025734
16,86,53,4,10000,0.25,0.027115
16,86,54,3,10000,0.25,0.028938
16,86,55,4,10000,0.25,0.037121
16,86,56,4,10000,0.25,0.027122
16,86,57,4,10000,0.25,0.026634
16,86,58,4,10000,0.25,0.029021
16,86,59,4,10000,0.25,0.029777
16,86,60,5,10000,0.25,0.027457
16,86,61,5,10000,0.25,0.027323
16,86,62,4,10000,0.25,0.026309
16,86,63,4,10000,0.25,0.027483
16,86,64,2,10000,0.25,0.028648
16,86,65,3,10000,0.25,0.029085
16,86,66,4,10000,0.25,0.029194
16,86,67,3,10000,0.25,0.030173
16,86,68,3,10000,0.25,0.033704
16,86,69,2,10000,0.25,0.030064
16,86,70,4,10000,0.25,0.033398
16,86,71,3,10000,0.25,0.033451
16,86,72,4,10000,0.25,0.033774
16,86,73,3,10000,0.25,0.036033
16,86,74,4,10000,0.25,0.028093
16,86,75,4,10000,0.25,0.027068
16,86,76,5,10000,0.25,0.026401
16,86,77,4,10000,0.25,0.025223
16,86,78,3,10000,0.25,0.026619
16,86,79,4,10000,0.25,0.026849
16,86,80,3,10000,0.25,0.026933
16,86,81,3,10000,0.25,0.025763
16,86,82,3,10000,0.25,0.028853
16,86,83,6,10000,0.25,0.026772
16,86,84,4,10000,0.25,0.027019
16,86,85,4,10000,0.25,0.026367
16,86,86,3,10000,0.25,0.026715
16,86,87,4,10000,0.25,0.026943
16,86,88,4,10000,0.25,0.027163
16,86,89,4,10000,0.25,0.026731
16,86,90,4,10000,0.25,0.025162
16,86,91,2,10000,0.25,0.024255
16,86,92,3,10000,0.25,0.024578
16,86,93,3,10000,0.25,0.025263
16,86,94,4,10000,0.25,0.024989
16,86,95,4,10000,0.25,0.027412
16,86,96,3,10000,0.25,0.025652
16,86,97,4,10000,0.25,0.026478
16,86,98,3,10000,0.25,0.02749
16,86,99,2,10000,0.25,0.025571
16,86,100,4,10000,0.25,0.034396
16,86,101,3,10000,0.25,0.034392
16,86,102,3,10000,0.25,0.033398
16,86,103,4,10000,0.25,0.036266
16,86,104,4,10000,0.25,0.034382
16,86,105,2,10000,0.25,0.0328
16,86,106,4,10000,0.25,0.032329
16,86,107,5,10000,0.25,0.031392
16,86,108,3,10000,0.25,0.028614
16,86,109,3,10000,0.25,0.034364
16,86,110,2,10000,0.25,0.032758
16,86,111,3,10000,0.25,0.030251
16,86,112,3,10000,0.25,0.030744
16,86,113,4,10000,0.25,0.028851
16,86,114,3,10000,0.25,0.032724
16,86,115,4,10000,0.25,0.034107
16,86,116,3,10000,0.25,0.032756
16,86,117,4,10000,0.25,0.033384
16,86,118,3,10000,0.25,0.030927
16,86,119,3,10000,0.25,0.026261
16,86,120,3,10000,0.25,0.033723
16,86,121,3,10000,0.25,0.03364
16,86,122,2,10000,0.25,0.027472
16,86,123,3,10000,0.25,0.026253
16,86,124,4,10000,0.25,0.02936
16,86,125,4,10000,0.25,0.03036
16,86,126,2,10000,0.25,0.028184
16,86,127,4,10000,0.25,0.032202
16,86,128,2,10000,0.25,0.030246
16,86,129,4,10000,0.25,0.029159
16,86,130,4,10000,0.25,0.030367
16,86,131,4,10000,0.25,0.034106
16,86,132,3,10000,0.25,0.034898
16,86,133,3,10000,0.25,0.03488
16,86,134,2,10000,0.25,0.034007
16,86,135,4,10000,0.25,0.03129
16,86,136,3,10000,0.25,0.027677
16,86,137,4,10000,0.25,0.036484
16,86,138,4,10000,0.25,0.031342
16,86,139,4,10000,0.25,0.032123
16,86,140,3,10000,0.25,0.032404
16,86,141,4,10000,0.25,0.027149
16,86,142,4,10000,0.25,0.029327
16,86,143,4,10000,0.25,0.031807
16,86,144,5,10000,0.25,0.032996
16,86,145,4,10000,0.25,0.031385
16,86,146,4,10000,0.25,0.026565
16,86,147,3,10000,0.25,0.026212
16,86,148,4,10000,0.25,0.025977
16,86,149,3,10000,0.25,0.025119
16,86,150,4,10000,0.25,0.026679
16,86,151,4,10000,0.25,0.028952
16,86,152,3,10000,0.25,0.027556
16,86,153,4,10000,0.25,0.028645
16,86,154,4,10000,0.25,0.029172
16,86,155,4,10000,0.25,0.029619
16,86,156,3,10000,0.25,0.026009
16,86,157,4,10000,0.25,0.027597
16,86,158,4,10000,0.25,0.028717
16,86,159,4,10000,0.25,0.025946
16,86,160,4,10000,0.25,0.028624
16,86,161,4,10000,0.25,0.03165
16,86,162,2,10000,0.25,0.027204
16,86,163,4,10000,0.25,0.025512
16,86,164,3,10000,0.25,0.025121
16,86,165,4,10000,0.25,0.025195
16,86,166,3,10000,0.25,0.024963
16,86,167,4,10000,0.25,0.026954
16,86,168,3,10000,0.25,0.026125
16,86,169,5,10000,0.25,0.027683
16,86,170,2,10000,0.25,0.024601
16,86,171,5,10000,0.25,0.028032
16,86,172,4,10000,0.25,0.0295
16,86,173,4,10000,0.25,0.0269
16,86,174,3,10000,0.25,0.027835
16,86,175,2,10000,0.25,0.030175
16,86,176,4,10000,0.25,0.028584
16,86,177,3,10000,0.25,0.025631
16,86,178,4,10000,0.25,0.025797
16,86,179,3,10000,0.25,0.031396
16,86,180,2,10000,0.25,0.026851
16,86,181,3,10000,0.25,0.02573
16,86,182,3,10000,0.25,0.025123
16,86,183,4,10000,0.25,0.030688
16,86,184,2,10000,0.25,0.024785
16,86,185,3,10000,0.25,0.027826
16,86,186,3,10000,0.25,0.029801
16,86,187,3,10000,0.25,0.026548
16,86,188,4,10000,0.25,0.02857
16,86,189,3,10000,0.25,0.028226
16,86,190,4,10000,0.25,0.027134
16,86,191,3,10000,0.25,0.03163
16,86,192,3,10000,0.25,0.029904
16,86,193,3,10000,0.25,0.027294
16,86,194,4,10000,0.25,0.027016
16,86,195,3,10000,0.25,0.025184
16,86,196,2,10000,0.25,0.026255
16,86,197,2,10000,0.25,0.028455
16,86,198,4,10000,0.25,0.026907
16,86,199,5,10000,0.25,0.027783
16,86,200,3,10000,0.25,0.026067
16,86,201,3,10000,0.25,0.026649
16,86,202,3,10000,0.25,0.025709
16,86,203,4,10000,0.25,0.027809
16,86,204,4,10000,0.25,0.027345
16,86,205,2,10000,0.25,0.025239
16,86,206,3,10000,0.25,0.028675
16,86,207,4,10000,0.25,0.025824
16,86,208,4,10000,0.25,0.026263
16,86,209,4,10000,0.25,0.033278
16,86,210,3,10000,0.25,0.025579
16,86,211,2,10000,0.25,0.027438
16,86,212,3,10000,0.25,0.028256
16,86,213,5,10000,0.25,0.026482
16,86,214,4,10000,0.25,0.028911
16,86,215,3,10000,0.25,0.028618
16,86,216,4,10000,0.25,0.027585
16,86,217,3,10000,0.25,0.026808
16,86,218,3,10000,0.25,0.033135
16,86,219,3,10000,0.25,0.028458
16,86,220,3,10000,0.25,0.028666
16,86,221,3,10000,0.25,0.028854
16,86,222,3,10000,0.25,0.028122
16,86,223,3,10000,0.25,0.025862
16,86,224,4,10000,0.25,0.026272
16,86,225,2,10000,0.25,0.028468
16,86,226,3,10000,0.25,0.029132
16,86,227,2,10000,0.25,0.027118
16,86,228,4,10000,0.25,0.026513
16,86,229,3,10000,0.25,0.025229
16,86,230,3,10000,0.25,0.028347
16,86,231,2,10000,0.25,0.028812
16,86,232,3,10000,0.25,0.027342
16,86,233,3,10000,0.25,0.024355
16,86,234,4,10000,0.25,0.027683
16,86,235,4,10000,0.25,0.026032
16,86,236,3,10000,0.25,0.024744
16,86,237,3,10000,0.25,0.027175
16,86,238,4,10000,0.25,0.026215
16,86,239,4,10000,0.25,0.030239
16,86,240,3,10000,0.25,0.028744
16,86,241,4,10000,0.25,0.028204
16,86,242,4,10000,0.25,0.027264
16,86,243,4,10000,0.25,0.028264
16,86,244,2,10000,0.25,0.026085
16,86,245,3,10000,0.25,0.030291
16,86,246,4,10000,0.25,0.027573
16,86,247,3,10000,0.25,0.02621
16,86,248,4,10000,0.25,0.026389
16,86,249,3,10000,0.25,0.025796
16,86,250,4,10000,0.25,0.026856
16,86,251,3,10000,0.25,0.026214
16,86,252,4,10000,0.25,0.026632
16,86,253,3,10000,0.25,0.027176
16,86,254,4,10000,0.25,0.028736
16,86,255,2,10000,0.25,0.023895
16,86,256,3,10000,0.25,0.025997
16,86,257,2,10000,0.25,0.025519
16,86,258,2,10000,0.25,0.025998
16,86,259,3,10000,0.25,0.027412
16,86,260,4,10000,0.25,0.0282
16,86,261,3,10000,0.25,0.02917
16,86,262,3,10000,0.25,0.02805
16,86,263,4,10000,0.25,0.028256
16,86,264,2,10000,0.25,0.02537
16,86,265,4,10000,0.25,0.031892
16,86,266,5,10000,0.25,0.026645
16,86,267,4,10000,0.25,0.027841
16,86,268,4,10000,0.25,0.028336
16,86,269,2,10000,0.25,0.02644
16,86,270,3,10000,0.25,0.026604
16,86,271,4,10000,0.25,0.028567
16,86,272,4,10000,0.25,0.024345
16,86,273,3,10000,0.25,0.025791
16,86,274,3,10000,0.25,0.028363
16,86,275,3,10000,0.25,0.026804
16,86,276,5,10000,0.25,0.034035
16,86,277,3,10000,0.25,0.027689
16,86,278,4,10000,0.25,0.026774
16,86,279,2,10000,0.25,0.024997
16,86,280,3,10000,0.25,0.03252
16,86,281,3,10000,0.25,0.028293
16,86,282,4,10000,0.25,0.030676
16,86,283,4,10000,0.25,0.027917
16,86,284,4,10000,0.25,0.028299
16,86,285,3,10000,0.25,0.026842
16,86,286,4,10000,0.25,0.026105
16,86,287,3,10000,0.25,0.026378
16,86,288,4,10000,0.25,0.025287
16,86,289,2,10000,0.25,0.036727
16,86,290,4,10000,0.25,0.02471
16,86,291,4,10000,0.25,0.029319
16,86,292,3,10000,0.25,0.028549
16,86,293,3,10000,0.25,0.028995
16,86,294,2,10000,0.25,0.028117
16,86,295,3,10000,0.25,0.027868
16,86,296,4,10000,0.25,0.028417
16,86,297,2,10000,0.25,0.028704
16,86,298,3,10000,0.25,0.028664
16,86,299,3,10000,0.25,0.030406
16,86,300,3,10000,0.25,0.029098
16,86,301,3,10000,0.25,0.02696
16,86,302,3,10000,0.25,0.025727
16,86,303,4,10000,0.25,0.026413
16,86,304,2,10000,0.25,0.028533
16,86,305,4,10000,0.25,0.032247
16,86,306,3,10000,0.25,0.025755
16,86,307,3,10000,0.25,0.028073
16,86,308,4,10000,0.25,0.026742
16,86,309,3,10000,0.25,0.026749
16,86,310,3,10000,0.25,0.025958
16,86,311,4,10000,0.25,0.026417
16,86,312,3,10000,0.25,0.028484
16,86,313,3,10000,0.25,0.026049
16,86,314,4,10000,0.25,0.027847
16,86,315,4,10000,0.25,0.027234
16,86,316,3,10000,0.25,0.026083
16,86,317,2,10000,0.25,0.02527
16,86,318,3,10000,0.25,0.026967
16,86,319,3,10000,0.25,0.026949
16,86,320,4,10000,0.25,0.028821
16,86,321,4,10000,0.25,0.028264
16,86,322,4,10000,0.25,0.027558
16,86,323,3,10000,0.25,0.026184
16,86,324,3,10000,0.25,0.025374
16,86,325,3,10000,0.25,0.025888
16,86,326,3,10000,0.25,0.026149
16,86,327,3,10000,0.25,0.028943
16,86,328,4,10000,0.25,0.029672
16,86,329,4,10000,0.25,0.035705
16,86,330,3,10000,0.25,0.026068
16,86,331,3,10000,0.25,0.027967
16,86,332,5,10000,0.25,0.029365
16,86,333,3,10000,0.25,0.028261
16,86,334,3,10000,0.25,0.028095
16,86,335,4,10000,0.25,0.027469
16,86,336,4,10000,0.25,0.029017
16,86,337,4,10000,0.25,0.026984
16,86,338,4,10000,0.25,0.025984
16,86,339,4,10000,0.25,0.026251
16,86,340,4,10000,0.25,0.029456
16,86,341,3,10000,0.25,0.02547
16,86,342,3,10000,0.25,0.025503
16,86,343,2,10000,0.25,0.032716
16,86,344,3,10000,0.25,0.032178
16,86,345,4,10000,0.25,0.026109
16,86,346,3,10000,0.25,0.025216
16,86,347,3,10000,0.25,0.026211
16,86,348,4,10000,0.25,0.027881
16,86,349,3,10000,0.25,0.029015
16,86,350,3,10000,0.25,0.026728
16,86,351,4,10000,0.25,0.028242
16,86,352,3,10000,0.25,0.026796
16,86,353,3,10000,0.25,0.025483
16,86,354,2,10000,0.25,0.027015
16,86,355,2,10000,0.25,0.026312
16,86,356,1,10000,0.25,0.023714
16,86,357,4,10000,0.25,0.027538
16,86,358,3,10000,0.25,0.027005
16,86,359,5,10000,0.25,0.026928
16,86,360,3,10000,0.25,0.026764
16,86,361,4,10000,0.25,0.032978
16,86,362,4,10000,0.25,0.026158
16,86,363,2,10000,0.25,0.026407
16,86,364,3,10000,0.25,0.027468
16,86,365,4,10000,0.25,0.026755
16,86,366,4,10000,0.25,0.028215
16,86,367,3,10000,0.25,0.034117
16,86,368,4,10000,0.25,0.026877
16,86,369,4,10000,0.25,0.026584
16,86,370,4,10000,0.25,0.027127
16,86,371,4,10000,0.25,0.029303
16,86,372,2,10000,0.25,0.030082
16,86,373,3,10000,0.25,0.028266
16,86,374,4,10000,0.25,0.029239
16,86,375,4,10000,0.25,0.030055
16,86,376,4,10000,0.25,0.030948
16,86,377,4,10000,0.25,0.0307
16,86,378,3,10000,0.25,0.0263
16,86,379,4,10000,0.25,0.026296
16,86,380,3,10000,0.25,0.028546
16,86,381,3,10000,0.25,0.031607
16,86,382,2,10000,0.25,0.029067
16,86,383,4,10000,0.25,0.028762
16,86,384,4,10000,0.25,0.030697
16,86,385,4,10000,0.25,0.02852
16,86,386,4,10000,0.25,0.034635
16,86,387,3,10000,0.25,0.029577
16,86,388,3,10000,0.25,0.028302
16,86,389,3,10000,0.25,0.028542
16,86,390,3,10000,0.25,0.034216
16,86,391,3,10000,0.25,0.028182
16,86,392,2,10000,0.25,0.033175
16,86,393,4,10000,0.25,0.033616
16,86,394,4,10000,0.25,0.033262
16,86,395,5,10000,0.25,0.027278
16,86,396,4,10000,0.25,0.033816
16,86,397,3,10000,0.25,0.026351
16,86,398,3,10000,0.25,0.026835
16,86,399,3,10000,0.25,0.026539
16,86,400,3,10000,0.25,0.028443
16,89,1,4,10000,0.25,0.02511
16,89,2,5,10000,0.25,0.027225
16,89,3,4,10000,0.25,0.029732
16,89,4,5,10000,0.25,0.034823
16,89,5,4,10000,0.25,0.033626
16,89,6,5,10000,0.25,0.02607
16,89,7,4,10000,0.25,0.026131
16,89,8,4,10000,0.25,0.027705
16,89,9,4,10000,0.25,0.025165
16,89,10,4,10000,0.25,0.035951
16,89,11,4,10000,0.25,0.033016
16,89,12,4,10000,0.25,0.026487
16,89,13,3,10000,0.25,0.029198
16,89,14,4,10000,0.25,0.030955
16,89,15,4,10000,0.25,0.025645
16,89,16,3,10000,0.25,0.028835
16,89,17,4,10000,0.25,0.025776
16,89,18,3,10000,0.25,0.025019
16,89,19,4,10000,0.25,0.027179
16,89,20,3,10000,0.25,0.028153
16,89,21,3,10000,0.25,0.029696
16,89,22,4,10000,0.25,0.029347
16,89,23,4,10000,0.25,0.0265
16,89,24,3,10000,0.25,0.028583
16,89,25,4,10000,0.25,0.029923
16,89,26,5,10000,0.25,0.02835
16,89,27,4,10000,0.25,0.029454
16,89,28,4,10000,0.25,0.028087
16,89,29,3,10000,0.25,0.026972
16,89,30,4,10000,0.25,0.033777
16,89,31,3,10000,0.25,0.024819
16,89,32,4,10000,0.25,0.026494
16,89,33,4,10000,0.25,0.027542
16,89,34,5,10000,0.25,0.031416
16,89,35,3,10000,0.25,0.026424
16,89,36,4,10000,0.25,0.026724
16,89,37,5,10000,0.25,0.028683
16,89,38,5,10000,0.25,0.026744
16,89,39,4,10000,0.25,0.028647
16,89,40,5,10000,0.25,0.028122
16,89,41,5,10000,0.25,0.028516
16,89,42,4,10000,0.25,0.026882
16,89,43,4,10000,0.25,0.026651
16,89,44,3,10000,0.25,0.035358
16,89,45,4,10000,0.25,0.034941
16,89,46,4,10000,0.25,0.026516
16,89,47,3,10000,0.25,0.029813
16,89,48,5,10000,0.25,0.02887
16,89,49,4,10000,0.25,0.028108
16,89,50,4,10000,0.25,0.028516
16,89,51,3,10000,0.25,0.027435
16,89,52,5,10000,0.25,0.028107
16,89,53,4,10000,0.25,0.030419
16,89,54,4,10000,0.25,0.028464
16,89,55,5,10000,0.25,0.028138
16,89,56,5,10000,0.25,0.026212
16,89,57,4,10000,0.25,0.033314
16,89,58,3,10000,0.25,0.026935
16,89,59,5,10000,0.25,0.02725
16,89,60,3,10000,0.25,0.024768
16,89,61,4,10000,0.25,0.025887
16,89,62,5,10000,0.25,0.025481
16,89,63,4,10000,0.25,0.029147
16,89,64,4,10000,0.25,0.027249
16,89,65,4,10000,0.25,0.026375
16,89,66,3,10000,0.25,0.025852
16,89,67,4,10000,0.25,0.025566
16,89,68,4,10000,0.25,0.026199
16,89,69,4,10000,0.25,0.028226
16,89,70,3,10000,0.25,0.026278
16,89,71,4,10000,0.25,0.027661
16,89,72,4,10000,0.25,0.029743
16,89,73,5,10000,0.25,0.027692
16,89,74,4,10000,0.25,0.027206
16,89,75,3,10000,0.25,0.028696
16,89,76,3,10000,0.25,0.029152
16,89,77,6,10000,0.25,0.03012
16,89,78,4,10000,0.25,0.029227
16,89,79,4,10000,0.25,0.026139
16,89,80,5,10000,0.25,0.032815
16,89,81,3,10000,0.25,0.031303
16,89,82,5,10000,0.25,0.032487
16,89,83,4,10000,0.25,0.032399
16,89,84,5,10000,0.25,0.034678
16,89,85,3,10000,0.25,0.032243
16,89,86,4,10000,0.25,0.033663
16,89,87,4,10000,0.25,0.032737
16,89,88,4,10000,0.25,0.025337
16,89,89,3,10000,0.25,0.024888
16,89,90,3,10000,0.25,0.027513
16,89,91,4,10000,0.25,0.027198
16,89,92,3,10000,0.25,0.025721
16,89,93,4,10000,0.25,0.026357
16,89,94,3,10000,0.25,0.026817
16,89,95,4,10000,0.25,0.026754
16,89,96,5,10000,0.25,0.027862
16,89,97,5,10000,0.25,0.026613
16,89,98,4,10000,0.25,0.027337
16,89,99,3,10000,0.25,0.026296
16,89,100,3,10000,0.25,0.03326
16,89,101,3,10000,0.25,0.034236
16,89,102,4,10000,0.25,0.033664
16,89,103,3,10000,0.25,0.035127
16,89,104,3,10000,0.25,0.032617
16,89,105,5,10000,0.25,0.035509
16,89,106,4,10000,0.25,0.033851
16,89,107,4,10000,0.25,0.033327
16,89,108,4,10000,0.25,0.034114
16,89,109,4,10000,0.25,0.028475
16,89,110,5,10000,0.25,0.028303
16,89,111,3,10000,0.25,0.035348
16,89,112,5,10000,0.25,0.029272
16,89,113,3,10000,0.25,0.033042
16,89,114,5,10000,0.25,0.028741
16,89,115,4,10000,0.25,0.03448
16,89,116,5,10000,0.25,0.033728
16,89,117,3,10000,0.25,0.033617
16,89,118,4,10000,0.25,0.034089
16,89,119,6,10000,0.25,0.032091
16,89,120,5,10000,0.25,0.032593
16,89,121,4,10000,0.25,0.03349
16,89,122,3,10000,0.25,0.03533
16,89,123,4,10000,0.25,0.031534
16,89,124,3,10000,0.25,0.028247
16,89,125,4,10000,0.25,0.030232
16,89,126,5,10000,0.25,0.032153
16,89,127,3,10000,0.25,0.031368
16,89,128,5,10000,0.25,0.028354
16,89,129,4,10000,0.25,0.032351
16,89,130,3,10000,0.25,0.028465
16,89,131,3,10000,0.25,0.031944
16,89,132,4,10000,0.25,0.034656
16,89,133,4,10000,0.25,0.033618
16,89,134,3,10000,0.25,0.033807
16,89,135,3,10000,0.25,0.031821
16,89,136,4,10000,0.25,0.029194
16,89,137,4,10000,0.25,0.035211
16,89,138,3,10000,0.25,0.028424
16,89,139,4,10000,0.25,0.029447
16,89,140,4,10000,0.25,0.028741
16,89,141,4,10000,0.25,0.033512
16,89,142,3,10000,0.25,0.02612
16,89,143,5,10000,0.25,0.030506
16,89,144,3,10000,0.25,0.028087
16,89,145,4,10000,0.25,0.02801
16,89,146,4,10000,0.25,0.031813
16,89,147,5,10000,0.25,0.027323
16,89,148,5,10000,0.25,0.028311
16,89,149,4,10000,0.25,0.026789
16,89,150,4,10000,0.25,0.026706
16,89,151,4,10000,0.25,0.027606
16,89,152,3,10000,0.25,0.025534
16,89,153,4,10000,0.25,0.028593
16,89,154,4,10000,0.25,0.025835
16,89,155,5,10000,0.25,0.029961
16,89,156,3,10000,0.25,0.027627
16,89,157,2,10000,0.25,0.028291
16,89,158,5,10000,0.25,0.028006
16,89,159,3,10000,0.25,0.026611
16,89,160,4,10000,0.25,0.028789
16,89,161,4,10000,0.25,0.029726
16,89,162,3,10000,0.25,0.031155
16,89,163,3,10000,0.25,0.031789
16,89,164,4,10000,0.25,0.031146
16,89,165,5,10000,0.25,0.027568
16,89,166,3,10000,0.25,0.027557
16,89,167,4,10000,0.25,0.025868
16,89,168,4,10000,0.25,0.024768
16,89,169,5,10000,0.25,0.025957
16,89,170,3,10000,0.25,0.026043
16,89,171,4,10000,0.25,0.02722
16,89,172,4,10000,0.25,0.027527
16,89,173,4,10000,0.25,0.027431
16,89,174,5,10000,0.25,0.030274
16,89,175,4,10000,0.25,0.026475
16,89,176,5,10000,0.25,0.028227
16,89,177,3,10000,0.25,0.027959
16,89,178,3,10000,0.25,0.02792
16,89,179,5,10000,0.25,0.027411
16,89,180,3,10000,0.25,0.030225
16,89,181,4,10000,0.25,0.026204
16,89,182,3,10000,0.25,0.026557
16,89,183,5,10000,0.25,0.027102
16,89,184,4,10000,0.25,0.029102
16,89,185,4,10000,0.25,0.030249
16,89,186,4,10000,0.25,0.027413
16,89,187,5,10000,0.25,0.029523
16,89,188,4,10000,0.25,0.033375
16,89,189,5,10000,0.25,0.031742
16,89,190,4,10000,0.25,0.02702
16,89,191,4,10000,0.25,0.027569
16,89,192,5,10000,0.25,0.025926
16,89,193,4,10000,0.25,0.0333
16,89,194,4,10000,0.25,0.027076
16,89,195,4,10000,0.25,0.027443
16,89,196,3,10000,0.25,0.027058
16,89,197,5,10000,0.25,0.026961
16,89,198,4,10000,0.25,0.028123
16,89,199,3,10000,0.25,0.026967
16,89,200,5,10000,0.25,0.028068
16,89,201,5,10000,0.25,0.02664
16,89,202,3,10000,0.25,0.025305
16,89,203,4,10000,0.25,0.027644
16,89,204,3,10000,0.25,0.026532
16,89,205,4,10000,0.25,0.029141
16,89,206,4,10000,0.25,0.026547
16,89,207,3,10000,0.25,0.029346
16,89,208,3,10000,0.25,0.027018
16,89,209,5,10000,0.25,0.026891
16,89,210,4,10000,0.25,0.030182
16,89,211,4,10000,0.25,0.027108
16,89,212,4,10000,0.25,0.025598
16,89,213,4,10000,0.25,0.026747
16,89,214,4,10000,0.25,0.024918
16,89,215,5,10000,0.25,0.030134
16,89,216,4,10000,0.25,0.026988
16,89,217,4,10000,0.25,0.028344
16,89,218,4,10000,0.25,0.027988
16,89,219,4,10000,0.25,0.029923
16,89,220,4,10000,0.25,0.030797
16,89,221,3,10000,0.25,0.025701
16,89,222,4,10000,0.25,0.031616
16,89,223,4,10000,0.25,0.028572
16,89,224,4,10000,0.25,0.027337
16,89,225,5,10000,0.25,0.026553
16,89,226,4,10000,0.25,0.027457
16,89,227,5,10000,0.25,0.026644
16,89,228,5,10000,0.25,0.026967
16,89,229,4,10000,0.25,0.028091
16,89,230,3,10000,0.25,0.026941
16,89,231,4,10000,0.25,0.026872
16,89,232,4,10000,0.25,0.030949
16,89,233,4,10000,0.25,0.026554
16,89,234,5,10000,0.25,0.027967
16,89,235,3,10000,0.25,0.027858
16,89,236,4,10000,0.25,0.026657
16,89,237,4,10000,0.25,0.028084
16,89,238,4,10000,0.25,0.028257
16,89,239,4,10000,0.25,0.029607
16,89,240,2,10000,0.25,0.027213
16,89,241,4,10000,0.25,0.027199
16,89,242,4,10000,0.25,0.028494
16,89,243,4,10000,0.25,0.028256
16,89,244,3,10000,0.25,0.02823
16,89,245,4,10000,0.25,0.027632
16,89,246,5,10000,0.25,0.026716
16,89,247,5,10000,0.25,0.028843
16,89,248,4,10000,0.25,0.026743
16,89,249,4,10000,0.25,0.027625
16,89,250,4,10000,0.25,0.027363
16,89,251,4,10000,0.25,0.029757
16,89,252,5,10000,0.25,0.027369
16,89,253,4,10000,0.25,0.026904
16,89,254,4,10000,0.25,0.02576
16,89,255,5,10000,0.25,0.027156
16,89,256,4,10000,0.25,0.02488
16,89,257,4,10000,0.25,0.02608
16,89,258,4,10000,0.25,0.0316
16,89,259,4,10000,0.25,0.02659
16,89,260,5,10000,0.25,0.027946
16,89,261,4,10000,0.25,0.028907
16,89,262,5,10000,0.25,0.031772
16,89,263,4,10000,0.25,0.031524
16,89,264,5,10000,0.25,0.030993
16,89,265,4,10000,0.25,0.029702
16,89,266,4,10000,0.25,0.03006
16,89,267,4,10000,0.25,0.027671
16,89,268,4,10000,0.25,0.028528
16,89,269,5,10000,0.25,0.028649
16,89,270,4,10000,0.25,0.02841
16,89,271,3,10000,0.25,0.036602
16,89,272,4,10000,0.25,0.0341
16,89,273,5,10000,0.25,0.027774
16,89,274,2,10000,0.25,0.028587
16,89,275,4,10000,0.25,0.026565
16,89,276,5,10000,0.25,0.026312
16,89,277,4,10000,0.25,0.03199
16,89,278,4,10000,0.25,0.027981
16,89,279,5,10000,0.25,0.026554
16,89,280,5,10000,0.25,0.034461
16,89,281,4,10000,0.25,0.029907
16,89,282,5,10000,0.25,0.031087
16,89,283,5,10000,0.25,0.031237
16,89,284,5,10000,0.25,0.031935
16,89,285,3,10000,0.25,0.026077
16,89,286,4,10000,0.25,0.030876
16,89,287,4,10000,0.25,0.027077
16,89,288,3,10000,0.25,0.025542
16,89,289,3,10000,0.25,0.032906
16,89,290,3,10000,0.25,0.025921
16,89,291,4,10000,0.25,0.026915
16,89,292,4,10000,0.25,0.029029
16,89,293,3,10000,0.25,0.027001
16,89,294,3,10000,0.25,0.026582
16,89,295,4,10000,0.25,0.027434
16,89,296,5,10000,0.25,0.029592
16,89,297,4,10000,0.25,0.028228
16,89,298,3,10000,0.25,0.030266
16,89,299,4,10000,0.25,0.028485
16,89,300,3,10000,0.25,0.031661
16,89,301,4,10000,0.25,0.0265
16,89,302,4,10000,0.25,0.028646
16,89,303,5,10000,0.25,0.029202
16,89,304,5,10000,0.25,0.028866
16,89,305,4,10000,0.25,0.028376
16,89,306,4,10000,0.25,0.027197
16,89,307,5,10000,0.25,0.02931
16,89,308,4,10000,0.25,0.031329
16,89,309,5,10000,0.25,0.026677
16,89,310,5,10000,0.25,0.026894
16,89,311,5,10000,0.25,0.027562
16,89,312,4,10000,0.25,0.030693
16,89,313,4,10000,0.25,0.02795
16,89,314,4,10000,0.25,0.027118
16,89,315,5,10000,0.25,0.02992
16,89,316,3,10000,0.25,0.02672
16,89,317,2,10000,0.25,0.028808
16,89,318,3,10000,0.25,0.029202
16,89,319,5,10000,0.25,0.027656
16,89,320,3,10000,0.25,0.026492
16,89,321,4,10000,0.25,0.029558
16,89,322,4,10000,0.25,0.027298
16,89,323,3,10000,0.25,0.034785
16,89,324,4,10000,0.25,0.029889
16,89,325,4,10000,0.25,0.028798
16,89,326,4,10000,0.25,0.029282
16,89,327,3,10000,0.25,0.026832
16,89,328,5,10000,0.25,0.02705
16,89,329,3,10000,0.25,0.025871
16,89,330,4,10000,0.25,0.029086
16,89,331,4,10000,0.25,0.026204
16,89,332,4,10000,0.25,0.028088
16,89,333,3,10000,0.25,0.026834
16,89,334,5,10000,0.25,0.028165
16,89,335,3,10000,0.25,0.029454
16,89,336,4,10000,0.25,0.033909
16,89,337,4,10000,0.25,0.028829
16,89,338,3,10000,0.25,0.026122
16,89,339,3,10000,0.25,0.033523
16,89,340,5,10000,0.25,0.02994
16,89,341,4,10000,0.25,0.029707
16,89,342,4,10000,0.25,0.026995
16,89,343,5,10000,0.25,0.026588
16,89,344,3,10000,0.25,0.026277
16,89,345,3,10000,0.25,0.028937
16,89,346,3,10000,0.25,0.029279
16,89,347,4,10000,0.25,0.026918
16,89,348,4,10000,0.25,0.027952
16,89,349,4,10000,0.25,0.032764
16,89,350,5,10000,0.25,0.02676
16,89,351,4,10000,0.25,0.027945
16,89,352,5,10000,0.25,0.027108
16,89,353,4,10000,0.25,0.028396
16,89,354,2,10000,0.25,0.025819
16,89,355,4,10000,0.25,0.027723
16,89,356,4,10000,0.25,0.027341
16,89,357,3,10000,0.25,0.027782
16,89,358,5,10000,0.25,0.028442
16,89,359,4,10000,0.25,0.027016
16,89,360,3,10000,0.25,0.024508
16,89,361,5,10000,0.25,0.028743
16,89,362,3,10000,0.25,0.028641
16,89,363,5,10000,0.25,0.027097
16,89,364,4,10000,0.25,0.028276
16,89,365,5,10000,0.25,0.027945
16,89,366,5,10000,0.25,0.030332
16,89,367,4,10000,0.25,0.027914
16,89,368,4,10000,0.25,0.029757
16,89,369,3,10000,0.25,0.030824
16,89,370,4,10000,0.25,0.026835
16,89,371,4,10000,0.25,0.028127
16,89,372,4,10000,0.25,0.027479
16,89,373,3,10000,0.25,0.027278
16,89,374,4,10000,0.25,0.027866
16,89,375,4,10000,0.25,0.027051
16,89,376,4,10000,0.25,0.031913
16,89,377,3,10000,0.25,0.027514
16,89,378,5,10000,0.25,0.03119
16,89,379,4,10000,0.25,0.02667
16,89,380,4,10000,0.25,0.029278
16,89,381,3,10000,0.25,0.025342
16,89,382,5,10000,0.25,0.029685
16,89,383,4,10000,0.25,0.029376
16,89,384,4,10000,0.25,0.027782
16,89,385,3,10000,0.25,0.028714
16,89,386,5,10000,0.25,0.028608
16,89,387,4,10000,0.25,0.026185
16,89,388,4,10000,0.25,0.027738
16,89,389,4,10000,0.25,0.027642
16,89,390,4,10000,0.25,0.027389
16,89,391,3,10000,0.25,0.025875
16,89,392,3,10000,0.25,0.02714
16,89,393,3,10000,0.25,0.02683
16,89,394,3,10000,0.25,0.027038
16,89,395,3,10000,0.25,0.038071
16,89,396,3,10000,0.25,0.02693
16,89,397,5,10000,0.25,0.035184
16,89,398,4,10000,0.25,0.033438
16,89,399,4,10000,0.25,0.031705
16,89,400,4,10000,0.25,0.027242
16,92,1,5,10000,0.25,0.025917
16,92,2,5,10000,0.25,0.029215
16,92,3,6,10000,0.25,0.027728
16,92,4,4,10000,0.25,0.026062
16,92,5,5,10000,0.25,0.026051
16,92,6,4,10000,0.25,0.027808
16,92,7,4,10000,0.25,0.025457
16,92,8,5,10000,0.25,0.030216
16,92,9,5,10000,0.25,0.027774
16,92,10,5,10000,0.25,0.036955
16,92,11,5,10000,0.25,0.034039
16,92,12,4,10000,0.25,0.029772
16,92,13,5,10000,0.25,0.032972
16,92,14,5,10000,0.25,0.030436
16,92,15,4,10000,0.25,0.025658
16,92,16,5,10000,0.25,0.026521
16,92,17,5,10000,0.25,0.025836
16,92,18,4,10000,0.25,0.025558
16,92,19,5,10000,0.25,0.028462
16,92,20,5,10000,0.25,0.028162
16,92,21,4,10000,0.25,0.027627
16,92,22,4,10000,0.25,0.032452
16,92,23,4,10000,0.25,0.029607
16,92,24,5,10000,0.25,0.02703
16,92,25,4,10000,0.25,0.02697
16,92,26,5,10000,0.25,0.028949
16,92,27,5,10000,0.25,0.033986
16,92,28,5,10000,0.25,0.027432
16,92,29,5,10000,0.25,0.028167
16,92,30,4,10000,0.25,0.029156
16,92,31,2,10000,0.25,0.026366
16,92,32,5,10000,0.25,0.029973
16,92,33,4,10000,0.25,0.027606
16,92,34,5,10000,0.25,0.030277
16,92,35,5,10000,0.25,0.027611
16,92,36,4,10000,0.25,0.027903
16,92,37,5,10000,0.25,0.026696
16,92,38,5,10000,0.25,0.035081
16,92,39,4,10000,0.25,0.030018
16,92,40,5,10000,0.25,0.025902
16,92,41,5,10000,0.25,0.026563
16,92,42,5,10000,0.25,0.025883
16,92,43,4,10000,0.25,0.025054
16,92,44,5,10000,0.25,0.026032
16,92,45,5,10000,0.25,0.025536
16,92,46,4,10000,0.25,0.027014
16,92,47,5,10000,0.25,0.025135
16,92,48,4,10000,0.25,0.026019
16,92,49,5,10000,0.25,0.026179
16,92,50,5,10000,0.25,0.028328
16,92,51,5,10000,0.25,0.027016
16,92,52,6,10000,0.25,0.034377
16,92,53,4,10000,0.25,0.034552
16,92,54,4,10000,0.25,0.034624
16,92,55,5,10000,0.25,0.036986
16,92,56,5,10000,0.25,0.027171
16,92,57,5,10000,0.25,0.028496
16,92,58,5,10000,0.25,0.030708
16,92,59,4,10000,0.25,0.031727
16,92,60,6,10000,0.25,0.033978
16,92,61,4,10000,0.25,0.028494
16,92,62,5,10000,0.25,0.029524
16,92,63,6,10000,0.25,0.030195
16,92,64,6,10000,0.25,0.034886
16,92,65,5,10000,0.25,0.027447
16,92,66,5,10000,0.25,0.025908
16,92,67,4,10000,0.25,0.026949
16,92,68,4,10000,0.25,0.027107
16,92,69,4,10000,0.25,0.026854
16,92,70,5,10000,0.25,0.033656
16,92,71,4,10000,0.25,0.030201
16,92,72,6,10000,0.25,0.029133
16,92,73,5,10000,0.25,0.027812
16,92,74,4,10000,0.25,0.030115
16,92,75,4,10000,0.25,0.026612
16,92,76,5,10000,0.25,0.027968
16,92,77,4,10000,0.25,0.027357
16,92,78,5,10000,0.25,0.028639
16,92,79,4,10000,0.25,0.028953
16,92,80,4,10000,0.25,0.029104
16,92,81,5,10000,0.25,0.03285
16,92,82,5,10000,0.25,0.034433
16,92,83,4,10000,0.25,0.030225
16,92,84,5,10000,0.25,0.03164
16,92,85,4,10000,0.25,0.035756
16,92,86,3,10000,0.25,0.031606
16,92,87,5,10000,0.25,0.034623
16,92,88,5,10000,0.25,0.02792
16,92,89,5,10000,0.25,0.027692
16,92,90,5,10000,0.25,0.027494
16,92,91,4,10000,0.25,0.027779
16,92,92,5,10000,0.25,0.027517
16,92,93,4,10000,0.25,0.026656
16,92,94,4,10000,0.25,0.025648
16,92,95,5,10000,0.25,0.026903
16,92,96,4,10000,0.25,0.025048
16,92,97,4,10000,0.25,0.025778
16,92,98,5,10000,0.25,0.026079
16,92,99,5,10000,0.25,0.025312
16,92,100,4,10000,0.25,0.035161
16,92,101,5,10000,0.25,0.034159
16,92,102,6,10000,0.25,0.035507
16,92,103,4,10000,0.25,0.034054
16,92,104,5,10000,0.25,0.034111
16,92,105,5,10000,0.25,0.034429
16,92,106,5,10000,0.25,0.035264
16,92,107,4,10000,0.25,0.033964
16,92,108,5,10000,0.25,0.035791
16,92,109,3,10000,0.25,0.028407
16,92,110,5,10000,0.25,0.026736
16,92,111,6,10000,0.25,0.035046
16,92,112,5,10000,0.25,0.0297
16,92,113,5,10000,0.25,0.035376
16,92,114,4,10000,0.25,0.027418
16,92,115,4,10000,0.25,0.035362
16,92,116,5,10000,0.25,0.033307
16,92,117,4,10000,0.25,0.035415
16,92,118,4,10000,0.25,0.035175
16,92,119,5,10000,0.25,0.029911
16,92,120,4,10000,0.25,0.029564
16,92,121,4,10000,0.25,0.034625
16,92,122,5,10000,0.25,0.036024
16,92,123,5,10000,0.25,0.031923
16,92,124,5,10000,0.25,0.030889
16,92,125,4,10000,0.25,0.029343
16,92,126,4,10000,0.25,0.032874
16,92,127,5,10000,0.25,0.031674
16,92,128,6,10000,0.25,0.033114
16,92,129,5,10000,0.25,0.034001
16,92,130,3,10000,0.25,0.029742
16,92,131,4,10000,0.25,0.034643
16,92,132,5,10000,0.25,0.034707
16,92,133,5,10000,0.25,0.035117
16,92,134,5,10000,0.25,0.036329
16,92,135,3,10000,0.25,0.031078
16,92,136,4,10000,0.25,0.027289
16,92,137,5,10000,0.25,0.034543
16,92,138,5,10000,0.25,0.034692
16,92,139,5,10000,0.25,0.032067
16,92,140,5,10000,0.25,0.034131
16,92,141,4,10000,0.25,0.028251
16,92,142,4,10000,0.25,0.028808
16,92,143,4,10000,0.25,0.0317
16,92,144,4,10000,0.25,0.03152
16,92,145,5,10000,0.25,0.029767
16,92,146,5,10000,0.25,0.026638
16,92,147,4,10000,0.25,0.02669
16,92,148,4,10000,0.25,0.027026
16,92,149,4,10000,0.25,0.02482
16,92,150,4,10000,0.25,0.02965
16,92,151,4,10000,0.25,0.028349
16,92,152,5,10000,0.25,0.028206
16,92,153,4,10000,0.25,0.028776
16,92,154,4,10000,0.25,0.027191
16,92,155,5,10000,0.25,0.027501
16,92,156,4,10000,0.25,0.026624
16,92,157,5,10000,0.25,0.026572
16,92,158,5,10000,0.25,0.025505
16,92,159,5,10000,0.25,0.027623
16,92,160,3,10000,0.25,0.025154
16,92,161,5,10000,0.25,0.030273
16,92,162,4,10000,0.25,0.032279
16,92,163,5,10000,0.25,0.025634
16,92,164,4,10000,0.25,0.028846
16,92,165,3,10000,0.25,0.02661
16,92,166,4,10000,0.25,0.02704
16,92,167,5,10000,0.25,0.026287
16,92,168,4,10000,0.25,0.027038
16,92,169,4,10000,0.25,0.026186
16,92,170,5,10000,0.25,0.028503
16,92,171,6,10000,0.25,0.02851
16,92,172,5,10000,0.25,0.026416
16,92,173,4,10000,0.25,0.026223
16,92,174,6,10000,0.25,0.028869
16,92,175,6,10000,0.25,0.027439
16,92,176,5,10000,0.25,0.027135
16,92,177,5,10000,0.25,0.030377
16,92,178,5,10000,0.25,0.028795
16,92,179,4,10000,0.25,0.025296
16,92,180,5,10000,0.25,0.030574
16,92,181,4,10000,0.25,0.027235
16,92,182,5,10000,0.25,0.026877
16,92,183,4,10000,0.25,0.027961
16,92,184,5,10000,0.25,0.02982
16,92,185,4,10000,0.25,0.031658
16,92,186,5,10000,0.25,0.027704
16,92,187,5,10000,0.25,0.030605
16,92,188,4,10000,0.25,0.035791
16,92,189,5,10000,0.25,0.035721
16,92,190,5,10000,0.25,0.03104
16,92,191,5,10000,0.25,0.027123
16,92,192,5,10000,0.25,0.032192
16,92,193,6,10000,0.25,0.033424
16,92,194,3,10000,0.25,0.027124
16,92,195,4,10000,0.25,0.029145
16,92,196,5,10000,0.25,0.028162
16,92,197,5,10000,0.25,0.028103
16,92,198,5,10000,0.25,0.028367
16,92,199,6,10000,0.25,0.028163
16,92,200,4,10000,0.25,0.029296
16,92,201,5,10000,0.25,0.027214
16,92,202,5,10000,0.25,0.025652
16,92,203,5,10000,0.25,0.027353
16,92,204,4,10000,0.25,0.028296
16,92,205,5,10000,0.25,0.028264
16,92,206,5,10000,0.25,0.028249
16,92,207,3,10000,0.25,0.026272
16,92,208,4,10000,0.25,0.02871
16,92,209,5,10000,0.25,0.025649
16,92,210,6,10000,0.25,0.03097
16,92,211,3,10000,0.25,0.029331
16,92,212,4,10000,0.25,0.029782
16,92,213,5,10000,0.25,0.027612
16,92,214,4,10000,0.25,0.025414
16,92,215,4,10000,0.25,0.029271
16,92,216,4,10000,0.25,0.032019
16,92,217,5,10000,0.25,0.032902
16,92,218,5,10000,0.25,0.027794
16,92,219,5,10000,0.25,0.034071
16,92,220,4,10000,0.25,0.031151
16,92,221,5,10000,0.25,0.027372
16,92,222,4,10000,0.25,0.02809
16,92,223,5,10000,0.25,0.02995
16,92,224,4,10000,0.25,0.027666
16,92,225,5,10000,0.25,0.030156
16,92,226,5,10000,0.25,0.031355
16,92,227,4,10000,0.25,0.02641
16,92,228,5,10000,0.25,0.027388
16,92,229,5,10000,0.25,0.027738
16,92,230,5,10000,0.25,0.02815
16,92,231,5,10000,0.25,0.036137
16,92,232,5,10000,0.25,0.026516
16,92,233,5,10000,0.25,0.027891
16,92,234,5,10000,0.25,0.02731
16,92,235,5,10000,0.25,0.026065
16,92,236,5,10000,0.25,0.028323
16,92,237,5,10000,0.25,0.028153
16,92,238,5,10000,0.25,0.028145
16,92,239,6,10000,0.25,0.028759
16,92,240,5,10000,0.25,0.028245
16,92,241,5,10000,0.25,0.02917
16,92,242,6,10000,0.25,0.027353
16,92,243,6,10000,0.25,0.027911
16,92,244,6,10000,0.25,0.027037
16,92,245,5,10000,0.25,0.030135
16,92,246,5,10000,0.25,0.029726
16,92,247,5,10000,0.25,0.029827
16,92,248,5,10000,0.25,0.029829
16,92,249,4,10000,0.25,0.026656
16,92,250,5,10000,0.25,0.027461
16,92,251,6,10000,0.25,0.030198
16,92,252,5,10000,0.25,0.027899
16,92,253,4,10000,0.25,0.027139
16,92,254,6,10000,0.25,0.030033
16,92,255,5,10000,0.25,0.026303
16,92,256,5,10000,0.25,0.02639
16,92,257,4,10000,0.25,0.027256
16,92,258,4,10000,0.25,0.029147
16,92,259,5,10000,0.25,0.03205
16,92,260,5,10000,0.25,0.028233
16,92,261,5,10000,0.25,0.030118
16,92,262,6,10000,0.25,0.028261
16,92,263,5,10000,0.25,0.027965
16,92,264,4,10000,0.25,0.033444
16,92,265,4,10000,0.25,0.027379
16,92,266,4,10000,0.25,0.026816
16,92,267,5,10000,0.25,0.03008
16,92,268,6,10000,0.25,0.030997
16,92,269,3,10000,0.25,0.02793
16,92,270,4,10000,0.25,0.026863
16,92,271,5,10000,0.25,0.02802
16,92,272,4,10000,0.25,0.026959
16,92,273,4,10000,0.25,0.028361
16,92,274,3,10000,0.25,0.02476
16,92,275,6,10000,0.25,0.031271
16,92,276,5,10000,0.25,0.03112
16,92,277,5,10000,0.25,0.028856
16,92,278,4,10000,0.25,0.027174
16,92,279,6,10000,0.25,0.034634
16,92,280,5,10000,0.25,0.028195
16,92,281,4,10000,0.25,0.028763
16,92,282,3,10000,0.25,0.026807
16,92,283,6,10000,0.25,0.03044
16,92,284,5,10000,0.25,0.027712
16,92,285,4,10000,0.25,0.025343
16,92,286,5,10000,0.25,0.03059
16,92,287,4,10000,0.25,0.026295
16,92,288,4,10000,0.25,0.03635
16,92,289,4,10000,0.25,0.027899
16,92,290,5,10000,0.25,0.027242
16,92,291,4,10000,0.25,0.028246
16,92,292,5,10000,0.25,0.029315
16,92,293,5,10000,0.25,0.028846
16,92,294,5,10000,0.25,0.028885
16,92,295,4,10000,0.25,0.029304
16,92,296,4,10000,0.25,0.030177
16,92,297,5,10000,0.25,0.032093
16,92,298,5,10000,0.25,0.032048
16,92,299,4,10000,0.25,0.030191
16,92,300,4,10000,0.25,0.027071
16,92,301,4,10000,0.25,0.025372
16,92,302,6,10000,0.25,0.02625
16,92,303,4,10000,0.25,0.027459
16,92,304,4,10000,0.25,0.034543
16,92,305,5,10000,0.25,0.027798
16,92,306,3,10000,0.25,0.026599
16,92,307,5,10000,0.25,0.027268
16,92,308,4,10000,0.25,0.02909
16,92,309,5,10000,0.25,0.029548
16,92,310,3,10000,0.25,0.029657
16,92,311,5,10000,0.25,0.031862
16,92,312,4,10000,0.25,0.028001
16,92,313,4,10000,0.25,0.026803
16,92,314,5,10000,0.25,0.027815
16,92,315,4,10000,0.25,0.029768
16,92,316,4,10000,0.25,0.02866
16,92,317,5,10000,0.25,0.026674
16,92,318,5,10000,0.25,0.027702
16,92,319,4,10000,0.25,0.026852
16,92,320,5,10000,0.25,0.027463
16,92,321,5,10000,0.25,0.030043
16,92,322,3,10000,0.25,0.026591
16,92,323,5,10000,0.25,0.027598
16,92,324,4,10000,0.25,0.028045
16,92,325,5,10000,0.25,0.030497
16,92,326,4,10000,0.25,0.025648
16,92,327,4,10000,0.25,0.02661
16,92,328,4,10000,0.25,0.025398
16,92,329,5,10000,0.25,0.029491
16,92,330,5,10000,0.25,0.02815
16,92,331,4,10000,0.25,0.02771
16,92,332,3,10000,0.25,0.026831
16,92,333,5,10000,0.25,0.030229
16,92,334,5,10000,0.25,0.027161
16,92,335,5,10000,0.25,0.0278
16,92,336,4,10000,0.25,0.02955
16,92,337,4,10000,0.25,0.027174
16,92,338,5,10000,0.25,0.027815
16,92,339,4,10000,0.25,0.030254
16,92,340,4,10000,0.25,0.033717
16,92,341,4,10000,0.25,0.026058
16,92,342,5,10000,0.25,0.027855
16,92,343,3,10000,0.25,0.030845
16,92,344,5,10000,0.25,0.030973
16,92,345,5,10000,0.25,0.029122
16,92,346,4,10000,0.25,0.029484
16,92,347,3,10000,0.25,0.027541
16,92,348,4,10000,0.25,0.026967
16,92,349,3,10000,0.25,0.028839
16,92,350,5,10000,0.25,0.02696
16,92,351,6,10000,0.25,0.028426
16,92,352,4,10000,0.25,0.026427
16,92,353,6,10000,0.25,0.029864
16,92,354,5,10000,0.25,0.0294
16,92,355,5,10000,0.25,0.027332
16,92,356,4,10000,0.25,0.026108
16,92,357,4,10000,0.25,0.026288
16,92,358,5,10000,0.25,0.028286
16,92,359,3,10000,0.25,0.035999
16,92,360,5,10000,0.25,0.03044
16,92,361,5,10000,0.25,0.028286
16,92,362,5,10000,0.25,0.02703
16,92,363,5,10000,0.25,0.028282
16,92,364,5,10000,0.25,0.027233
16,92,365,5,10000,0.25,0.029169
16,92,366,6,10000,0.25,0.026761
16,92,367,3,10000,0.25,0.0273
16,92,368,4,10000,0.25,0.027644
16,92,369,4,10000,0.25,0.029728
16,92,370,4,10000,0.25,0.030185
16,92,371,5,10000,0.25,0.029716
16,92,372,4,10000,0.25,0.027675
16,92,373,5,10000,0.25,0.027501
16,92,374,5,10000,0.25,0.029947
16,92,375,5,10000,0.25,0.02858
16,92,376,4,10000,0.25,0.028132
16,92,377,4,10000,0.25,0.028197
16,92,378,5,10000,0.25,0.026728
16,92,379,5,10000,0.25,0.02702
16,92,380,5,10000,0.25,0.027352
16,92,381,4,10000,0.25,0.02918
16,92,382,4,10000,0.25,0.029266
16,92,383,5,10000,0.25,0.033097
16,92,384,5,10000,0.25,0.028076
16,92,385,5,10000,0.25,0.02737
16,92,386,6,10000,0.25,0.027741
16,92,387,6,10000,0.25,0.028578
16,92,388,3,10000,0.25,0.028757
16,92,389,4,10000,0.25,0.0341
16,92,390,5,10000,0.25,0.028695
16,92,391,5,10000,0.25,0.028642
16,92,392,5,10000,0.25,0.031464
16,92,393,5,10000,0.25,0.027564
16,92,394,5,10000,0.25,0.027915
16,92,395,5,10000,0.25,0.029031
16,92,396,5,10000,0.25,0.026718
16,92,397,5,10000,0.25,0.028157
16,92,398,4,10000,0.25,0.027437
16,92,399,5,10000,0.25,0.027349
16,92,400,5,10000,0.25,0.02731
16,95,1,5,10000,0.25,0.027071
16,95,2,5,10000,0.25,0.027207
16,95,3,6,10000,0.25,0.030401
16,95,4,6,10000,0.25,0.030725
16,95,5,5,10000,0.25,0.027406
16,95,6,5,10000,0.25,0.027659
16,95,7,5,10000,0.25,0.027258
16,95,8,6,10000,0.25,0.03529
16,95,9,4,10000,0.25,0.026719
16,95,10,5,10000,0.25,0.037202
16,95,11,4,10000,0.25,0.034877
16,95,12,5,10000,0.25,0.034775
16,95,13,6,10000,0.25,0.033636
16,95,14,4,10000,0.25,0.025602
16,95,15,6,10000,0.25,0.030324
16,95,16,5,10000,0.25,0.028082
16,95,17,6,10000,0.25,0.027739
16,95,18,5,10000,0.25,0.025438
16,95,19,6,10000,0.25,0.031261
16,95,20,5,10000,0.25,0.032383
16,95,21,4,10000,0.25,0.027077
16,95,22,5,10000,0.25,0.030015
16,95,23,5,10000,0.25,0.031707
16,95,24,6,10000,0.25,0.028745
16,95,25,5,10000,0.25,0.026657
16,95,26,6,10000,0.25,0.03075
16,95,27,4,10000,0.25,0.02886
16,95,28,6,10000,0.25,0.027529
16,95,29,6,10000,0.25,0.03361
16,95,30,6,10000,0.25,0.031261
16,95,31,5,10000,0.25,0.030641
16,95,32,6,10000,0.25,0.027871
16,95,33,6,10000,0.25,0.036402
16,95,34,6,10000,0.25,0.030147
16,95,35,6,10000,0.25,0.028686
16,95,36,6,10000,0.25,0.033082
16,95,37,6,10000,0.25,0.031394
16,95,38,5,10000,0.25,0.032217
16,95,39,5,10000,0.25,0.028939
16,95,40,5,10000,0.25,0.029963
16,95,41,5,10000,0.25,0.032324
16,95,42,5,10000,0.25,0.036503
16,95,43,4,10000,0.25,0.035057
16,95,44,6,10000,0.25,0.035664
16,95,45,6,10000,0.25,0.033437
16,95,46,6,10000,0.25,0.038397
16,95,47,5,10000,0.25,0.037267
16,95,48,6,10000,0.25,0.02899
16,95,49,4,10000,0.25,0.026935
16,95,50,6,10000,0.25,0.028408
16,95,51,5,10000,0.25,0.027103
16,95,52,6,10000,0.25,0.029355
16,95,53,4,10000,0.25,0.027922
16,95,54,6,10000,0.25,0.028235
16,95,55,5,10000,0.25,0.028153
16,95,56,5,10000,0.25,0.026849
16,95,57,6,10000,0.25,0.028678
16,95,58,6,10000,0.25,0.030308
16,95,59,5,10000,0.25,0.026579
16,95,60,6,10000,0.25,0.032974
16,95,61,6,10000,0.25,0.029162
16,95,62,5,10000,0.25,0.026885
16,95,63,6,10000,0.25,0.027712
16,95,64,5,10000,0.25,0.028988
16,95,65,6,10000,0.25,0.028083
16,95,66,5,10000,0.25,0.029579
16,95,67,6,10000,0.25,0.027552
16,95,68,6,10000,0.25,0.029176
16,95,69,5,10000,0.25,0.027077
16,95,70,6,10000,0.25,0.027952
16,95,71,6,10000,0.25,0.027055
16,95,72,5,10000,0.25,0.030435
16,95,73,5,10000,0.25,0.026838
16,95,74,5,10000,0.25,0.02623
16,95,75,6,10000,0.25,0.028415
16,95,76,6,10000,0.25,0.027936
16,95,77,4,10000,0.25,0.026092
16,95,78,5,10000,0.25,0.033557
16,95,79,5,10000,0.25,0.032202
16,95,80,5,10000,0.25,0.035581
16,95,81,5,10000,0.25,0.033956
16,95,82,6,10000,0.25,0.030315
16,95,83,6,10000,0.25,0.028868
16,95,84,5,10000,0.25,0.026574
16,95,85,6,10000,0.25,0.027613
16,95,86,5,10000,0.25,0.033803
16,95,87,5,10000,0.25,0.027399
16,95,88,5,10000,0.25,0.025279
16,95,89,5,10000,0.25,0.028359
16,95,90,5,10000,0.25,0.026294
16,95,91,5,10000,0.25,0.02882
16,95,92,5,10000,0.25,0.027458
16,95,93,5,10000,0.25,0.026396
16,95,94,6,10000,0.25,0.027605
16,95,95,5,10000,0.25,0.028448
16,95,96,6,10000,0.25,0.027678
16,95,97,5,10000,0.25,0.029636
16,95,98,5,10000,0.25,0.026342
16,95,99,5,10000,0.25,0.027188
16,95,100,6,10000,0.25,0.034993
16,95,101,5,10000,0.25,0.035542
16,95,102,4,10000,0.25,0.036037
16,95,103,5,10000,0.25,0.036094
16,95,104,4,10000,0.25,0.036162
16,95,105,4,10000,0.25,0.033446
16,95,106,6,10000,0.25,0.034223
16,95,107,6,10000,0.25,0.03492
16,95,108,5,10000,0.25,0.034797
16,95,109,5,10000,0.25,0.034806
16,95,110,5,10000,0.25,0.03606
16,95,111,6,10000,0.25,0.031842
16,95,112,4,10000,0.25,0.032886
16,95,113,6,10000,0.25,0.036887
16,95,114,6,10000,0.25,0.029633
16,95,115,6,10000,0.25,0.035827
16,95,116,4,10000,0.25,0.028874
16,95,117,5,10000,0.25,0.035894
16,95,118,6,10000,0.25,0.03316
16,95,119,6,10000,0.25,0.036148
16,95,120,4,10000,0.25,0.0302
16,95,121,5,10000,0.25,0.029843
16,95,122,6,10000,0.25,0.029983
16,95,123,7,10000,0.25,0.035742
16,95,124,6,10000,0.25,0.035739
16,95,125,5,10000,0.25,0.033315
16,95,126,5,10000,0.25,0.030355
16,95,127,5,10000,0.25,0.030351
16,95,128,6,10000,0.25,0.034454
16,95,129,4,10000,0.25,0.031492
16,95,130,5,10000,0.25,0.029275
16,95,131,4,10000,0.25,0.032749
16,95,132,5,10000,0.25,0.031167
16,95,133,5,10000,0.25,0.032949
16,95,134,6,10000,0.25,0.036477
16,95,135,5,10000,0.25,0.035473
16,95,136,6,10000,0.25,0.034556
16,95,137,6,10000,0.25,0.036021
16,95,138,4,10000,0.25,0.028389
16,95,139,4,10000,0.25,0.030397
16,95,140,5,10000,0.25,0.032809
16,95,141,5,10000,0.25,0.032416
16,95,142,5,10000,0.25,0.029377
16,95,143,5,10000,0.25,0.03303
16,95,144,5,10000,0.25,0.027638
16,95,145,5,10000,0.25,0.027647
16,95,146,6,10000,0.25,0.029347
16,95,147,6,10000,0.25,0.028477
16,95,148,5,10000,0.25,0.032783
16,95,149,5,10000,0.25,0.030549
16,95,150,6,10000,0.25,0.029343
16,95,151,4,10000,0.25,0.027974
16,95,152,7,10000,0.25,0.027305
16,95,153,5,10000,0.25,0.029479
16,95,154,6,10000,0.25,0.030634
16,95,155,5,10000,0.25,0.030695
16,95,156,5,10000,0.25,0.031316
16,95,157,5,10000,0.25,0.02792
16,95,158,6,10000,0.25,0.028917
16,95,159,5,10000,0.25,0.028609
16,95,160,5,10000,0.25,0.028881
16,95,161,6,10000,0.25,0.029406
16,95,162,6,10000,0.25,0.030979
16,95,163,6,10000,0.25,0.032643
16,95,164,6,10000,0.25,0.033507
16,95,165,6,10000,0.25,0.031242
16,95,166,6,10000,0.25,0.027927
16,95,167,5,10000,0.25,0.025952
16,95,168,4,10000,0.25,0.025878
16,95,169,6,10000,0.25,0.030905
16,95,170,6,10000,0.25,0.026983
16,95,171,5,10000,0.25,0.02859
16,95,172,5,10000,0.25,0.029126
16,95,173,6,10000,0.25,0.028074
16,95,174,6,10000,0.25,0.027409
16,95,175,5,10000,0.25,0.025624
16,95,176,5,10000,0.25,0.031093
16,95,177,5,10000,0.25,0.027487
16,95,178,5,10000,0.25,0.026772
16,95,179,5,10000,0.25,0.026159
16,95,180,5,10000,0.25,0.028048
16,95,181,5,10000,0.25,0.031295
16,95,182,5,10000,0.25,0.02846
16,95,183,5,10000,0.25,0.032556
16,95,184,6,10000,0.25,0.028607
16,95,185,6,10000,0.25,0.033434
16,95,186,6,10000,0.25,0.029286
16,95,187,5,10000,0.25,0.029155
16,95,188,5,10000,0.25,0.030132
16,95,189,5,10000,0.25,0.029651
16,95,190,5,10000,0.25,0.030989
16,95,191,7,10000,0.25,0.033241
16,95,192,6,10000,0.25,0.027854
16,95,193,5,10000,0.25,0.037254
16,95,194,6,10000,0.25,0.029323
16,95,195,4,10000,0.25,0.025907
16,95,196,4,10000,0.25,0.027479
16,95,197,6,10000,0.25,0.028383
16,95,198,4,10000,0.25,0.03143
16,95,199,6,10000,0.25,0.029505
16,95,200,5,10000,0.25,0.027548
16,95,201,5,10000,0.25,0.02894
16,95,202,5,10000,0.25,0.02897
16,95,203,6,10000,0.25,0.029668
16,95,204,5,10000,0.25,0.028156
16,95,205,5,10000,0.25,0.027564
16,95,206,5,10000,0.25,0.029027
16,95,207,6,10000,0.25,0.028784
16,95,208,6,10000,0.25,0.027627
16,95,209,5,10000,0.25,0.029298
16,95,210,6,10000,0.25,0.030409
16,95,211,5,10000,0.25,0.029687
16,95,212,6,10000,0.25,0.03004
16,95,213,6,10000,0.25,0.028533
16,95,214,6,10000,0.25,0.026724
16,95,215,5,10000,0.25,0.030417
16,95,216,6,10000,0.25,0.032862
16,95,217,6,10000,0.25,0.031774
16,95,218,5,10000,0.25,0.030139
16,95,219,6,10000,0.25,0.035011
16,95,220,6,10000,0.25,0.031655
16,95,221,6,10000,0.25,0.027768
16,95,222,6,10000,0.25,0.029215
16,95,223,4,10000,0.25,0.026536
16,95,224,5,10000,0.25,0.029203
16,95,225,6,10000,0.25,0.028376
16,95,226,6,10000,0.25,0.029734
16,95,227,6,10000,0.25,0.028869
16,95,228,6,10000,0.25,0.028999
16,95,229,5,10000,0.25,0.031038
16,95,230,5,10000,0.25,0.02935
16,95,231,6,10000,0.25,0.029338
16,95,232,5,10000,0.25,0.030061
16,95,233,6,10000,0.25,0.029047
16,95,234,6,10000,0.25,0.030664
16,95,235,5,10000,0.25,0.031396
16,95,236,6,10000,0.25,0.029015
16,95,237,5,10000,0.25,0.027526
16,95,238,7,10000,0.25,0.028482
16,95,239,6,10000,0.25,0.02744
16,95,240,5,10000,0.25,0.029149
16,95,241,5,10000,0.25,0.03014
16,95,242,5,10000,0.25,0.027162
16,95,243,6,10000,0.25,0.028213
16,95,244,6,10000,0.25,0.029567
16,95,245,5,10000,0.25,0.030283
16,95,246,6,10000,0.25,0.029443
16,95,247,5,10000,0.25,0.028039
16,95,248,5,10000,0.25,0.030678
16,95,249,5,10000,0.25,0.029353
16,95,250,5,10000,0.25,0.033333
16,95,251,6,10000,0.25,0.028747
16,95,252,6,10000,0.25,0.032837
16,95,253,6,10000,0.25,0.027469
16,95,254,5,10000,0.25,0.028639
16,95,255,6,10000,0.25,0.027814
16,95,256,6,10000,0.25,0.028486
16,95,257,5,10000,0.25,0.03049
16,95,258,5,10000,0.25,0.028744
16,95,259,6,10000,0.25,0.032289
16,95,260,5,10000,0.25,0.029309
16,95,261,6,10000,0.25,0.028396
16,95,262,4,10000,0.25,0.027891
16,95,263,6,10000,0.25,0.029948
16,95,264,6,10000,0.25,0.027895
16,95,265,5,10000,0.25,0.029463
16,95,266,6,10000,0.25,0.031094
16,95,267,6,10000,0.25,0.0371
16,95,268,5,10000,0.25,0.027439
16,95,269,6,10000,0.25,0.027259
16,95,270,5,10000,0.25,0.028024
16,95,271,6,10000,0.25,0.032545
16,95,272,6,10000,0.25,0.030217
16,95,273,6,10000,0.25,0.029152
16,95,274,4,10000,0.25,0.026834
16,95,275,6,10000,0.25,0.034961
16,95,276,6,10000,0.25,0.027759
16,95,277,5,10000,0.25,0.031376
16,95,278,7,10000,0.25,0.032029
16,95,279,6,10000,0.25,0.030236
16,95,280,5,10000,0.25,0.034209
16,95,281,6,10000,0.25,0.028064
16,95,282,5,10000,0.25,0.037484
16,95,283,4,10000,0.25,0.026545
16,95,284,6,10000,0.25,0.029
16,95,285,7,10000,0.25,0.028786
16,95,286,4,10000,0.25,0.028821
16,95,287,6,10000,0.25,0.028306
16,95,288,5,10000,0.25,0.026882
16,95,289,7,10000,0.25,0.031413
16,95,290,5,10000,0.25,0.028392
16,95,291,5,10000,0.25,0.029958
16,95,292,6,10000,0.25,0.036655
16,95,293,6,10000,0.25,0.038196
16,95,294,6,10000,0.25,0.035069
16,95,295,4,10000,0.25,0.028124
16,95,296,6,10000,0.25,0.030961
16,95,297,5,10000,0.25,0.029595
16,95,298,5,10000,0.25,0.02982
16,95,299,6,10000,0.25,0.030934
16,95,300,5,10000,0.25,0.028727
16,95,301,5,10000,0.25,0.027852
16,95,302,6,10000,0.25,0.029174
16,95,303,6,10000,0.25,0.027338
16,95,304,6,10000,0.25,0.029796
16,95,305,3,10000,0.25,0.026545
16,95,306,7,10000,0.25,0.028896
16,95,307,6,10000,0.25,0.028339
16,95,308,6,10000,0.25,0.029821
16,95,309,5,10000,0.25,0.030987
16,95,310,5,10000,0.25,0.031221
16,95,311,7,10000,0.25,0.034083
16,95,312,6,10000,0.25,0.029701
16,95,313,3,10000,0.25,0.02916
16,95,314,6,10000,0.25,0.029813
16,95,315,6,10000,0.25,0.028022
16,95,316,5,10000,0.25,0.026262
16,95,317,5,10000,0.25,0.029625
16,95,318,6,10000,0.25,0.030608
16,95,319,4,10000,0.25,0.028394
16,95,320,6,10000,0.25,0.027924
16,95,321,5,10000,0.25,0.028003
16,95,322,5,10000,0.25,0.029428
16,95,323,4,10000,0.25,0.027396
16,95,324,5,10000,0.25,0.028824
16,95,325,3,10000,0.25,0.028271
16,95,326,6,10000,0.25,0.027887
16,95,327,7,10000,0.25,0.0293
16,95,328,6,10000,0.25,0.030059
16,95,329,4,10000,0.25,0.035069
16,95,330,5,10000,0.25,0.032754
16,95,331,5,10000,0.25,0.026975
16,95,332,6,10000,0.25,0.028566
16,95,333,6,10000,0.25,0.030065
16,95,334,6,10000,0.25,0.030635
16,95,335,5,10000,0.25,0.029499
16,95,336,6,10000,0.25,0.028304
16,95,337,5,10000,0.25,0.026638
16,95,338,6,10000,0.25,0.029309
16,95,339,4,10000,0.25,0.029883
16,95,340,4,10000,0.25,0.026512
16,95,341,5,10000,0.25,0.034651
16,95,342,5,10000,0.25,0.027329
16,95,343,5,10000,0.25,0.034106
16,95,344,5,10000,0.25,0.028234
16,95,345,4,10000,0.25,0.027452
16,95,346,6,10000,0.25,0.028706
16,95,347,6,10000,0.25,0.027627
16,95,348,5,10000,0.25,0.02763
16,95,349,4,10000,0.25,0.028702
16,95,350,5,10000,0.25,0.029654
16,95,351,4,10000,0.25,0.02748
16,95,352,6,10000,0.25,0.029628
16,95,353,6,10000,0.25,0.028646
16,95,354,5,10000,0.25,0.028617
16,95,355,5,10000,0.25,0.028232
16,95,356,5,10000,0.25,0.028161
16,95,357,5,10000,0.25,0.031013
16,95,358,6,10000,0.25,0.031037
16,95,359,5,10000,0.25,0.030907
16,95,360,6,10000,0.25,0.032297
16,95,361,6,10000,0.25,0.032832
16,95,362,5,10000,0.25,0.027014
16,95,363,5,10000,0.25,0.027457
16,95,364,4,10000,0.25,0.027419
16,95,365,6,10000,0.25,0.031937
16,95,366,6,10000,0.25,0.033727
16,95,367,6,10000,0.25,0.030022
16,95,368,6,10000,0.25,0.029719
16,95,369,5,10000,0.25,0.027588
16,95,370,5,10000,0.25,0.03408
16,95,371,5,10000,0.25,0.028157
16,95,372,5,10000,0.25,0.03023
16,95,373,6,10000,0.25,0.029605
16,95,374,6,10000,0.25,0.029106
16,95,375,6,10000,0.25,0.035263
16,95,376,6,10000,0.25,0.029116
16,95,377,4,10000,0.25,0.035274
16,95,378,5,10000,0.25,0.03535
16,95,379,5,10000,0.25,0.035533
16,95,380,6,10000,0.25,0.034445
16,95,381,5,10000,0.25,0.029411
16,95,382,5,10000,0.25,0.036096
16,95,383,5,10000,0.25,0.027661
16,95,384,5,10000,0.25,0.027258
16,95,385,5,10000,0.25,0.02753
16,95,386,6,10000,0.25,0.033228
16,95,387,5,10000,0.25,0.029179
16,95,388,6,10000,0.25,0.027057
16,95,389,5,10000,0.25,0.028145
16,95,390,5,10000,0.25,0.034875
16,95,391,6,10000,0.25,0.0279
16,95,392,6,10000,0.25,0.028988
16,95,393,4,10000,0.25,0.02982
16,95,394,5,10000,0.25,0.027699
16,95,395,6,10000,0.25,0.02831
16,95,396,5,10000,0.25,0.027983
16,95,397,4,10000,0.25,0.026363
16,95,398,6,10000,0.25,0.030484
16,95,399,6,10000,0.25,0.030532
16,95,400,5,10000,0.25,0.030629
16,98,1,6,10000,0.25,0.029736
16,98,2,6,10000,0.25,0.029965
16,98,3,7,10000,0.25,0.029915
16,98,4,5,10000,0.25,0.027854
16,98,5,7,10000,0.25,0.028605
16,98,6,7,10000,0.25,0.033776
16,98,7,7,10000,0.25,0.037138
16,98,8,6,10000,0.25,0.027682
16,98,9,7,10000,0.25,0.0271
16,98,10,6,10000,0.25,0.036128
16,98,11,6,10000,0.25,0.031495
16,98,12,7,10000,0.25,0.033695
16,98,13,7,10000,0.25,0.031918
16,98,14,6,10000,0.25,0.032674
16,98,15,6,10000,0.25,0.028698
16,98,16,7,10000,0.25,0.026909
16,98,17,5,10000,0.25,0.026109
16,98,18,6,10000,0.25,0.032416
16,98,19,6,10000,0.25,0.026511
16,98,20,5,10000,0.25,0.026775
16,98,21,7,10000,0.25,0.02897
16,98,22,7,10000,0.25,0.033884
16,98,23,6,10000,0.25,0.029144
16,98,24,7,10000,0.25,0.02951
16,98,25,5,10000,0.25,0.02705
16,98,26,6,10000,0.25,0.02806
16,98,27,7,10000,0.25,0.027229
16,98,28,6,10000,0.25,0.031021
16,98,29,6,10000,0.25,0.031185
16,98,30,6,10000,0.25,0.029775
16,98,31,7,10000,0.25,0.0315
16,98,32,7,10000,0.25,0.029064
16,98,33,7,10000,0.25,0.03544
16,98,34,6,10000,0.25,0.030197
16,98,35,6,10000,0.25,0.030013
16,98,36,6,10000,0.25,0.028942
16,98,37,6,10000,0.25,0.03141
16,98,38,6,10000,0.25,0.036478
16,98,39,6,10000,0.25,0.02885
16,98,40,5,10000,0.25,0.027784
16,98,41,5,10000,0.25,0.027146
16,98,42,6,10000,0.25,0.028048
16,98,43,7,10000,0.25,0.028575
16,98,44,7,10000,0.25,0.02962
16,98,45,5,10000,0.25,0.027124
16,98,46,7,10000,0.25,0.029309
16,98,47,7,10000,0.25,0.030315
16,98,48,6,10000,0.25,0.030565
16,98,49,5,10000,0.25,0.028435
16,98,50,6,10000,0.25,0.028951
16,98,51,7,10000,0.25,0.031536
16,98,52,5,10000,0.25,0.029055
16,98,53,5,10000,0.25,0.030882
16,98,54,7,10000,0.25,0.034447
16,98,55,6,10000,0.25,0.035357
16,98,56,7,10000,0.25,0.035441
16,98,57,7,10000,0.25,0.036486
16,98,58,6,10000,0.25,0.033142
16,98,59,7,10000,0.25,0.037643
16,98,60,6,10000,0.25,0.026974
16,98,61,5,10000,0.25,0.026515
16,98,62,6,10000,0.25,0.028312
16,98,63,7,10000,0.25,0.028795
16,98,64,7,10000,0.25,0.027102
16,98,65,6,10000,0.25,0.026703
16,98,66,7,10000,0.25,0.027467
16,98,67,5,10000,0.25,0.028011
16,98,68,6,10000,0.25,0.025879
16,98,69,4,10000,0.25,0.025029
16,98,70,5,10000,0.25,0.032767
16,98,71,5,10000,0.25,0.033016
16,98,72,6,10000,0.25,0.030456
16,98,73,6,10000,0.25,0.027615
16,98,74,4,10000,0.25,0.026477
16,98,75,6,10000,0.25,0.028754
16,98,76,7,10000,0.25,0.028132
16,98,77,6,10000,0.25,0.029098
16,98,78,5,10000,0.25,0.027562
16,98,79,6,10000,0.25,0.027958
16,98,80,5,10000,0.25,0.028764
16,98,81,7,10000,0.25,0.029081
16,98,82,6,10000,0.25,0.031346
16,98,83,5,10000,0.25,0.030514
16,98,84,6,10000,0.25,0.029897
16,98,85,6,10000,0.25,0.026885
16,98,86,7,10000,0.25,0.028979
16,98,87,7,10000,0.25,0.028961
16,98,88,7,10000,0.25,0.029189
16,98,89,7,10000,0.25,0.029745
16,98,90,7,10000,0.25,0.029344
16,98,91,6,10000,0.25,0.026591
16,98,92,6,10000,0.25,0.026782
16,98,93,6,10000,0.25,0.028242
16,98,94,6,10000,0.25,0.027403
16,98,95,5,10000,0.25,0.026396
16,98,96,6,10000,0.25,0.029491
16,98,97,7,10000,0.25,0.028352
16,98,98,5,10000,0.25,0.026749
16,98,99,7,10000,0.25,0.026785
16,98,100,7,10000,0.25,0.036761
16,98,101,6,10000,0.25,0.036366
16,98,102,6,10000,0.25,0.036643
16,98,103,6,10000,0.25,0.036927
16,98,104,5,10000,0.25,0.035711
16,98,105,6,10000,0.25,0.035294
16,98,106,7,10000,0.25,0.035597
16,98,107,6,10000,0.25,0.036142
16,98,108,7,10000,0.25,0.035559
16,98,109,6,10000,0.25,0.035175
16,98,110,6,10000,0.25,0.034734
16,98,111,6,10000,0.25,0.026671
16,98,112,7,10000,0.25,0.036949
16,98,113,7,10000,0.25,0.031623
16,98,114,6,10000,0.25,0.035239
16,98,115,7,10000,0.25,0.030995
16,98,116,6,10000,0.25,0.03561
16,98,117,6,10000,0.25,0.033839
16,98,118,6,10000,0.25,0.034983
16,98,119,6,10000,0.25,0.036984
16,98,120,6,10000,0.25,0.028518
16,98,121,6,10000,0.25,0.035587
16,98,122,6,10000,0.25,0.036659
16,98,123,6,10000,0.25,0.035212
16,98,124,8,10000,0.25,0.033735
16,98,125,7,10000,0.25,0.03359
16,98,126,6,10000,0.25,0.030568
16,98,127,6,10000,0.25,0.031475
16,98,128,7,10000,0.25,0.03356
16,98,129,7,10000,0.25,0.032922
16,98,130,4,10000,0.25,0.032494
16,98,131,6,10000,0.25,0.033344
16,98,132,6,10000,0.25,0.036559
16,98,133,7,10000,0.25,0.036049
16,98,134,5,10000,0.25,0.03688
16,98,135,5,10000,0.25,0.035437
16,98,136,6,10000,0.25,0.034103
16,98,137,6,10000,0.25,0.032145
16,98,138,6,10000,0.25,0.032766
16,98,139,5,10000,0.25,0.032821
16,98,140,5,10000,0.25,0.029439
16,98,141,6,10000,0.25,0.033494
16,98,142,7,10000,0.25,0.03086
16,98,143,6,10000,0.25,0.030245
16,98,144,6,10000,0.25,0.028547
16,98,145,5,10000,0.25,0.026793
16,98,146,6,10000,0.25,0.030221
16,98,147,5,10000,0.25,0.032517
16,98,148,6,10000,0.25,0.031082
16,98,149,7,10000,0.25,0.029675
16,98,150,6,10000,0.25,0.026756
16,98,151,7,10000,0.25,0.031108
16,98,152,6,10000,0.25,0.031761
16,98,153,7,10000,0.25,0.029156
16,98,154,6,10000,0.25,0.032558
16,98,155,7,10000,0.25,0.028664
16,98,156,6,10000,0.25,0.028876
16,98,157,4,10000,0.25,0.027399
16,98,158,6,10000,0.25,0.027472
16,98,159,7,10000,0.25,0.026981
16,98,160,5,10000,0.25,0.026732
16,98,161,6,10000,0.25,0.030134
16,98,162,5,10000,0.25,0.031681
16,98,163,7,10000,0.25,0.033539
16,98,164,6,10000,0.25,0.031038
16,98,165,6,10000,0.25,0.027809
16,98,166,5,10000,0.25,0.026808
16,98,167,7,10000,0.25,0.028018
16,98,168,6,10000,0.25,0.029129
16,98,169,7,10000,0.25,0.028417
16,98,170,6,10000,0.25,0.029114
16,98,171,6,10000,0.25,0.028451
16,98,172,6,10000,0.25,0.029291
16,98,173,6,10000,0.25,0.029365
16,98,174,7,10000,0.25,0.026969
16,98,175,7,10000,0.25,0.030782
16,98,176,7,10000,0.25,0.031769
16,98,177,6,10000,0.25,0.027318
16,98,178,6,10000,0.25,0.026457
16,98,179,5,10000,0.25,0.028613
16,98,180,5,10000,0.25,0.027106
16,98,181,7,10000,0.25,0.02717
16,98,182,5,10000,0.25,0.029892
16,98,183,7,10000,0.25,0.029615
16,98,184,6,10000,0.25,0.03419
16,98,185,5,10000,0.25,0.028584
16,98,186,6,10000,0.25,0.029485
16,98,187,7,10000,0.25,0.033602
16,98,188,6,10000,0.25,0.033132
16,98,189,7,10000,0.25,0.028862
16,98,190,6,10000,0.25,0.028413
16,98,191,6,10000,0.25,0.02892
16,98,192,5,10000,0.25,0.034584
16,98,193,7,10000,0.25,0.027976
16,98,194,6,10000,0.25,0.027307
16,98,195,6,10000,0.25,0.031111
16,98,196,5,10000,0.25,0.030135
16,98,197,7,10000,0.25,0.030627
16,98,198,6,10000,0.25,0.029089
16,98,199,6,10000,0.25,0.028014
16,98,200,6,10000,0.25,0.028358
16,98,201,5,10000,0.25,0.028866
16,98,202,6,10000,0.25,0.02683
16,98,203,6,10000,0.25,0.029341
16,98,204,7,10000,0.25,0.028274
16,98,205,6,10000,0.25,0.028462
16,98,206,7,10000,0.25,0.029463
16,98,207,7,10000,0.25,0.029181
16,98,208,5,10000,0.25,0.02997
16,98,209,7,10000,0.25,0.029742
16,98,210,6,10000,0.25,0.028375
16,98,211,8,10000,0.25,0.027853
16,98,212,6,10000,0.25,0.028888
16,98,213,6,10000,0.25,0.028623
16,98,214,7,10000,0.25,0.027126
16,98,215,7,10000,0.25,0.031341
16,98,216,5,10000,0.25,0.030221
16,98,217,7,10000,0.25,0.031118
16,98,218,5,10000,0.25,0.030113
16,98,219,5,10000,0.25,0.033509
16,98,220,5,10000,0.25,0.032878
16,98,221,6,10000,0.25,0.029999
16,98,222,6,10000,0.25,0.02884
16,98,223,7,10000,0.25,0.030771
16,98,224,6,10000,0.25,0.027724
16,98,225,6,10000,0.25,0.029667
16,98,226,7,10000,0.25,0.030787
16,98,227,6,10000,0.25,0.029836
16,98,228,7,10000,0.25,0.028519
16,98,229,5,10000,0.25,0.027066
16,98,230,5,10000,0.25,0.02808
16,98,231,6,10000,0.25,0.031259
16,98,232,6,10000,0.25,0.030126
16,98,233,6,10000,0.25,0.028524
16,98,234,7,10000,0.25,0.031708
16,98,235,6,10000,0.25,0.028357
16,98,236,6,10000,0.25,0.028761
16,98,237,6,10000,0.25,0.028862
16,98,238,5,10000,0.25,0.030206
16,98,239,5,10000,0.25,0.028079
16,98,240,6,10000,0.25,0.02832
16,98,241,7,10000,0.25,0.028939
16,98,242,6,10000,0.25,0.026497
16,98,243,5,10000,0.25,0.028115
16,98,244,6,10000,0.25,0.027596
16,98,245,7,10000,0.25,0.035352
16,98,246,5,10000,0.25,0.027803
16,98,247,5,10000,0.25,0.028059
16,98,248,7,10000,0.25,0.029966
16,98,249,7,10000,0.25,0.028235
16,98,250,7,10000,0.25,0.028565
16,98,251,5,10000,0.25,0.028254
16,98,252,6,10000,0.25,0.02918
16,98,253,6,10000,0.25,0.028059
16,98,254,6,10000,0.25,0.029303
16,98,255,7,10000,0.25,0.028294
16,98,256,5,10000,0.25,0.028577
16,98,257,6,10000,0.25,0.028483
16,98,258,7,10000,0.25,0.028703
16,98,259,7,10000,0.25,0.031137
16,98,260,5,10000,0.25,0.02843
16,98,261,6,10000,0.25,0.030578
16,98,262,8,10000,0.25,0.031277
16,98,263,6,10000,0.25,0.034123
16,98,264,6,10000,0.25,0.03137
16,98,265,6,10000,0.25,0.030092
16,98,266,6,10000,0.25,0.030806
16,98,267,6,10000,0.25,0.036746
16,98,268,6,10000,0.25,0.034748
16,98,269,7,10000,0.25,0.028819
16,98,270,6,10000,0.25,0.027399
16,98,271,7,10000,0.25,0.029275
16,98,272,7,10000,0.25,0.03401
16,98,273,5,10000,0.25,0.027444
16,98,274,6,10000,0.25,0.028176
16,98,275,7,10000,0.25,0.035917
16,98,276,7,10000,0.25,0.029078
16,98,277,6,10000,0.25,0.028324
16,98,278,5,10000,0.25,0.028278
16,98,279,6,10000,0.25,0.031051
16,98,280,5,10000,0.25,0.029237
16,98,281,6,10000,0.25,0.036091
16,98,282,7,10000,0.25,0.028316
16,98,283,8,10000,0.25,0.034849
16,98,284,7,10000,0.25,0.02806
16,98,285,5,10000,0.25,0.028226
16,98,286,5,10000,0.25,0.028662
16,98,287,5,10000,0.25,0.030735
16,98,288,6,10000,0.25,0.030996
16,98,289,6,10000,0.25,0.030828
16,98,290,7,10000,0.25,0.031659
16,98,291,7,10000,0.25,0.030191
16,98,292,6,10000,0.25,0.030947
16,98,293,3,10000,0.25,0.032983
16,98,294,6,10000,0.25,0.037372
16,98,295,6,10000,0.25,0.033851
16,98,296,7,10000,0.25,0.029146
16,98,297,6,10000,0.25,0.030408
16,98,298,6,10000,0.25,0.030593
16,98,299,7,10000,0.25,0.030345
16,98,300,6,10000,0.25,0.030265
16,98,301,6,10000,0.25,0.028633
16,98,302,4,10000,0.25,0.02611
16,98,303,6,10000,0.25,0.026677
16,98,304,4,10000,0.25,0.025749
16,98,305,6,10000,0.25,0.02875
16,98,306,6,10000,0.25,0.031611
16,98,307,6,10000,0.25,0.028987
16,98,308,7,10000,0.25,0.027552
16,98,309,6,10000,0.25,0.031377
16,98,310,7,10000,0.25,0.031345
16,98,311,7,10000,0.25,0.030682
16,98,312,5,10000,0.25,0.027246
16,98,313,6,10000,0.25,0.027184
16,98,314,6,10000,0.25,0.027481
16,98,315,5,10000,0.25,0.031005
16,98,316,6,10000,0.25,0.030733
16,98,317,5,10000,0.25,0.037611
16,98,318,6,10000,0.25,0.027837
16,98,319,6,10000,0.25,0.028743
16,98,320,6,10000,0.25,0.029424
16,98,321,6,10000,0.25,0.030139
16,98,322,6,10000,0.25,0.028297
16,98,323,6,10000,0.25,0.028577
16,98,324,6,10000,0.25,0.030098
16,98,325,6,10000,0.25,0.028468
16,98,326,6,10000,0.25,0.028306
16,98,327,6,10000,0.25,0.027989
16,98,328,7,10000,0.25,0.030293
16,98,329,6,10000,0.25,0.027082
16,98,330,7,10000,0.25,0.029275
16,98,331,6,10000,0.25,0.02829
16,98,332,6,10000,0.25,0.034133
16,98,333,6,10000,0.25,0.031149
16,98,334,7,10000,0.25,0.030773
16,98,335,6,10000,0.25,0.031054
16,98,336,7,10000,0.25,0.029501
16,98,337,7,10000,0.25,0.031484
16,98,338,6,10000,0.25,0.031634
16,98,339,5,10000,0.25,0.029972
16,98,340,6,10000,0.25,0.027169
16,98,341,6,10000,0.25,0.02876
16,98,342,7,10000,0.25,0.034556
16,98,343,6,10000,0.25,0.037466
16,98,344,5,10000,0.25,0.027525
16,98,345,7,10000,0.25,0.031085
16,98,346,7,10000,0.25,0.028792
16,98,347,6,10000,0.25,0.030597
16,98,348,7,10000,0.25,0.028116
16,98,349,6,10000,0.25,0.028366
16,98,350,7,10000,0.25,0.035182
16,98,351,5,10000,0.25,0.030976
16,98,352,7,10000,0.25,0.029907
16,98,353,5,10000,0.25,0.028127
16,98,354,5,10000,0.25,0.027187
16,98,355,6,10000,0.25,0.031059
16,98,356,6,10000,0.25,0.028085
16,98,357,6,10000,0.25,0.027991
16,98,358,6,10000,0.25,0.031019
16,98,359,6,10000,0.25,0.032205
16,98,360,7,10000,0.25,0.027334
16,98,361,6,10000,0.25,0.028439
16,98,362,7,10000,0.25,0.03186
16,98,363,6,10000,0.25,0.029335
16,98,364,6,10000,0.25,0.028924
16,98,365,5,10000,0.25,0.029588
16,98,366,6,10000,0.25,0.028843
16,98,367,6,10000,0.25,0.030375
16,98,368,7,10000,0.25,0.02884
16,98,369,6,10000,0.25,0.030139
16,98,370,5,10000,0.25,0.033545
16,98,371,6,10000,0.25,0.028628
16,98,372,6,10000,0.25,0.028477
16,98,373,5,10000,0.25,0.029652
16,98,374,6,10000,0.25,0.033873
16,98,375,6,10000,0.25,0.028695
16,98,376,7,10000,0.25,0.02886
16,98,377,6,10000,0.25,0.030014
16,98,378,7,10000,0.25,0.028948
16,98,379,5,10000,0.25,0.026797
16,98,380,5,10000,0.25,0.028511
16,98,381,6,10000,0.25,0.036134
16,98,382,6,10000,0.25,0.033683
16,98,383,6,10000,0.25,0.032976
16,98,384,6,10000,0.25,0.034869
16,98,385,5,10000,0.25,0.037627
16,98,386,7,10000,0.25,0.029645
16,98,387,6,10000,0.25,0.029298
16,98,388,7,10000,0.25,0.028592
16,98,389,7,10000,0.25,0.028033
16,98,390,7,10000,0.25,0.031248
16,98,391,7,10000,0.25,0.028935
16,98,392,7,10000,0.25,0.028152
16,98,393,8,10000,0.25,0.036789
16,98,394,5,10000,0.25,0.027105
16,98,395,6,10000,0.25,0.032899
16,98,396,7,10000,0.25,0.030892
16,98,397,7,10000,0.25,0.036865
16,98,398,6,10000,0.25,0.034795
16,98,399,7,10000,0.25,0.029996
16,98,400,5,10000,0.25,0.025824
16,102,1,7,10000,0.25,0.028087
16,102,2,8,10000,0.25,0.029726
16,102,3,8,10000,0.25,0.029104
16,102,4,7,10000,0.25,0.027834
16,102,5,7,10000,0.25,0.02913
16,102,6,7,10000,0.25,0.029381
16,102,7,7,10000,0.25,0.027198
16,102,8,7,10000,0.25,0.029602
16,102,9,7,10000,0.25,0.035266
16,102,10,7,10000,0.25,0.037912
16,102,11,7,10000,0.25,0.035398
16,102,12,7,10000,0.25,0.034114
16,102,13,8,10000,0.25,0.037045
16,102,14,9,10000,0.25,0.031671
16,102,15,7,10000,0.25,0.02908
16,102,16,8,10000,0.25,0.028259
16,102,17,7,10000,0.25,0.030999
16,102,18,7,10000,0.25,0.028964
16,102,19,8,10000,0.25,0.029306
16,102,20,7,10000,0.25,0.02946
16,102,21,7,10000,0.25,0.028812
16,102,22,8,10000,0.25,0.032622
16,102,23,7,10000,0.25,0.032206
16,102,24,8,10000,0.25,0.029819
16,102,25,8,10000,0.25,0.030938
16,102,26,8,10000,0.25,0.038203
16,102,27,8,10000,0.25,0.031041
16,102,28,8,10000,0.25,0.034448
16,102,29,7,10000,0.25,0.031432
16,102,30,8,10000,0.25,0.032303
16,102,31,8,10000,0.25,0.029995
16,102,32,8,10000,0.25,0.028524
16,102,33,6,10000,0.25,0.031613
16,102,34,7,10000,0.25,0.029426
16,102,35,9,10000,0.25,0.035508
16,102,36,6,10000,0.25,0.031634
16,102,37,7,10000,0.25,0.029806
16,102,38,8,10000,0.25,0.027907
16,102,39,7,10000,0.25,0.036229
16,102,40,7,10000,0.25,0.028237
16,102,41,6,10000,0.25,0.035239
16,102,42,8,10000,0.25,0.032054
16,102,43,8,10000,0.25,0.029903
16,102,44,7,10000,0.25,0.03005
16,102,45,8,10000,0.25,0.032129
16,102,46,8,10000,0.25,0.030512
16,102,47,8,10000,0.25,0.032185
16,102,48,7,10000,0.25,0.029525
16,102,49,8,10000,0.25,0.02981
16,102,50,8,10000,0.25,0.032505
16,102,51,7,10000,0.25,0.029795
16,102,52,8,10000,0.25,0.034328
16,102,53,8,10000,0.25,0.038514
16,102,54,8,10000,0.25,0.036454
16,102,55,7,10000,0.25,0.035386
16,102,56,7,10000,0.25,0.035569
16,102,57,7,10000,0.25,0.037207
16,102,58,8,10000,0.25,0.028485
16,102,59,8,10000,0.25,0.038959
16,102,60,7,10000,0.25,0.028291
16,102,61,7,10000,0.25,0.02961
16,102,62,8,10000,0.25,0.028234
16,102,63,7,10000,0.25,0.029923
16,102,64,6,10000,0.25,0.031831
16,102,65,8,10000,0.25,0.031731
16,102,66,7,10000,0.25,0.029979
16,102,67,7,10000,0.25,0.028811
16,102,68,7,10000,0.25,0.028573
16,102,69,8,10000,0.25,0.030024
16,102,70,6,10000,0.25,0.028445
16,102,71,7,10000,0.25,0.028965
16,102,72,7,10000,0.25,0.027504
16,102,73,8,10000,0.25,0.030182
16,102,74,7,10000,0.25,0.02913
16,102,75,7,10000,0.25,0.029749
16,102,76,7,10000,0.25,0.029007
16,102,77,7,10000,0.25,0.028088
16,102,78,8,10000,0.25,0.030063
16,102,79,7,10000,0.25,0.02759
16,102,80,7,10000,0.25,0.030235
16,102,81,8,10000,0.25,0.029332
16,102,82,8,10000,0.25,0.028903
16,102,83,8,10000,0.25,0.029927
16,102,84,7,10000,0.25,0.027526
16,102,85,7,10000,0.25,0.029075
16,102,86,7,10000,0.25,0.027566
16,102,87,8,10000,0.25,0.027444
16,102,88,7,10000,0.25,0.029805
16,102,89,8,10000,0.25,0.028594
16,102,90,6,10000,0.25,0.030537
16,102,91,8,10000,0.25,0.037378
16,102,92,7,10000,0.25,0.037404
16,102,93,7,10000,0.25,0.034589
16,102,94,7,10000,0.25,0.030776
16,102,95,8,10000,0.25,0.030727
16,102,96,8,10000,0.25,0.029828
16,102,97,6,10000,0.25,0.033988
16,102,98,8,10000,0.25,0.028428
16,102,99,6,10000,0.25,0.029188
16,102,100,7,10000,0.25,0.037084
16,102,101,8,10000,0.25,0.037145
16,102,102,7,10000,0.25,0.03597
16,102,103,8,10000,0.25,0.038146
16,102,104,7,10000,0.25,0.033614
16,102,105,6,10000,0.25,0.031611
16,102,106,8,10000,0.25,0.035895
16,102,107,7,10000,0.25,0.029605
16,102,108,7,10000,0.25,0.035355
16,102,109,6,10000,0.25,0.030367
16,102,110,6,10000,0.25,0.030018
16,102,111,7,10000,0.25,0.036683
16,102,112,6,10000,0.25,0.033905
16,102,113,8,10000,0.25,0.036687
16,102,114,7,10000,0.25,0.035891
16,102,115,7,10000,0.25,0.034245
16,102,116,7,10000,0.25,0.029972
16,102,117,7,10000,0.25,0.035553
16,102,118,8,10000,0.25,0.036667
16,102,119,7,10000,0.25,0.03588
16,102,120,7,10000,0.25,0.030229
16,102,121,7,10000,0.25,0.028671
16,102,122,6,10000,0.25,0.031973
16,102,123,8,10000,0.25,0.033661
16,102,124,7,10000,0.25,0.033862
16,102,125,8,10000,0.25,0.034543
16,102,126,7,10000,0.25,0.034325
16,102,127,8,10000,0.25,0.034327
16,102,128,6,10000,0.25,0.035899
16,102,129,7,10000,0.25,0.036686
16,102,130,7,10000,0.25,0.035805
16,102,131,7,10000,0.25,0.034008
16,102,132,9,10000,0.25,0.032256
16,102,133,7,10000,0.25,0.033817
16,102,134,8,10000,0.25,0.037414
16,102,135,7,10000,0.25,0.033918
16,102,136,8,10000,0.25,0.031293
16,102,137,7,10000,0.25,0.035601
16,102,138,9,10000,0.25,0.030348
16,102,139,6,10000,0.25,0.030697
16,102,140,7,10000,0.25,0.034321
16,102,141,7,10000,0.25,0.03367
16,102,142,7,10000,0.25,0.029103
16,102,143,5,10000,0.25,0.028587
16,102,144,7,10000,0.25,0.029225
16,102,145,7,10000,0.25,0.027956
16,102,146,8,10000,0.25,0.031789
16,102,147,7,10000,0.25,0.03121
16,102,148,7,10000,0.25,0.030836
16,102,149,7,10000,0.25,0.033263
16,102,150,7,10000,0.25,0.029467
16,102,151,7,10000,0.25,0.027218
16,102,152,8,10000,0.25,0.027578
16,102,153,8,10000,0.25,0.028931
16,102,154,7,10000,0.25,0.027138
16,102,155,9,10000,0.25,0.032924
16,102,156,8,10000,0.25,0.034126
16,102,157,8,10000,0.25,0.034953
16,102,158,7,10000,0.25,0.031975
16,102,159,7,10000,0.25,0.027805
16,102,160,7,10000,0.25,0.028339
16,102,161,8,10000,0.25,0.029976
16,102,162,7,10000,0.25,0.028473
16,102,163,8,10000,0.25,0.02899
16,102,164,8,10000,0.25,0.028196
16,102,165,7,10000,0.25,0.028785
16,102,166,7,10000,0.25,0.029095
16,102,167,8,10000,0.25,0.03389
16,102,168,7,10000,0.25,0.030139
16,102,169,8,10000,0.25,0.032186
16,102,170,7,10000,0.25,0.034415
16,102,171,7,10000,0.25,0.028877
16,102,172,7,10000,0.25,0.031456
16,102,173,7,10000,0.25,0.030283
16,102,174,7,10000,0.25,0.028725
16,102,175,8,10000,0.25,0.034171
16,102,176,8,10000,0.25,0.031821
16,102,177,8,10000,0.25,0.031696
16,102,178,8,10000,0.25,0.030693
16,102,179,7,10000,0.25,0.033219
16,102,180,8,10000,0.25,0.031386
16,102,181,8,10000,0.25,0.029048
16,102,182,7,10000,0.25,0.028393
16,102,183,7,10000,0.25,0.029974
16,102,184,8,10000,0.25,0.030462
16,102,185,8,10000,0.25,0.036238
16,102,186,7,10000,0.25,0.029103
16,102,187,7,10000,0.25,0.028922
16,102,188,7,10000,0.25,0.030087
16,102,189,8,10000,0.25,0.028987
16,102,190,8,10000,0.25,0.029853
16,102,191,8,10000,0.25,0.031472
16,102,192,8,10000,0.25,0.032073
16,102,193,7,10000,0.25,0.029799
16,102,194,8,10000,0.25,0.029662
16,102,195,7,10000,0.25,0.029992
16,102,196,7,10000,0.25,0.027409
16,102,197,8,10000,0.25,0.029376
16,102,198,6,10000,0.25,0.029732
16,102,199,7,10000,0.25,0.029338
16,102,200,7,10000,0.25,0.02933
16,102,201,7,10000,0.25,0.035704
16,102,202,8,10000,0.25,0.032306
16,102,203,8,10000,0.25,0.032877
16,102,204,8,10000,0.25,0.02817
16,102,205,8,10000,0.25,0.028442
16,102,206,7,10000,0.25,0.0272
16,102,207,7,10000,0.25,0.031306
16,102,208,7,10000,0.25,0.033482
16,102,209,7,10000,0.25,0.032913
16,102,210,8,10000,0.25,0.03368
16,102,211,8,10000,0.25,0.033842
16,102,212,7,10000,0.25,0.034195
16,102,213,7,10000,0.25,0.028946
16,102,214,9,10000,0.25,0.029617
16,102,215,7,10000,0.25,0.029649
16,102,216,7,10000,0.25,0.028861
16,102,217,7,10000,0.25,0.031162
16,102,218,7,10000,0.25,0.02994
16,102,219,8,10000,0.25,0.030133
16,102,220,7,10000,0.25,0.031152
16,102,221,5,10000,0.25,0.028463
16,102,222,7,10000,0.25,0.038075
16,102,223,7,10000,0.25,0.031951
16,102,224,7,10000,0.25,0.028281
16,102,225,8,10000,0.25,0.033132
16,102,226,7,10000,0.25,0.027747
16,102,227,6,10000,0.25,0.028844
16,102,228,8,10000,0.25,0.030937
16,102,229,5,10000,0.25,0.029994
16,102,230,7,10000,0.25,0.029291
16,102,231,7,10000,0.25,0.028777
16,102,232,8,10000,0.25,0.02913
16,102,233,6,10000,0.25,0.031093
16,102,234,6,10000,0.25,0.03157
16,102,235,7,10000,0.25,0.030719
16,102,236,7,10000,0.25,0.030848
16,102,237,7,10000,0.25,0.035074
16,102,238,7,10000,0.25,0.030627
16,102,239,7,10000,0.25,0.029044
16,102,240,6,10000,0.25,0.028484
16,102,241,7,10000,0.25,0.029913
16,102,242,8,10000,0.25,0.030258
16,102,243,8,10000,0.25,0.031539
16,102,244,8,10000,0.25,0.029992
16,102,245,8,10000,0.25,0.030358
16,102,246,8,10000,0.25,0.030182
16,102,247,7,10000,0.25,0.031155
16,102,248,8,10000,0.25,0.034524
16,102,249,8,10000,0.25,0.033778
16,102,250,6,10000,0.25,0.030325
16,102,251,7,10000,0.25,0.032856
16,102,252,7,10000,0.25,0.034859
16,102,253,8,10000,0.25,0.029186
16,102,254,7,10000,0.25,0.03024
16,102,255,6,10000,0.25,0.029516
16,102,256,8,10000,0.25,0.036607
16,102,257,7,10000,0.25,0.030686
16,102,258,8,10000,0.25,0.029362
16,102,259,8,10000,0.25,0.029882
16,102,260,8,10000,0.25,0.029859
16,102,261,6,10000,0.25,0.029217
16,102,262,8,10000,0.25,0.030358
16,102,263,8,10000,0.25,0.035293
16,102,264,8,10000,0.25,0.032466
16,102,265,6,10000,0.25,0.02957
16,102,266,8,10000,0.25,0.032655
16,102,267,8,10000,0.25,0.030356
16,102,268,7,10000,0.25,0.027044
16,102,269,8,10000,0.25,0.030192
16,102,270,6,10000,0.25,0.028062
16,102,271,7,10000,0.25,0.029477
16,102,272,7,10000,0.25,0.033941
16,102,273,8,10000,0.25,0.02789
16,102,274,8,10000,0.25,0.031034
16,102,275,8,10000,0.25,0.029061
16,102,276,8,10000,0.25,0.028872
16,102,277,7,10000,0.25,0.029431
16,102,278,8,10000,0.25,0.031664
16,102,279,8,10000,0.25,0.032448
16,102,280,8,10000,0.25,0.031078
16,102,281,7,10000,0.25,0.032142
16,102,282,7,10000,0.25,0.03287
16,102,283,6,10000,0.25,0.035607
16,102,284,7,10000,0.25,0.028792
16,102,285,7,10000,0.25,0.029897
16,102,286,7,10000,0.25,0.030219
16,102,287,6,10000,0.25,0.030179
16,102,288,7,10000,0.25,0.028707
16,102,289,7,10000,0.25,0.030218
16,102,290,7,10000,0.25,0.030119
16,102,291,7,10000,0.25,0.030958
16,102,292,7,10000,0.25,0.028182
16,102,293,7,10000,0.25,0.030251
16,102,294,7,10000,0.25,0.029546
16,102,295,7,10000,0.25,0.030997
16,102,296,8,10000,0.25,0.030585
16,102,297,6,10000,0.25,0.028716
16,102,298,7,10000,0.25,0.028822
16,102,299,7,10000,0.25,0.029421
16,102,300,8,10000,0.25,0.031586
16,102,301,6,10000,0.25,0.02842
16,102,302,7,10000,0.25,0.030215
16,102,303,7,10000,0.25,0.031864
16,102,304,8,10000,0.25,0.031261
16,102,305,8,10000,0.25,0.032243
16,102,306,7,10000,0.25,0.032741
16,102,307,7,10000,0.25,0.030063
16,102,308,8,10000,0.25,0.029473
16,102,309,8,10000,0.25,0.029064
16,102,310,8,10000,0.25,0.028838
16,102,311,7,10000,0.25,0.029986
16,102,312,8,10000,0.25,0.029401
16,102,313,8,10000,0.25,0.029617
16,102,314,8,10000,0.25,0.029621
16,102,315,9,10000,0.25,0.030552
16,102,316,8,10000,0.25,0.029305
16,102,317,8,10000,0.25,0.029535
16,102,318,8,10000,0.25,0.030113
16,102,319,7,10000,0.25,0.029981
16,102,320,7,10000,0.25,0.037575
16,102,321,8,10000,0.25,0.031091
16,102,322,6,10000,0.25,0.02855
16,102,323,8,10000,0.25,0.035714
16,102,324,7,10000,0.25,0.029244
16,102,325,8,10000,0.25,0.029255
16,102,326,7,10000,0.25,0.030063
16,102,327,8,10000,0.25,0.03139
16,102,328,7,10000,0.25,0.029614
16,102,329,8,10000,0.25,0.029741
16,102,330,7,10000,0.25,0.030287
16,102,331,8,10000,0.25,0.031088
16,102,332,8,10000,0.25,0.029533
16,102,333,7,10000,0.25,0.028978
16,102,334,7,10000,0.25,0.034463
16,102,335,8,10000,0.25,0.029448
16,102,336,8,10000,0.25,0.030045
16,102,337,8,10000,0.25,0.029023
16,102,338,7,10000,0.25,0.029074
16,102,339,7,10000,0.25,0.028868
16,102,340,7,10000,0.25,0.029948
16,102,341,7,10000,0.25,0.031219
16,102,342,7,10000,0.25,0.035317
16,102,343,7,10000,0.25,0.030407
16,102,344,8,10000,0.25,0.032053
16,102,345,8,10000,0.25,0.032974
16,102,346,8,10000,0.25,0.032599
16,102,347,6,10000,0.25,0.033031
16,102,348,8,10000,0.25,0.031152
16,102,349,8,10000,0.25,0.032917
16,102,350,7,10000,0.25,0.03009
16,102,351,7,10000,0.25,0.028597
16,102,352,6,10000,0.25,0.027884
16,102,353,6,10000,0.25,0.028789
16,102,354,7,10000,0.25,0.032509
16,102,355,7,10000,0.25,0.028945
16,102,356,8,10000,0.25,0.03439
16,102,357,7,10000,0.25,0.031473
16,102,358,8,10000,0.25,0.032161
16,102,359,8,10000,0.25,0.032675
16,102,360,7,10000,0.25,0.033622
16,102,361,7,10000,0.25,0.029545
16,102,362,8,10000,0.25,0.031489
16,102,363,7,10000,0.25,0.029987
16,102,364,7,10000,0.25,0.031127
16,102,365,8,10000,0.25,0.029097
16,102,366,7,10000,0.25,0.029109
16,102,367,7,10000,0.25,0.029926
16,102,368,8,10000,0.25,0.033513
16,102,369,8,10000,0.25,0.028864
16,102,370,8,10000,0.25,0.028719
16,102,371,8,10000,0.25,0.027698
16,102,372,8,10000,0.25,0.030365
16,102,373,7,10000,0.25,0.028298
16,102,374,7,10000,0.25,0.028633
16,102,375,7,10000,0.25,0.026984
16,102,376,7,10000,0.25,0.026817
16,102,377,8,10000,0.25,0.027682
16,102,378,8,10000,0.25,0.027681
16,102,379,7,10000,0.25,0.027352
16,102,380,8,10000,0.25,0.027726
16,102,381,9,10000,0.25,0.028
16,102,382,6,10000,0.25,0.027094
16,102,383,8,10000,0.25,0.027949
16,102,384,7,10000,0.25,0.03001
16,102,385,7,10000,0.25,0.030053
16,102,386,8,10000,0.25,0.037881
16,102,387,8,10000,0.25,0.037499
16,102,388,8,10000,0.25,0.037194
16,102,389,8,10000,0.25,0.029391
16,102,390,8,10000,0.25,0.036539
16,102,391,9,10000,0.25,0.036314
16,102,392,7,10000,0.25,0.031267
16,102,393,7,10000,0.25,0.036948
16,102,394,7,10000,0.25,0.031896
16,102,395,9,10000,0.25,0.034481
16,102,396,7,10000,0.25,0.037766
16,102,397,7,10000,0.25,0.028723
16,102,398,9,10000,0.25,0.027804
16,102,399,7,10000,0.25,0.029857
16,102,400,7,10000,0.25,0.029533
16,105,1,7,10000,0.25,0.027596
16,105,2,8,10000,0.25,0.029585
16,105,3,8,10000,0.25,0.030298
16,105,4,9,10000,0.25,0.031137
16,105,5,8,10000,0.25,0.036598
16,105,6,8,10000,0.25,0.029207
16,105,7,9,10000,0.25,0.030395
16,105,8,8,10000,0.25,0.028342
16,105,9,9,10000,0.25,0.030017
16,105,10,8,10000,0.25,0.038135
16,105,11,7,10000,0.25,0.030303
16,105,12,9,10000,0.25,0.036967
16,105,13,8,10000,0.25,0.031785
16,105,14,7,10000,0.25,0.033764
16,105,15,8,10000,0.25,0.031488
16,105,16,8,10000,0.25,0.034493
16,105,17,9,10000,0.25,0.03114
16,105,18,8,10000,0.25,0.031602
16,105,19,8,10000,0.25,0.032771
16,105,20,7,10000,0.25,0.030064
16,105,21,9,10000,0.25,0.034218
16,105,22,10,10000,0.25,0.030331
16,105,23,8,10000,0.25,0.030649
16,105,24,9,10000,0.25,0.030525
16,105,25,8,10000,0.25,0.029721
16,105,26,8,10000,0.25,0.035048
16,105,27,9,10000,0.25,0.02873
16,105,28,8,10000,0.25,0.028519
16,105,29,6,10000,0.25,0.03395
16,105,30,8,10000,0.25,0.029502
16,105,31,8,10000,0.25,0.028937
16,105,32,8,10000,0.25,0.032086
16,105,33,10,10000,0.25,0.031352
16,105,34,8,10000,0.25,0.029126
16,105,35,9,10000,0.25,0.031044
16,105,36,9,10000,0.25,0.030447
16,105,37,8,10000,0.25,0.034185
16,105,38,9,10000,0.25,0.030692
16,105,39,9,10000,0.25,0.030911
16,105,40,8,10000,0.25,0.030252
16,105,41,8,10000,0.25,0.029828
16,105,42,9,10000,0.25,0.030284
16,105,43,8,10000,0.25,0.029149
16,105,44,9,10000,0.25,0.030421
16,105,45,9,10000,0.25,0.029562
16,105,46,8,10000,0.25,0.029946
16,105,47,7,10000,0.25,0.034223
16,105,48,9,10000,0.25,0.038858
16,105,49,8,10000,0.25,0.035641
16,105,50,8,10000,0.25,0.03563
16,105,51,9,10000,0.25,0.036361
16,105,52,10,10000,0.25,0.031728
16,105,53,9,10000,0.25,0.029579
16,105,54,8,10000,0.25,0.030859
16,105,55,8,10000,0.25,0.031609
16,105,56,9,10000,0.25,0.028492
16,105,57,8,10000,0.25,0.028589
16,105,58,8,10000,0.25,0.02834
16,105,59,8,10000,0.25,0.029665
16,105,60,8,10000,0.25,0.028951
16,105,61,8,10000,0.25,0.028072
16,105,62,9,10000,0.25,0.02824
16,105,63,7,10000,0.25,0.027813
16,105,64,8,10000,0.25,0.029273
16,105,65,8,10000,0.25,0.039126
16,105,66,8,10000,0.25,0.029075
16,105,67,8,10000,0.25,0.029731
16,105,68,8,10000,0.25,0.030814
16,105,69,10,10000,0.25,0.030183
16,105,70,8,10000,0.25,0.029686
16,105,71,7,10000,0.25,0.028922
16,105,72,9,10000,0.25,0.030604
16,105,73,8,10000,0.25,0.030704
16,105,74,9,10000,0.25,0.029902
16,105,75,10,10000,0.25,0.031139
16,105,76,9,10000,0.25,0.030805
16,105,77,8,10000,0.25,0.029951
16,105,78,10,10000,0.25,0.030792
16,105,79,8,10000,0.25,0.034567
16,105,80,6,10000,0.25,0.028084
16,105,81,7,10000,0.25,0.030155
16,105,82,8,10000,0.25,0.030842
16,105,83,9,10000,0.25,0.029725
16,105,84,9,10000,0.25,0.031026
16,105,85,9,10000,0.25,0.029074
16,105,86,9,10000,0.25,0.028477
16,105,87,8,10000,0.25,0.030323
16,105,88,8,10000,0.25,0.028883
16,105,89,7,10000,0.25,0.029326
16,105,90,10,10000,0.25,0.030539
16,105,91,9,10000,0.25,0.035111
16,105,92,9,10000,0.25,0.036354
16,105,93,9,10000,0.25,0.034846
16,105,94,9,10000,0.25,0.031858
16,105,95,7,10000,0.25,0.029727
16,105,96,8,10000,0.25,0.034475
16,105,97,9,10000,0.25,0.028419
16,105,98,8,10000,0.25,0.033617
16,105,99,9,10000,0.25,0.029882
16,105,100,7,10000,0.25,0.036166
16,105,101,10,10000,0.25,0.036587
16,105,102,8,10000,0.25,0.037903
16,105,103,7,10000,0.25,0.035961
16,105,104,7,10000,0.25,0.036011
16,105,105,9,10000,0.25,0.036919
16,105,106,8,10000,0.25,0.036025
16,105,107,8,10000,0.25,0.036059
16,105,108,9,10000,0.25,0.034803
16,105,109,8,10000,0.25,0.035862
16,105,110,8,10000,0.25,0.035717
16,105,111,8,10000,0.25,0.032893
16,105,112,8,10000,0.25,0.034906
16,105,113,7,10000,0.25,0.032507
16,105,114,8,10000,0.25,0.035538
16,105,115,8,10000,0.25,0.033467
16,105,116,7,10000,0.25,0.036319
16,105,117,7,10000,0.25,0.037585
16,105,118,8,10000,0.25,0.033914
16,105,119,8,10000,0.25,0.0308
16,105,120,8,10000,0.25,0.036441
16,105,121,8,10000,0.25,0.037618
16,105,122,8,10000,0.25,0.0318
16,105,123,8,10000,0.25,0.034645
16,105,124,9,10000,0.25,0.03172
16,105,125,8,10000,0.25,0.03277
16,105,126,9,10000,0.25,0.036106
16,105,127,8,10000,0.25,0.031372
16,105,128,8,10000,0.25,0.034015
16,105,129,10,10000,0.25,0.035584
16,105,130,8,10000,0.25,0.036391
16,105,131,8,10000,0.25,0.038404
16,105,132,8,10000,0.25,0.036533
16,105,133,8,10000,0.25,0.036966
16,105,134,8,10000,0.25,0.034885
16,105,135,8,10000,0.25,0.03139
16,105,136,9,10000,0.25,0.038018
16,105,137,9,10000,0.25,0.036944
16,105,138,8,10000,0.25,0.035412
16,105,139,8,10000,0.25,0.032571
16,105,140,8,10000,0.25,0.029515
16,105,141,7,10000,0.25,0.03148
16,105,142,9,10000,0.25,0.035305
16,105,143,8,10000,0.25,0.034275
16,105,144,9,10000,0.25,0.035281
16,105,145,9,10000,0.25,0.031834
16,105,146,8,10000,0.25,0.02911
16,105,147,9,10000,0.25,0.028683
16,105,148,7,10000,0.25,0.027133
16,105,149,8,10000,0.25,0.029731
16,105,150,8,10000,0.25,0.0307
16,105,151,8,10000,0.25,0.035057
16,105,152,8,10000,0.25,0.029613
16,105,153,8,10000,0.25,0.030644
16,105,154,8,10000,0.25,0.029321
16,105,155,8,10000,0.25,0.027892
16,105,156,8,10000,0.25,0.03017
16,105,157,8,10000,0.25,0.02948
16,105,158,8,10000,0.25,0.032095
16,105,159,7,10000,0.25,0.031766
16,105,160,8,10000,0.25,0.033023
16,105,161,8,10000,0.25,0.028417
16,105,162,9,10000,0.25,0.030448
16,105,163,8,10000,0.25,0.029507
16,105,164,9,10000,0.25,0.030248
16,105,165,7,10000,0.25,0.02968
16,105,166,8,10000,0.25,0.030975
16,105,167,9,10000,0.25,0.029602
16,105,168,9,10000,0.25,0.02951
16,105,169,8,10000,0.25,0.03017
16,105,170,8,10000,0.25,0.031097
16,105,171,8,10000,0.25,0.029725
16,105,172,10,10000,0.25,0.033571
16,105,173,9,10000,0.25,0.031835
16,105,174,8,10000,0.25,0.028235
16,105,175,8,10000,0.25,0.030574
16,105,176,8,10000,0.25,0.030481
16,105,177,9,10000,0.25,0.03033
16,105,178,8,10000,0.25,0.0347
16,105,179,8,10000,0.25,0.032333
16,105,180,8,10000,0.25,0.029561
16,105,181,8,10000,0.25,0.029685
16,105,182,9,10000,0.25,0.035166
16,105,183,9,10000,0.25,0.03875
16,105,184,8,10000,0.25,0.033219
16,105,185,9,10000,0.25,0.032828
16,105,186,8,10000,0.25,0.030492
16,105,187,8,10000,0.25,0.03668
16,105,188,8,10000,0.25,0.031426
16,105,189,9,10000,0.25,0.02894
16,105,190,7,10000,0.25,0.029746
16,105,191,9,10000,0.25,0.029917
16,105,192,8,10000,0.25,0.029563
16,105,193,8,10000,0.25,0.029411
16,105,194,8,10000,0.25,0.029825
16,105,195,8,10000,0.25,0.02994
16,105,196,8,10000,0.25,0.031521
16,105,197,8,10000,0.25,0.031297
16,105,198,9,10000,0.25,0.032269
16,105,199,9,10000,0.25,0.029836
16,105,200,8,10000,0.25,0.029602
16,105,201,7,10000,0.25,0.029744
16,105,202,8,10000,0.25,0.028688
16,105,203,9,10000,0.25,0.029737
16,105,204,7,10000,0.25,0.029248
16,105,205,8,10000,0.25,0.027741
16,105,206,8,10000,0.25,0.029707
16,105,207,8,10000,0.25,0.030014
16,105,208,7,10000,0.25,0.027688
16,105,209,8,10000,0.25,0.030901
16,105,210,8,10000,0.25,0.032362
16,105,211,9,10000,0.25,0.030143
16,105,212,8,10000,0.25,0.035781
16,105,213,9,10000,0.25,0.033724
16,105,214,7,10000,0.25,0.034794
16,105,215,7,10000,0.25,0.029028
16,105,216,9,10000,0.25,0.030614
16,105,217,9,10000,0.25,0.031047
16,105,218,7,10000,0.25,0.027802
16,105,219,8,10000,0.25,0.032919
16,105,220,8,10000,0.25,0.030592
16,105,221,10,10000,0.25,0.031504
16,105,222,8,10000,0.25,0.030859
16,105,223,8,10000,0.25,0.030186
16,105,224,9,10000,0.25,0.030033
16,105,225,8,10000,0.25,0.032158
16,105,226,8,10000,0.25,0.029505
16,105,227,8,10000,0.25,0.029564
16,105,228,8,10000,0.25,0.0294
16,105,229,9,10000,0.25,0.031045
16,105,230,10,10000,0.25,0.032932
16,105,231,8,10000,0.25,0.030402
16,105,232,9,10000,0.25,0.0323
16,105,233,9,10000,0.25,0.031443
16,105,234,9,10000,0.25,0.03036
16,105,235,9,10000,0.25,0.028183
16,105,236,7,10000,0.25,0.029877
16,105,237,8,10000,0.25,0.029442
16,105,238,7,10000,0.25,0.029806
16,105,239,9,10000,0.25,0.028779
16,105,240,8,10000,0.25,0.028442
16,105,241,8,10000,0.25,0.030213
16,105,242,8,10000,0.25,0.028759
16,105,243,9,10000,0.25,0.036582
16,105,244,8,10000,0.25,0.032655
16,105,245,9,10000,0.25,0.032801
16,105,246,7,10000,0.25,0.031354
16,105,247,9,10000,0.25,0.029309
16,105,248,8,10000,0.25,0.029689
16,105,249,8,10000,0.25,0.031967
16,105,250,8,10000,0.25,0.029681
16,105,251,7,10000,0.25,0.034193
16,105,252,9,10000,0.25,0.032418
16,105,253,8,10000,0.25,0.029518
16,105,254,8,10000,0.25,0.030463
16,105,255,8,10000,0.25,0.032587
16,105,256,8,10000,0.25,0.029653
16,105,257,9,10000,0.25,0.029565
16,105,258,7,10000,0.25,0.029019
16,105,259,9,10000,0.25,0.030255
16,105,260,8,10000,0.25,0.027504
16,105,261,8,10000,0.25,0.030462
16,105,262,8,10000,0.25,0.029071
16,105,263,8,10000,0.25,0.02975
16,105,264,8,10000,0.25,0.029116
16,105,265,9,10000,0.25,0.029626
16,105,266,8,10000,0.25,0.030819
16,105,267,8,10000,0.25,0.031644
16,105,268,8,10000,0.25,0.029384
16,105,269,9,10000,0.25,0.030119
16,105,270,9,10000,0.25,0.031077
16,105,271,8,10000,0.25,0.03005
16,105,272,9,10000,0.25,0.030633
16,105,273,9,10000,0.25,0.030877
16,105,274,9,10000,0.25,0.030202
16,105,275,8,10000,0.25,0.033101
16,105,276,8,10000,0.25,0.029819
16,105,277,8,10000,0.25,0.029555
16,105,278,8,10000,0.25,0.030017
16,105,279,7,10000,0.25,0.027717
16,105,280,8,10000,0.25,0.029631
16,105,281,9,10000,0.25,0.040802
16,105,282,8,10000,0.25,0.027986
16,105,283,8,10000,0.25,0.030428
16,105,284,8,10000,0.25,0.028272
16,105,285,8,10000,0.25,0.030169
16,105,286,8,10000,0.25,0.030214
16,105,287,8,10000,0.25,0.028165
16,105,288,7,10000,0.25,0.032644
16,105,289,8,10000,0.25,0.03283
16,105,290,9,10000,0.25,0.032193
16,105,291,8,10000,0.25,0.029707
16,105,292,8,10000,0.25,0.031871
16,105,293,9,10000,0.25,0.033529
16,105,294,8,10000,0.25,0.029443
16,105,295,9,10000,0.25,0.030484
16,105,296,8,10000,0.25,0.029545
16,105,297,9,10000,0.25,0.029906
16,105,298,9,10000,0.25,0.034575
16,105,299,8,10000,0.25,0.030282
16,105,300,8,10000,0.25,0.03041
16,105,301,6,10000,0.25,0.027722
16,105,302,8,10000,0.25,0.030017
16,105,303,9,10000,0.25,0.030265
16,105,304,8,10000,0.25,0.032264
16,105,305,9,10000,0.25,0.03054
16,105,306,8,10000,0.25,0.030118
16,105,307,8,10000,0.25,0.030669
16,105,308,8,10000,0.25,0.03347
16,105,309,8,10000,0.25,0.030082
16,105,310,9,10000,0.25,0.031787
16,105,311,8,10000,0.25,0.030066
16,105,312,9,10000,0.25,0.031415
16,105,313,9,10000,0.25,0.033653
16,105,314,8,10000,0.25,0.030565
16,105,315,9,10000,0.25,0.030086
16,105,316,9,10000,0.25,0.029671
16,105,317,8,10000,0.25,0.032667
16,105,318,8,10000,0.25,0.030588
16,105,319,6,10000,0.25,0.037028
16,105,320,8,10000,0.25,0.033957
16,105,321,8,10000,0.25,0.029755
16,105,322,9,10000,0.25,0.031343
16,105,323,9,10000,0.25,0.031005
16,105,324,8,10000,0.25,0.032036
16,105,325,8,10000,0.25,0.031242
16,105,326,7,10000,0.25,0.02816
16,105,327,8,10000,0.25,0.029765
16,105,328,9,10000,0.25,0.029985
16,105,329,8,10000,0.25,0.030184
16,105,330,8,10000,0.25,0.02932
16,105,331,8,10000,0.25,0.036488
16,105,332,8,10000,0.25,0.03178
16,105,333,9,10000,0.25,0.030631
16,105,334,9,10000,0.25,0.029267
16,105,335,8,10000,0.25,0.02931
16,105,336,8,10000,0.25,0.031162
16,105,337,8,10000,0.25,0.029389
16,105,338,7,10000,0.25,0.029446
16,105,339,8,10000,0.25,0.030423
16,105,340,8,10000,0.25,0.030024
16,105,341,9,10000,0.25,0.030656
16,105,342,8,10000,0.25,0.031298
16,105,343,8,10000,0.25,0.029863
16,105,344,8,10000,0.25,0.03056
16,105,345,8,10000,0.25,0.031
16,105,346,8,10000,0.25,0.038283
16,105,347,8,10000,0.25,0.028297
16,105,348,8,10000,0.25,0.029954
16,105,349,9,10000,0.25,0.036706
16,105,350,9,10000,0.25,0.030299
16,105,351,8,10000,0.25,0.029079
16,105,352,7,10000,0.25,0.029809
16,105,353,9,10000,0.25,0.030446
16,105,354,8,10000,0.25,0.027972
16,105,355,7,10000,0.25,0.030114
16,105,356,9,10000,0.25,0.028671
16,105,357,8,10000,0.25,0.030485
16,105,358,8,10000,0.25,0.029279
16,105,359,8,10000,0.25,0.031337
16,105,360,9,10000,0.25,0.029557
16,105,361,8,10000,0.25,0.031412
16,105,362,7,10000,0.25,0.030538
16,105,363,9,10000,0.25,0.032011
16,105,364,9,10000,0.25,0.03224
16,105,365,8,10000,0.25,0.029972
16,105,366,8,10000,0.25,0.030586
16,105,367,8,10000,0.25,0.03664
16,105,368,8,10000,0.25,0.029561
16,105,369,7,10000,0.25,0.028727
16,105,370,9,10000,0.25,0.031796
16,105,371,8,10000,0.25,0.029072
16,105,372,8,10000,0.25,0.029508
16,105,373,8,10000,0.25,0.030578
16,105,374,7,10000,0.25,0.031978
16,105,375,10,10000,0.25,0.033723
16,105,376,8,10000,0.25,0.030332
16,105,377,8,10000,0.25,0.029561
16,105,378,9,10000,0.25,0.029848
16,105,379,8,10000,0.25,0.030267
16,105,380,9,10000,0.25,0.036953
16,105,381,7,10000,0.25,0.034309
16,105,382,8,10000,0.25,0.036746
16,105,383,8,10000,0.25,0.034231
16,105,384,8,10000,0.25,0.036562
16,105,385,9,10000,0.25,0.029475
16,105,386,8,10000,0.25,0.030497
16,105,387,8,10000,0.25,0.035402
16,105,388,8,10000,0.25,0.029799
16,105,389,8,10000,0.25,0.038219
16,105,390,9,10000,0.25,0.031835
16,105,391,9,10000,0.25,0.031
16,105,392,8,10000,0.25,0.032424
16,105,393,6,10000,0.25,0.029144
16,105,394,8,10000,0.25,0.029068
16,105,395,9,10000,0.25,0.033334
16,105,396,8,10000,0.25,0.038794
16,105,397,7,10000,0.25,0.035646
16,105,398,8,10000,0.25,0.030415
16,105,399,8,10000,0.25,0.032121
16,105,400,8,10000,0.25,0.028648
16,108,1,9,10000,0.25,0.028334
16,108,2,10,10000,0.25,0.031487
16,108,3,10,10000,0.25,0.034167
16,108,4,8,10000,0.25,0.028213
16,108,5,10,10000,0.25,0.041927
16,108,6,9,10000,0.25,0.028983
16,108,7,9,10000,0.25,0.03288
16,108,8,9,10000,0.25,0.034562
16,108,9,10,10000,0.25,0.031239
16,108,10,9,10000,0.25,0.037209
16,108,11,10,10000,0.25,0.038747
16,108,12,9,10000,0.25,0.039559
16,108,13,9,10000,0.25,0.036229
16,108,14,9,10000,0.25,0.035463
16,108,15,8,10000,0.25,0.031181
16,108,16,10,10000,0.25,0.032058
16,108,17,9,10000,0.25,0.030779
16,108,18,9,10000,0.25,0.030427
16,108,19,9,10000,0.25,0.030847
16,108,20,10,10000,0.25,0.029733
16,108,21,10,10000,0.25,0.030924
16,108,22,9,10000,0.25,0.030275
16,108,23,9,10000,0.25,0.031418
16,108,24,10,10000,0.25,0.033823
16,108,25,10,10000,0.25,0.034628
16,108,26,10,10000,0.25,0.030937
16,108,27,8,10000,0.25,0.029623
16,108,28,9,10000,0.25,0.032098
16,108,29,10,10000,0.25,0.03381
16,108,30,9,10000,0.25,0.030542
16,108,31,9,10000,0.25,0.030992
16,108,32,11,10000,0.25,0.031489
16,108,33,10,10000,0.25,0.031686
16,108,34,8,10000,0.25,0.032135
16,108,35,10,10000,0.25,0.031916
16,108,36,10,10000,0.25,0.030904
16,108,37,10,10000,0.25,0.033315
16,108,38,10,10000,0.25,0.031926
16,108,39,10,10000,0.25,0.029153
16,108,40,8,10000,0.25,0.028699
16,108,41,9,10000,0.25,0.033013
16,108,42,10,10000,0.25,0.04017
16,108,43,10,10000,0.25,0.038031
16,108,44,10,10000,0.25,0.038237
16,108,45,10,10000,0.25,0.041195
16,108,46,9,10000,0.25,0.039235
16,108,47,9,10000,0.25,0.030951
16,108,48,10,10000,0.25,0.033245
16,108,49,9,10000,0.25,0.032696
16,108,50,10,10000,0.25,0.030449
16,108,51,9,10000,0.25,0.029944
16,108,52,9,10000,0.25,0.030742
16,108,53,9,10000,0.25,0.029056
16,108,54,10,10000,0.25,0.030465
16,108,55,9,10000,0.25,0.030688
16,108,56,9,10000,0.25,0.031101
16,108,57,11,10000,0.25,0.033971
16,108,58,10,10000,0.25,0.038456
16,108,59,8,10000,0.25,0.030427
16,108,60,9,10000,0.25,0.028276
16,108,61,8,10000,0.25,0.03073
16,108,62,10,10000,0.25,0.029155
16,108,63,10,10000,0.25,0.031684
16,108,64,9,10000,0.25,0.031103
16,108,65,10,10000,0.25,0.033163
16,108,66,9,10000,0.25,0.031227
16,108,67,9,10000,0.25,0.031415
16,108,68,9,10000,0.25,0.030035
16,108,69,8,10000,0.25,0.032001
16,108,70,9,10000,0.25,0.030737
16,108,71,10,10000,0.25,0.03029
16,108,72,10,10000,0.25,0.030881
16,108,73,7,10000,0.25,0.032031
16,108,74,10,10000,0.25,0.036534
16,108,75,8,10000,0.25,0.037431
16,108,76,10,10000,0.25,0.037703
16,108,77,10,10000,0.25,0.037546
16,108,78,9,10000,0.25,0.035669
16,108,79,9,10000,0.25,0.040465
16,108,80,9,10000,0.25,0.029933
16,108,81,8,10000,0.25,0.029538
16,108,82,9,10000,0.25,0.031063
16,108,83,9,10000,0.25,0.031607
16,108,84,10,10000,0.25,0.032277
16,108,85,10,10000,0.25,0.031451
16,108,86,9,10000,0.25,0.030043
16,108,87,9,10000,0.25,0.030815
16,108,88,9,10000,0.25,0.030493
16,108,89,9,10000,0.25,0.031006
16,108,90,9,10000,0.25,0.029936
16,108,91,10,10000,0.25,0.03017
16,108,92,10,10000,0.25,0.030165
16,108,93,8,10000,0.25,0.030512
16,108,94,9,10000,0.25,0.030513
16,108,95,9,10000,0.25,0.028325
16,108,96,9,10000,0.25,0.030865
16,108,97,9,10000,0.25,0.029256
16,108,98,9,10000,0.25,0.03057
16,108,99,9,10000,0.25,0.030481
16,108,100,10,10000,0.25,0.038138
16,108,101,10,10000,0.25,0.038331
16,108,102,9,10000,0.25,0.038397
16,108,103,9,10000,0.25,0.037993
16,108,104,9,10000,0.25,0.039196
16,108,105,9,10000,0.25,0.037199
16,108,106,9,10000,0.25,0.037031
16,108,107,9,10000,0.25,0.039059
16,108,108,11,10000,0.25,0.037638
16,108,109,10,10000,0.25,0.037416
16,108,110,9,10000,0.25,0.039418
16,108,111,9,10000,0.25,0.035047
16,108,112,10,10000,0.25,0.030851
16,108,113,10,10000,0.25,0.037664
16,108,114,10,10000,0.25,0.031978
16,108,115,9,10000,0.25,0.038357
16,108,116,9,10000,0.25,0.035006
16,108,117,9,10000,0.25,0.035643
16,108,118,10,10000,0.25,0.035591
16,108,119,9,10000,0.25,0.030994
16,108,120,8,10000,0.25,0.030733
16,108,121,9,10000,0.25,0.031274
16,108,122,9,10000,0.25,0.028689
16,108,123,9,10000,0.25,0.033307
16,108,124,9,10000,0.25,0.038936
16,108,125,8,10000,0.25,0.037666
16,108,126,10,10000,0.25,0.032973
16,108,127,10,10000,0.25,0.032127
16,108,128,9,10000,0.25,0.031925
16,108,129,9,10000,0.25,0.033557
16,108,130,9,10000,0.25,0.032431
16,108,131,9,10000,0.25,0.034928
16,108,132,9,10000,0.25,0.035871
16,108,133,9,10000,0.25,0.033585
16,108,134,9,10000,0.25,0.037916
16,108,135,9,10000,0.25,0.037515
16,108,136,9,10000,0.25,0.037351
16,108,137,10,10000,0.25,0.036292
16,108,138,10,10000,0.25,0.032984
16,108,139,10,10000,0.25,0.039559
16,108,140,9,10000,0.25,0.036707
16,108,141,10,10000,0.25,0.032477
16,108,142,9,10000,0.25,0.037758
16,108,143,10,10000,0.25,0.033613
16,108,144,11,10000,0.25,0.030924
16,108,145,10,10000,0.25,0.032042
16,108,146,10,10000,0.25,0.035359
16,108,147,10,10000,0.25,0.032908
16,108,148,8,10000,0.25,0.030358
16,108,149,9,10000,0.25,0.029336
16,108,150,10,10000,0.25,0.029957
16,108,151,9,10000,0.25,0.031973
16,108,152,9,10000,0.25,0.032083
16,108,153,9,10000,0.25,0.032824
16,108,154,10,10000,0.25,0.035422
16,108,155,10,10000,0.25,0.030121
16,108,156,8,10000,0.25,0.030298
16,108,157,10,10000,0.25,0.02903
16,108,158,9,10000,0.25,0.030747
16,108,159,9,10000,0.25,0.031274
16,108,160,10,10000,0.25,0.032879
16,108,161,9,10000,0.25,0.033071
16,108,162,9,10000,0.25,0.03531
16,108,163,10,10000,0.25,0.033561
16,108,164,10,10000,0.25,0.03126
16,108,165,9,10000,0.25,0.029576
16,108,166,9,10000,0.25,0.029377
16,108,167,9,10000,0.25,0.03067
16,108,168,10,10000,0.25,0.032181
16,108,169,9,10000,0.25,0.030549
16,108,170,9,10000,0.25,0.030345
16,108,171,10,10000,0.25,0.031661
16,108,172,10,10000,0.25,0.029826
16,108,173,9,10000,0.25,0.030949
16,108,174,9,10000,0.25,0.031183
16,108,175,8,10000,0.25,0.032858
16,108,176,10,10000,0.25,0.031434
16,108,177,11,10000,0.25,0.029442
16,108,178,8,10000,0.25,0.02987
16,108,179,8,10000,0.25,0.029911
16,108,180,9,10000,0.25,0.032768
16,108,181,10,10000,0.25,0.031579
16,108,182,9,10000,0.25,0.030536
16,108,183,9,10000,0.25,0.030435
16,108,184,10,10000,0.25,0.02905
16,108,185,9,10000,0.25,0.030303
16,108,186,9,10000,0.25,0.034392
16,108,187,10,10000,0.25,0.039387
16,108,188,10,10000,0.25,0.033322
16,108,189,9,10000,0.25,0.033186
16,108,190,9,10000,0.25,0.038819
16,108,191,10,10000,0.25,0.030967
16,108,192,9,10000,0.25,0.03144
16,108,193,10,10000,0.25,0.031201
16,108,194,9,10000,0.25,0.032695
16,108,195,9,10000,0.25,0.030139
16,108,196,9,10000,0.25,0.031464
16,108,197,9,10000,0.25,0.030467
16,108,198,10,10000,0.25,0.030897
16,108,199,10,10000,0.25,0.031516
16,108,200,10,10000,0.25,0.030969
16,108,201,10,10000,0.25,0.030938
16,108,202,11,10000,0.25,0.031607
16,108,203,10,10000,0.25,0.031504
16,108,204,9,10000,0.25,0.030928
16,108,205,9,10000,0.25,0.029551
16,108,206,10,10000,0.25,0.031235
16,108,207,10,10000,0.25,0.031671
16,108,208,8,10000,0.25,0.029856
16,108,209,9,10000,0.25,0.030177
16,108,210,9,10000,0.25,0.031277
16,108,211,9,10000,0.25,0.029414
16,108,212,9,10000,0.25,0.032339
16,108,213,9,10000,0.25,0.032764
16,108,214,10,10000,0.25,0.033916
16,108,215,10,10000,0.25,0.031455
16,108,216,10,10000,0.25,0.036572
16,108,217,9,10000,0.25,0.03569
16,108,218,9,10000,0.25,0.032322
16,108,219,9,10000,0.25,0.030381
16,108,220,9,10000,0.25,0.031585
16,108,221,10,10000,0.25,0.029329
16,108,222,10,10000,0.25,0.032523
16,108,223,9,10000,0.25,0.030768
16,108,224,9,10000,0.25,0.030641
16,108,225,9,10000,0.25,0.031663
16,108,226,10,10000,0.25,0.032495
16,108,227,9,10000,0.25,0.032072
16,108,228,10,10000,0.25,0.033503
16,108,229,9,10000,0.25,0.031241
16,108,230,10,10000,0.25,0.03161
16,108,231,9,10000,0.25,0.030969
16,108,232,10,10000,0.25,0.031519
16,108,233,9,10000,0.25,0.031042
16,108,234,8,10000,0.25,0.028618
16,108,235,9,10000,0.25,0.029775
16,108,236,10,10000,0.25,0.031055
16,108,237,9,10000,0.25,0.030874
16,108,238,9,10000,0.25,0.030537
16,108,239,9,10000,0.25,0.030777
16,108,240,9,10000,0.25,0.029838
16,108,241,8,10000,0.25,0.029735
16,108,242,10,10000,0.25,0.0319
16,108,243,9,10000,0.25,0.033254
16,108,244,9,10000,0.25,0.030613
16,108,245,10,10000,0.25,0.03156
16,108,246,10,10000,0.25,0.030068
16,108,247,10,10000,0.25,0.030429
16,108,248,10,10000,0.25,0.030565
16,108,249,9,10000,0.25,0.031014
16,108,250,9,10000,0.25,0.03112
16,108,251,10,10000,0.25,0.031271
16,108,252,10,10000,0.25,0.031245
16,108,253,8,10000,0.25,0.030331
16,108,254,9,10000,0.25,0.035485
16,108,255,9,10000,0.25,0.035624
16,108,256,8,10000,0.25,0.03309
16,108,257,9,10000,0.25,0.031682
16,108,258,10,10000,0.25,0.034288
16,108,259,9,10000,0.25,0.030775
16,108,260,8,10000,0.25,0.030036
16,108,261,9,10000,0.25,0.031419
16,108,262,10,10000,0.25,0.031695
16,108,263,9,10000,0.25,0.040834
16,108,264,10,10000,0.25,0.03889
16,108,265,9,10000,0.25,0.034392
16,108,266,8,10000,0.25,0.028213
16,108,267,10,10000,0.25,0.030926
16,108,268,10,10000,0.25,0.031272
16,108,269,9,10000,0.25,0.028349
16,108,270,9,10000,0.25,0.031044
16,108,271,9,10000,0.25,0.032485
16,108,272,10,10000,0.25,0.031656
16,108,273,10,10000,0.25,0.031307
16,108,274,10,10000,0.25,0.029901
16,108,275,10,10000,0.25,0.031028
16,108,276,9,10000,0.25,0.02866
16,108,277,9,10000,0.25,0.033399
16,108,278,9,10000,0.25,0.030309
16,108,279,9,10000,0.25,0.030284
16,108,280,10,10000,0.25,0.030368
16,108,281,9,10000,0.25,0.030642
16,108,282,9,10000,0.25,0.028176
16,108,283,10,10000,0.25,0.036775
16,108,284,9,10000,0.25,0.028937
16,108,285,9,10000,0.25,0.031156
16,108,286,9,10000,0.25,0.032136
16,108,287,9,10000,0.25,0.029924
16,108,288,9,10000,0.25,0.030099
16,108,289,10,10000,0.25,0.0307
16,108,290,9,10000,0.25,0.030523
16,108,291,8,10000,0.25,0.030765
16,108,292,10,10000,0.25,0.03485
16,108,293,8,10000,0.25,0.031176
16,108,294,10,10000,0.25,0.035708
16,108,295,9,10000,0.25,0.035059
16,108,296,10,10000,0.25,0.03141
16,108,297,10,10000,0.25,0.029112
16,108,298,9,10000,0.25,0.030837
16,108,299,10,10000,0.25,0.031414
16,108,300,9,10000,0.25,0.03047
16,108,301,10,10000,0.25,0.031869
16,108,302,9,10000,0.25,0.029796
16,108,303,9,10000,0.25,0.03049
16,108,304,10,10000,0.25,0.030657
16,108,305,11,10000,0.25,0.030605
16,108,306,8,10000,0.25,0.029901
16,108,307,9,10000,0.25,0.031088
16,108,308,10,10000,0.25,0.030406
16,108,309,10,10000,0.25,0.031491
16,108,310,9,10000,0.25,0.030223
16,108,311,9,10000,0.25,0.031072
16,108,312,10,10000,0.25,0.031674
16,108,313,10,10000,0.25,0.030689
16,108,314,9,10000,0.25,0.030488
16,108,315,10,10000,0.25,0.030384
16,108,316,9,10000,0.25,0.032891
16,108,317,10,10000,0.25,0.030446
16,108,318,10,10000,0.25,0.030177
16,108,319,9,10000,0.25,0.031009
16,108,320,10,10000,0.25,0.03256
16,108,321,9,10000,0.25,0.033998
16,108,322,10,10000,0.25,0.030967
16,108,323,11,10000,0.25,0.03387
16,108,324,9,10000,0.25,0.03304
16,108,325,10,10000,0.25,0.031653
16,108,326,10,10000,0.25,0.030878
16,108,327,9,10000,0.25,0.031314
16,108,328,9,10000,0.25,0.03105
16,108,329,11,10000,0.25,0.032148
16,108,330,9,10000,0.25,0.032477
16,108,331,9,10000,0.25,0.031334
16,108,332,9,10000,0.25,0.031656
16,108,333,10,10000,0.25,0.0372
16,108,334,10,10000,0.25,0.030881
16,108,335,9,10000,0.25,0.031729
16,108,336,9,10000,0.25,0.036231
16,108,337,9,10000,0.25,0.033016
16,108,338,8,10000,0.25,0.032824
16,108,339,11,10000,0.25,0.0336
16,108,340,9,10000,0.25,0.032611
16,108,341,9,10000,0.25,0.031547
16,108,342,9,10000,0.25,0.033687
16,108,343,10,10000,0.25,0.031424
16,108,344,8,10000,0.25,0.031465
16,108,345,10,10000,0.25,0.032572
16,108,346,9,10000,0.25,0.030755
16,108,347,10,10000,0.25,0.029014
16,108,348,10,10000,0.25,0.030812
16,108,349,9,10000,0.25,0.03137
16,108,350,10,10000,0.25,0.030545
16,108,351,10,10000,0.25,0.030557
16,108,352,10,10000,0.25,0.033844
16,108,353,10,10000,0.25,0.031669
16,108,354,10,10000,0.25,0.031481
16,108,355,8,10000,0.25,0.029967
16,108,356,9,10000,0.25,0.030641
16,108,357,11,10000,0.25,0.033317
16,108,358,9,10000,0.25,0.031603
16,108,359,10,10000,0.25,0.029817
16,108,360,9,10000,0.25,0.031142
16,108,361,9,10000,0.25,0.032973
16,108,362,9,10000,0.25,0.032475
16,108,363,10,10000,0.25,0.034325
16,108,364,10,10000,0.25,0.033267
16,108,365,10,10000,0.25,0.032644
16,108,366,11,10000,0.25,0.033967
16,108,367,8,10000,0.25,0.031334
16,108,368,9,10000,0.25,0.032725
16,108,369,10,10000,0.25,0.034922
16,108,370,8,10000,0.25,0.031052
16,108,371,10,10000,0.25,0.033349
16,108,372,10,10000,0.25,0.030088
16,108,373,8,10000,0.25,0.033237
16,108,374,9,10000,0.25,0.040184
16,108,375,9,10000,0.25,0.03178
16,108,376,7,10000,0.25,0.028819
16,108,377,9,10000,0.25,0.031058
16,108,378,9,10000,0.25,0.031958
16,108,379,9,10000,0.25,0.034299
16,108,380,10,10000,0.25,0.032142
16,108,381,9,10000,0.25,0.031289
16,108,382,9,10000,0.25,0.032382
16,108,383,9,10000,0.25,0.031267
16,108,384,9,10000,0.25,0.028631
16,108,385,8,10000,0.25,0.030642
16,108,386,10,10000,0.25,0.029565
16,108,387,9,10000,0.25,0.03116
16,108,388,8,10000,0.25,0.030727
16,108,389,10,10000,0.25,0.03083
16,108,390,9,10000,0.25,0.030562
16,108,391,10,10000,0.25,0.028545
16,108,392,9,10000,0.25,0.02905
16,108,393,9,10000,0.25,0.029743
16,108,394,10,10000,0.25,0.029337
16,108,395,9,10000,0.25,0.02829
16,108,396,9,10000,0.25,0.028276
16,108,397,10,10000,0.25,0.029114
16,108,398,9,10000,0.25,0.02876
16,108,399,9,10000,0.25,0.028265
16,108,400,9,10000,0.25,0.031906
32,158,1,0,20000,0.25,0.001001
32,158,2,0,20000,0.25,0.00516
32,158,3,0,20000,0.25,0.000281
32,158,4,0,20000,0.25,0.000824
32,158,5,0,20000,0.25,0.000854
32,158,6,1,20000,0.25,0.09807
32,158,7,1,20000,0.25,0.09965
32,158,8,1,20000,0.25,0.098816
32,158,9,0,20000,0.25,0.001518
32,158,10,0,20000,0.25,0.000795
32,158,11,0,20000,0.25,0.000622
32,158,12,0,20000,0.25,0.000495
32,158,13,0,20000,0.25,0.00195
32,158,14,0,20000,0.25,0.002805
32,158,15,0,20000,0.25,0.000627
32,158,16,0,20000,0.25,0.00052
32,158,17,0,20000,0.25,0.000657
32,158,18,0,20000,0.25,0.000735
32,158,19,0,20000,0.25,0.000962
32,158,20,0,20000,0.25,0.000385
32,158,21,0,20000,0.25,0.000691
32,158,22,0,20000,0.25,0.000567
32,158,23,0,20000,0.25,0.003484
32,158,24,1,20000,0.25,0.096611
32,158,25,0,20000,0.25,0.001769
32,158,26,0,20000,0.25,0.000874
32,158,27,0,20000,0.25,0.00124
32,158,28,0,20000,0.25,0.000297
32,158,29,0,20000,0.25,0.000186
32,158,30,0,20000,0.25,0.000963
32,158,31,1,20000,0.25,0.101937
32,158,32,0,20000,0.25,0.000538
32,158,33,0,20000,0.25,0.001033
32,158,34,1,20000,0.25,0.100331
32,158,35,0,20000,0.25,0.00074
32,158,36,0,20000,0.25,0.000625
32,158,37,0,20000,0.25,0.000285
32,158,38,1,20000,0.25,0.099455
32,158,39,0,20000,0.25,0.001408
32,158,40,0,20000,0.25,0.000749
32,158,41,0,20000,0.25,0.000517
32,158,42,0,20000,0.25,0.000744
32,158,43,0,20000,0.25,0.000884
32,158,44,0,20000,0.25,0.001093
32,158,45,0,20000,0.25,0.000417
32,158,46,0,20000,0.25,0.001584
32,158,47,0,20000,0.25,0.000524
32,158,48,0,20000,0.25,0.00117
32,158,49,0,20000,0.25,0.001133
32,158,50,0,20000,0.25,0.000798
32,158,51,1,20000,0.25,0.099417
32,158,52,0,20000,0.25,0.000485
32,158,53,0,20000,0.25,0.001389
32,158,54,0,20000,0.25,0.001131
32,158,55,0,20000,0.25,0.000528
32,158,56,1,20000,0.25,0.096261
32,158,57,0,20000,0.25,0.00147
32,158,58,1,20000,0.25,0.09523
32,158,59,0,20000,0.25,0.001523
32,158,60,0,20000,0.25,0.000238
32,158,61,0,20000,0.25,0.002671
32,158,62,0,20000,0.25,0.000675
32,158,63,0,20000,0.25,0.000749
32,158,64,0,20000,0.25,0.002795
32,158,65,0,20000,0.25,0.001064
32,158,66,0,20000,0.25,0.006032
32,158,67,0,20000,0.25,0.002571
32,158,68,1,20000,0.25,0.097366
32,158,69,1,20000,0.25,0.092602
32,158,70,0,20000,0.25,0.000415
32,158,71,0,20000,0.25,0.001947
32,158,72,0,20000,0.25,0.001092
32,158,73,0,20000,0.25,0.000525
32,158,74,1,20000,0.25,0.098868
32,158,75,0,20000,0.25,0.0004
32,158,76,0,20000,0.25,0.002519
32,158,77,1,20000,0.25,0.098433
32,158,78,0,20000,0.25,0.000263
32,158,79,0,20000,0.25,0.000575
32,158,80,1,20000,0.25,0.099232
32,158,81,0,20000,0.25,0.001138
32,158,82,0,20000,0.25,0.009678
32,158,83,0,20000,0.25,0.000385
32,158,84,0,20000,0.25,0.00059
32,158,85,1,20000,0.25,0.0986
32,158,86,0,20000,0.25,0.001575
32,158,87,0,20000,0.25,0.000783
32,158,88,0,20000,0.25,0.001193
32,158,89,0,20000,0.25,0.001136
32,158,90,0,20000,0.25,0.001863
32,158,91,0,20000,0.25,0.000832
32,158,92,0,20000,0.25,0.000706
32,158,93,0,20000,0.25,0.000639
32,158,94,0,20000,0.25,0.000884
32,158,95,0,20000,0.25,0.001911
32,158,96,0,20000,0.25,0.00059
32,158,97,0,20000,0.25,0.001067
32,158,98,1,20000,0.25,0.096569
32,158,99,0,20000,0.25,0.000337
32,158,100,0,20000,0.25,0.001017
32,158,101,0,20000,0.25,0.001842
32,158,102,0,20000,0.25,0.011512
32,158,103,1,20000,0.25,0.100025
32,158,104,1,20000,0.25,0.098877
32,158,105,1,20000,0.25,0.099553
32,158,106,1,20000,0.25,0.099601
32,158,107,0,20000,0.25,0.001001
32,158,108,0,20000,0.25,0.000749
32,158,109,0,20000,0.25,0.000501
32,158,110,0,20000,0.25,0.001407
32,158,111,1,20000,0.25,0.101521
32,158,112,0,20000,0.25,0.005742
32,158,113,0,20000,0.25,0.000413
32,158,114,0,20000,0.25,0.000891
32,158,115,0,20000,0.25,0.001159
32,158,116,2,20000,0.25,0.101836
32,158,117,0,20000,0.25,0.000684
32,158,118,0,20000,0.25,0.001078
32,158,119,0,20000,0.25,0.011959
32,158,120,0,20000,0.25,0.001429
32,158,121,1,20000,0.25,0.098106
32,158,122,0,20000,0.25,0.000453
32,158,123,0,20000,0.25,0.002239
32,158,124,0,20000,0.25,0.003128
32,158,125,0,20000,0.25,0.000445
32,158,126,1,20000,0.25,0.099103
32,158,127,1,20000,0.25,0.094548
32,158,128,0,20000,0.25,0.000288
32,158,129,0,20000,0.25,0.001969
32,158,130,0,20000,0.25,0.004906
32,158,131,0,20000,0.25,0.000669
32,158,132,0,20000,0.25,0.000841
32,158,133,0,20000,0.25,0.000548
32,158,134,0,20000,0.25,0.000636
32,158,135,0,20000,0.25,0.007888
32,158,136,0,20000,0.25,0.003023
32,158,137,0,20000,0.25,0.000658
32,158,138,0,20000,0.25,0.00212
32,158,139,0,20000,0.25,0.003982
32,158,140,0,20000,0.25,0.001029
32,158,141,0,20000,0.25,0.000602
32,158,142,0,20000,0.25,0.00067
32,158,143,0,20000,0.25,0.004874
32,158,144,0,20000,0.25,0.002612
32,158,145,1,20000,0.25,0.099593
32,158,146,0,20000,0.25,0.000549
32,158,147,0,20000,0.25,0.009609
32,158,148,0,20000,0.25,0.001555
32,158,149,0,20000,0.25,0.000407
32,158,150,0,20000,0.25,0.003232
32,158,151,1,20000,0.25,0.096696
32,158,152,0,20000,0.25,0.000502
32,158,153,0,20000,0.25,0.002292
32,158,154,0,20000,0.25,0.003256
32,158,155,0,20000,0.25,0.000597
32,158,156,0,20000,0.25,0.00094
32,158,157,0,20000,0.25,0.00086
32,158,158,0,20000,0.25,0.000696
32,158,159,0,20000,0.25,0.000507
32,158,160,0,20000,0.25,0.00948
32,158,161,0,20000,0.25,0.00056
32,158,162,0,20000,0.25,0.003181
32,158,163,0,20000,0.25,0.000225
32,158,164,1,20000,0.25,0.095937
32,158,165,0,20000,0.25,0.000519
32,158,166,0,20000,0.25,0.000783
32,158,167,0,20000,0.25,0.000795
32,158,168,0,20000,0.25,0.000623
32,158,169,0,20000,0.25,0.001788
32,158,170,0,20000,0.25,0.000755
32,158,171,0,20000,0.25,0.000379
32,158,172,1,20000,0.25,0.099077
32,158,173,0,20000,0.25,0.000462
32,158,174,0,20000,0.25,0.001091
32,158,175,0,20000,0.25,0.000801
32,158,176,0,20000,0.25,0.000304
32,158,177,0,20000,0.25,0.008399
32,158,178,1,20000,0.25,0.091049
32,158,179,0,20000,0.25,0.000255
32,158,180,1,20000,0.25,0.099813
32,158,181,1,20000,0.25,0.093327
32,158,182,0,20000,0.25,0.000303
32,158,183,0,20000,0.25,0.000515
32,158,184,0,20000,0.25,0.000887
32,158,185,1,20000,0.25,0.100169
32,158,186,0,20000,0.25,0.000246
32,158,187,0,20000,0.25,0.00055
32,158,188,0,20000,0.25,0.000713
32,158,189,0,20000,0.25,0.007975
32,158,190,0,20000,0.25,0.001973
32,158,191,0,20000,0.25,0.00057
32,158,192,0,20000,0.25,0.000818
32,158,193,0,20000,0.25,0.001651
32,158,194,0,20000,0.25,0.001237
32,158,195,0,20000,0.25,0.000781
32,158,196,0,20000,0.25,0.002021
32,158,197,0,20000,0.25,0.002954
32,158,198,0,20000,0.25,0.0016
32,158,199,1,20000,0.25,0.096524
32,158,200,0,20000,0.25,0.000521
32,158,201,0,20000,0.25,0.000564
32,158,202,0,20000,0.25,0.000986
32,158,203,0,20000,0.25,0.00054
32,158,204,1,20000,0.25,0.0976
32,158,205,0,20000,0.25,0.000418
32,158,206,0,20000,0.25,0.000414
32,158,207,0,20000,0.25,0.000579
32,158,208,0,20000,0.25,0.000564
32,158,209,0,20000,0.25,0.001925
32,158,210,0,20000,0.25,0.000537
32,158,211,0,20000,0.25,0.00927
32,158,212,1,20000,0.25,0.092739
32,158,213,1,20000,0.25,0.09144
32,158,214,0,20000,0.25,0.000241
32,158,215,0,20000,0.25,0.001281
32,158,216,0,20000,0.25,0.006092
32,158,217,0,20000,0.25,0.001084
32,158,218,0,20000,0.25,0.000595
32,158,219,0,20000,0.25,0.000562
32,158,220,0,20000,0.25,0.004258
32,158,221,0,20000,0.25,0.000401
32,158,222,0,20000,0.25,0.001678
32,158,223,1,20000,0.25,0.098496
32,158,224,0,20000,0.25,0.000411
32,158,225,0,20000,0.25,0.000303
32,158,226,0,20000,0.25,0.000797
32,158,227,0,20000,0.25,0.0005
32,158,228,0,20000,0.25,0.004754
32,158,229,0,20000,0.25,0.000611
32,158,230,1,20000,0.25,0.096962
32,158,231,1,20000,0.25,0.089899
32,158,232,0,20000,0.25,0.000307
32,158,233,0,20000,0.25,0.000415
32,158,234,0,20000,0.25,0.000755
32,158,235,1,20000,0.25,0.099906
32,158,236,1,20000,0.25,0.096548
32,158,237,0,20000,0.25,0.000315
32,158,238,0,20000,0.25,0.001288
32,158,239,0,20000,0.25,0.000552
32,158,240,0,20000,0.25,0.000267
32,158,241,0,20000,0.25,0.001131
32,158,242,1,20000,0.25,0.097829
32,158,243,0,20000,0.25,0.000195
32,158,244,0,20000,0.25,0.001059
32,158,245,0,20000,0.25,0.000495
32,158,246,0,20000,0.25,0.000452
32,158,247,0,20000,0.25,0.001146
32,158,248,0,20000,0.25,0.00052
32,158,249,0,20000,0.25,0.001989
32,158,250,0,20000,0.25,0.001645
32,158,251,0,20000,0.25,0.001248
32,158,252,0,20000,0.25,0.000642
32,158,253,0,20000,0.25,0.001048
32,158,254,0,20000,0.25,0.00562
32,158,255,0,20000,0.25,0.00073
32,158,256,1,20000,0.25,0.095953
32,158,257,0,20000,0.25,0.000294
32,158,258,0,20000,0.25,0.000246
32,158,259,0,20000,0.25,0.001038
32,158,260,0,20000,0.25,0.001187
32,158,261,0,20000,0.25,0.001764
32,158,262,0,20000,0.25,0.001339
32,158,263,0,20000,0.25,0.000805
32,158,264,0,20000,0.25,0.000847
32,158,265,1,20000,0.25,0.096482
32,158,266,0,20000,0.25,0.000645
32,158,267,0,20000,0.25,0.000424
32,158,268,0,20000,0.25,0.001546
32,158,269,0,20000,0.25,0.002422
32,158,270,0,20000,0.25,0.011562
32,158,271,0,20000,0.25,0.000302
32,158,272,0,20000,0.25,0.002796
32,158,273,0,20000,0.25,0.001548
32,158,274,0,20000,0.25,0.001587
32,158,275,0,20000,0.25,0.000705
32,158,276,0,20000,0.25,0.000397
32,158,277,0,20000,0.25,0.000599
32,158,278,1,20000,0.25,0.095731
32,158,279,1,20000,0.25,0.09542
32,158,280,0,20000,0.25,0.000352
32,158,281,0,20000,0.25,0.001704
32,158,282,1,20000,0.25,0.098473
32,158,283,0,20000,0.25,0.000289
32,158,284,0,20000,0.25,0.000554
32,158,285,0,20000,0.25,0.001688
32,158,286,0,20000,0.25,0.001733
32,158,287,0,20000,0.25,0.001624
32,158,288,0,20000,0.25,0.000722
32,158,289,1,20000,0.25,0.098333
32,158,290,0,20000,0.25,0.00044
32,158,291,1,20000,0.25,0.101591
32,158,292,1,20000,0.25,0.09663
32,158,293,0,20000,0.25,0.000406
32,158,294,0,20000,0.25,0.000939
32,158,295,0,20000,0.25,0.000669
32,158,296,0,20000,0.25,0.000803
32,158,297,0,20000,0.25,0.002221
32,158,298,0,20000,0.25,0.00134
32,158,299,1,20000,0.25,0.100747
32,158,300,0,20000,0.25,0.001337
32,158,301,0,20000,0.25,0.000973
32,158,302,0,20000,0.25,0.000673
32,158,303,0,20000,0.25,0.000609
32,158,304,0,20000,0.25,0.003085
32,158,305,0,20000,0.25,0.000632
32,158,306,0,20000,0.25,0.001395
32,158,307,0,20000,0.25,0.001263
32,158,308,1,20000,0.25,0.100458
32,158,309,0,20000,0.25,0.000822
32,158,310,1,20000,0.25,0.091466
32,158,311,0,20000,0.25,0.000321
32,158,312,0,20000,0.25,0.00145
32,158,313,0,20000,0.25,0.002169
32,158,314,0,20000,0.25,0.000775
32,158,315,1,20000,0.25,0.099879
32,158,316,0,20000,0.25,0.000549
32,158,317,1,20000,0.25,0.097911
32,158,318,0,20000,0.25,0.000361
32,158,319,0,20000,0.25,0.002912
32,158,320,0,20000,0.25,0.000473
32,158,321,0,20000,0.25,0.000416
32,158,322,0,20000,0.25,0.001428
32,158,323,0,20000,0.25,0.000716
32,158,324,1,20000,0.25,0.099161
32,158,325,1,20000,0.25,0.095128
32,158,326,1,20000,0.25,0.092187
32,158,327,0,20000,0.25,0.000631
32,158,328,0,20000,0.25,0.001485
32,158,329,0,20000,0.25,0.001249
32,158,330,0,20000,0.25,0.000461
32,158,331,0,20000,0.25,0.00069
32,158,332,0,20000,0.25,0.000516
32,158,333,0,20000,0.25,0.000841
32,158,334,0,20000,0.25,0.000821
32,158,335,0,20000,0.25,0.005998
32,158,336,0,20000,0.25,0.000296
32,158,337,0,20000,0.25,0.00055
32,158,338,0,20000,0.25,0.00127
32,158,339,0,20000,0.25,0.001101
32,158,340,0,20000,0.25,0.000294
32,158,341,1,20000,0.25,0.098756
32,158,342,0,20000,0.25,0.001398
32,158,343,0,20000,0.25,0.000524
32,158,344,0,20000,0.25,0.000953
32,158,345,0,20000,0.25,0.00075
32,158,346,1,20000,0.25,0.098917
32,158,347,0,20000,0.25,0.000291
32,158,348,0,20000,0.25,0.000532
32,158,349,0,20000,0.25,0.000625
32,158,350,0,20000,0.25,0.000492
32,158,351,0,20000,0.25,0.001797
32,158,352,0,20000,0.25,0.000887
32,158,353,1,20000,0.25,0.098581
32,158,354,0,20000,0.25,0.000377
32,158,355,0,20000,0.25,0.000533
32,158,356,0,20000,0.25,0.000528
32,158,357,0,20000,0.25,0.000541
32,158,358,0,20000,0.25,0.000526
32,158,359,1,20000,0.25,0.098701
32,158,360,0,20000,0.25,0.001263
32,158,361,0,20000,0.25,0.000693
32,158,362,1,20000,0.25,0.099434
32,158,363,0,20000,0.25,0.001332
32,158,364,0,20000,0.25,0.000386
32,158,365,0,20000,0.25,0.00122
32,158,366,0,20000,0.25,0.000651
32,158,367,0,20000,0.25,0.000527
32,158,368,0,20000,0.25,0.003845
32,158,369,1,20000,0.25,0.097959
32,158,370,1,20000,0.25,0.098945
32,158,371,0,20000,0.25,0.001796
32,158,372,0,20000,0.25,0.001654
32,158,373,0,20000,0.25,0.0036
32,158,374,0,20000,0.25,0.002342
32,158,375,0,20000,0.25,0.00114
32,158,376,0,20000,0.25,0.000761
32,158,377,1,20000,0.25,0.098835
32,158,378,0,20000,0.25,0.000652
32,158,379,0,20000,0.25,0.000314
32,158,380,0,20000,0.25,0.000413
32,158,381,0,20000,0.25,0.000803
32,158,382,0,20000,0.25,0.001952
32,158,383,1,20000,0.25,0.097349
32,158,384,0,20000,0.25,0.000472
32,158,385,0,20000,0.25,0.00049
32,158,386,1,20000,0.25,0.099519
32,158,387,0,20000,0.25,0.00041
32,158,388,0,20000,0.25,0.001073
32,158,389,0,20000,0.25,0.000478
32,158,390,0,20000,0.25,0.001703
32,158,391,0,20000,0.25,0.000731
32,158,392,0,20000,0.25,0.002253
32,158,393,0,20000,0.25,0.0006
32,158,394,1,20000,0.25,0.096624
32,158,395,0,20000,0.25,0.000331
32,158,396,0,20000,0.25,0.001364
32,158,397,0,20000,0.25,0.004773
32,158,398,0,20000,0.25,0.00071
32,158,399,0,20000,0.25,0.0039
32,158,400,1,20000,0.25,0.097716
32,165,1,0,20000,0.25,0.00035
32,165,2,1,20000,0.25,0.099793
32,165,3,1,20000,0.25,0.095138
32,165,4,1,20000,0.25,0.093737
32,165,5,1,20000,0.25,0.093292
32,165,6,1,20000,0.25,0.093574
32,165,7,1,20000,0.25,0.092401
32,165,8,0,20000,0.25,0.000343
32,165,9,0,20000,0.25,0.000462
32,165,10,0,20000,0.25,0.001292
32,165,11,0,20000,0.25,0.000355
32,165,12,1,20000,0.25,0.098434
32,165,13,0,20000,0.25,0.000654
32,165,14,1,20000,0.25,0.097631
32,165,15,1,20000,0.25,0.096387
32,165,16,0,20000,0.25,0.0003
32,165,17,1,20000,0.25,0.097456
32,165,18,0,20000,0.25,0.002429
32,165,19,0,20000,0.25,0.000542
32,165,20,0,20000,0.25,0.001696
32,165,21,0,20000,0.25,0.000483
32,165,22,0,20000,0.25,0.001961
32,165,23,1,20000,0.25,0.100339
32,165,24,1,20000,0.25,0.098336
32,165,25,1,20000,0.25,0.094802
32,165,26,0,20000,0.25,0.001036
32,165,27,0,20000,0.25,0.001192
32,165,28,1,20000,0.25,0.10055
32,165,29,1,20000,0.25,0.094419
32,165,30,0,20000,0.25,0.001665
32,165,31,0,20000,0.25,0.000605
32,165,32,0,20000,0.25,0.000732
32,165,33,1,20000,0.25,0.09204
32,165,34,0,20000,0.25,0.000605
32,165,35,1,20000,0.25,0.096138
32,165,36,1,20000,0.25,0.103052
32,165,37,0,20000,0.25,0.004053
32,165,38,0,20000,0.25,0.00036
32,165,39,0,20000,0.25,0.000857
32,165,40,1,20000,0.25,0.093125
32,165,41,1,20000,0.25,0.093725
32,165,42,0,20000,0.25,0.000271
32,165,43,1,20000,0.25,0.092793
32,165,44,1,20000,0.25,0.092751
32,165,45,0,20000,0.25,0.000443
32,165,46,1,20000,0.25,0.094872
32,165,47,0,20000,0.25,0.000414
32,165,48,0,20000,0.25,0.000468
32,165,49,1,20000,0.25,0.096865
32,165,50,1,20000,0.25,0.094513
32,165,51,0,20000,0.25,0.000322
32,165,52,1,20000,0.25,0.100921
32,165,53,1,20000,0.25,0.093991
32,165,54,1,20000,0.25,0.092383
32,165,55,1,20000,0.25,0.092059
32,165,56,0,20000,0.25,0.00039
32,165,57,0,20000,0.25,0.000721
32,165,58,0,20000,0.25,0.0014
32,165,59,1,20000,0.25,0.097906
32,165,60,0,20000,0.25,0.000408
32,165,61,1,20000,0.25,0.095361
32,165,62,0,20000,0.25,0.002638
32,165,63,1,20000,0.25,0.095625
32,165,64,0,20000,0.25,0.001802
32,165,65,1,20000,0.25,0.092224
32,165,66,1,20000,0.25,0.092816
32,165,67,0,20000,0.25,0.000864
32,165,68,0,20000,0.25,0.000552
32,165,69,1,20000,0.25,0.097092
32,165,70,1,20000,0.25,0.091114
32,165,71,1,20000,0.25,0.092488
32,165,72,0,20000,0.25,0.000669
32,165,73,1,20000,0.25,0.101415
32,165,74,1,20000,0.25,0.090202
32,165,75,1,20000,0.25,0.093634
32,165,76,0,20000,0.25,0.000275
32,165,77,1,20000,0.25,0.09739
32,165,78,1,20000,0.25,0.09323
32,165,79,1,20000,0.25,0.090208
32,165,80,0,20000,0.25,0.001416
32,165,81,2,20000,0.25,0.10261
32,165,82,0,20000,0.25,0.004916
32,165,83,0,20000,0.25,0.00181
32,165,84,1,20000,0.25,0.099586
32,165,85,1,20000,0.25,0.090281
32,165,86,1,20000,0.25,0.089184
32,165,87,1,20000,0.25,0.099034
32,165,88,1,20000,0.25,0.099403
32,165,89,0,20000,0.25,0.000299
32,165,90,2,20000,0.25,0.101402
32,165,91,1,20000,0.25,0.091465
32,165,92,0,20000,0.25,0.000267
32,165,93,0,20000,0.25,0.000368
32,165,94,1,20000,0.25,0.098117
32,165,95,0,20000,0.25,0.000281
32,165,96,0,20000,0.25,0.000624
32,165,97,1,20000,0.25,0.096903
32,165,98,1,20000,0.25,0.090623
32,165,99,1,20000,0.25,0.092492
32,165,100,1,20000,0.25,0.102142
32,165,101,1,20000,0.25,0.099696
32,165,102,1,20000,0.25,0.100406
32,165,103,0,20000,0.25,0.000873
32,165,104,0,20000,0.25,0.006057
32,165,105,1,20000,0.25,0.100784
32,165,106,1,20000,0.25,0.100207
32,165,107,0,20000,0.25,0.001338
32,165,108,1,20000,0.25,0.099972
32,165,109,1,20000,0.25,0.098467
32,165,110,1,20000,0.25,0.104227
32,165,111,1,20000,0.25,0.098762
32,165,112,0,20000,0.25,0.000746
32,165,113,0,20000,0.25,0.000504
32,165,114,1,20000,0.25,0.098431
32,165,115,0,20000,0.25,0.006447
32,165,116,0,20000,0.25,0.006663
32,165,117,1,20000,0.25,0.096943
32,165,118,1,20000,0.25,0.099586
32,165,119,1,20000,0.25,0.098854
32,165,120,1,20000,0.25,0.095625
32,165,121,0,20000,0.25,0.000333
32,165,122,0,20000,0.25,0.000766
32,165,123,1,20000,0.25,0.098717
32,165,124,0,20000,0.25,0.003325
32,165,125,0,20000,0.25,0.003764
32,165,126,0,20000,0.25,0.001274
32,165,127,0,20000,0.25,0.000557
32,165,128,1,20000,0.25,0.100645
32,165,129,0,20000,0.25,0.021859
32,165,130,1,20000,0.25,0.101526
32,165,131,0,20000,0.25,0.000346
32,165,132,0,20000,0.25,0.001638
32,165,133,1,20000,0.25,0.101237
32,165,134,1,20000,0.25,0.100732
32,165,135,1,20000,0.25,0.092701
32,165,136,0,20000,0.25,0.001356
32,165,137,1,20000,0.25,0.096414
32,165,138,0,20000,0.25,0.000223
32,165,139,1,20000,0.25,0.099282
32,165,140,0,20000,0.25,0.00056
32,165,141,1,20000,0.25,0.094291
32,165,142,1,20000,0.25,0.094196
32,165,143,0,20000,0.25,0.00336
32,165,144,1,20000,0.25,0.092954
32,165,145,0,20000,0.25,0.000221
32,165,146,1,20000,0.25,0.096526
32,165,147,0,20000,0.25,0.000621
32,165,148,1,20000,0.25,0.091714
32,165,149,0,20000,0.25,0.001089
32,165,150,0,20000,0.25,0.0007
32,165,151,0,20000,0.25,0.000845
32,165,152,0,20000,0.25,0.00279
32,165,153,0,20000,0.25,0.000487
32,165,154,0,20000,0.25,0.000494
32,165,155,0,20000,0.25,0.000291
32,165,156,1,20000,0.25,0.095258
32,165,157,0,20000,0.25,0.001243
32,165,158,1,20000,0.25,0.096417
32,165,159,0,20000,0.25,0.00086
32,165,160,0,20000,0.25,0.002656
32,165,161,1,20000,0.25,0.095182
32,165,162,1,20000,0.25,0.092963
32,165,163,0,20000,0.25,0.000613
32,165,164,0,20000,0.25,0.001206
32,165,165,1,20000,0.25,0.10033
32,165,166,0,20000,0.25,0.00018
32,165,167,0,20000,0.25,0.001072
32,165,168,0,20000,0.25,0.000791
32,165,169,1,20000,0.25,0.099175
32,165,170,0,20000,0.25,0.000985
32,165,171,1,20000,0.25,0.097386
32,165,172,1,20000,0.25,0.095682
32,165,173,1,20000,0.25,0.094303
32,165,174,1,20000,0.25,0.09542
32,165,175,1,20000,0.25,0.102249
32,165,176,0,20000,0.25,0.000478
32,165,177,0,20000,0.25,0.004266
32,165,178,0,20000,0.25,0.000914
32,165,179,0,20000,0.25,0.001267
32,165,180,1,20000,0.25,0.100055
32,165,181,1,20000,0.25,0.097159
32,165,182,1,20000,0.25,0.093468
32,165,183,1,20000,0.25,0.092456
32,165,184,0,20000,0.25,0.000483
32,165,185,1,20000,0.25,0.098539
32,165,186,0,20000,0.25,0.000997
32,165,187,1,20000,0.25,0.100308
32,165,188,0,20000,0.25,0.000751
32,165,189,0,20000,0.25,0.000495
32,165,190,0,20000,0.25,0.002385
32,165,191,1,20000,0.25,0.099315
32,165,192,0,20000,0.25,0.000494
32,165,193,0,20000,0.25,0.000483
32,165,194,2,20000,0.25,0.100234
32,165,195,1,20000,0.25,0.093569
32,165,196,1,20000,0.25,0.095835
32,165,197,0,20000,0.25,0.006649
32,165,198,0,20000,0.25,0.000376
32,165,199,0,20000,0.25,0.000363
32,165,200,0,20000,0.25,0.001969
32,165,201,0,20000,0.25,0.001202
32,165,202,1,20000,0.25,0.099072
32,165,203,0,20000,0.25,0.002797
32,165,204,1,20000,0.25,0.095296
32,165,205,1,20000,0.25,0.092929
32,165,206,1,20000,0.25,0.092616
32,165,207,1,20000,0.25,0.096433
32,165,208,0,20000,0.25,0.000294
32,165,209,1,20000,0.25,0.097743
32,165,210,1,20000,0.25,0.095619
32,165,211,1,20000,0.25,0.094511
32,165,212,1,20000,0.25,0.093354
32,165,213,1,20000,0.25,0.096511
32,165,214,1,20000,0.25,0.094858
32,165,215,0,20000,0.25,0.000447
32,165,216,0,20000,0.25,0.000576
32,165,217,0,20000,0.25,0.001715
32,165,218,0,20000,0.25,0.002255
32,165,219,0,20000,0.25,0.000466
32,165,220,1,20000,0.25,0.096562
32,165,221,0,20000,0.25,0.000669
32,165,222,1,20000,0.25,0.097373
32,165,223,1,20000,0.25,0.093453
32,165,224,1,20000,0.25,0.092093
32,165,225,1,20000,0.25,0.094574
32,165,226,1,20000,0.25,0.093247
32,165,227,0,20000,0.25,0.000277
32,165,228,0,20000,0.25,0.002385
32,165,229,0,20000,0.25,0.000477
32,165,230,1,20000,0.25,0.100412
32,165,231,0,20000,0.25,0.000563
32,165,232,1,20000,0.25,0.095956
32,165,233,0,20000,0.25,0.002408
32,165,234,0,20000,0.25,0.000597
32,165,235,0,20000,0.25,0.000549
32,165,236,0,20000,0.25,0.000732
32,165,237,0,20000,0.25,0.001861
32,165,238,1,20000,0.25,0.099016
32,165,239,0,20000,0.25,0.000518
32,165,240,1,20000,0.25,0.093118
32,165,241,0,20000,0.25,0.000652
32,165,242,1,20000,0.25,0.098526
32,165,243,1,20000,0.25,0.093298
32,165,244,0,20000,0.25,0.000564
32,165,245,0,20000,0.25,0.000851
32,165,246,2,20000,0.25,0.100316
32,165,247,1,20000,0.25,0.09284
32,165,248,0,20000,0.25,0.000276
32,165,249,1,20000,0.25,0.096934
32,165,250,0,20000,0.25,0.000326
32,165,251,0,20000,0.25,0.002596
32,165,252,1,20000,0.25,0.099231
32,165,253,0,20000,0.25,0.000468
32,165,254,0,20000,0.25,0.003031
32,165,255,0,20000,0.25,0.001249
32,165,256,1,20000,0.25,0.098929
32,165,257,0,20000,0.25,0.000386
32,165,258,1,20000,0.25,0.09591
32,165,259,1,20000,0.25,0.091443
32,165,260,0,20000,0.25,0.001094
32,165,261,0,20000,0.25,0.001052
32,165,262,1,20000,0.25,0.097598
32,165,263,0,20000,0.25,0.000993
32,165,264,1,20000,0.25,0.0942
32,165,265,1,20000,0.25,0.095401
32,165,266,0,20000,0.25,0.00061
32,165,267,1,20000,0.25,0.098493
32,165,268,0,20000,0.25,0.001128
32,165,269,1,20000,0.25,0.097949
32,165,270,0,20000,0.25,0.000394
32,165,271,0,20000,0.25,0.000914
32,165,272,0,20000,0.25,0.001396
32,165,273,0,20000,0.25,0.001098
32,165,274,1,20000,0.25,0.100647
32,165,275,1,20000,0.25,0.094373
32,165,276,1,20000,0.25,0.094556
32,165,277,1,20000,0.25,0.096819
32,165,278,0,20000,0.25,0.000653
32,165,279,0,20000,0.25,0.001487
32,165,280,1,20000,0.25,0.093411
32,165,281,0,20000,0.25,0.000258
32,165,282,1,20000,0.25,0.096274
32,165,283,1,20000,0.25,0.095462
32,165,284,2,20000,0.25,0.09645
32,165,285,0,20000,0.25,0.00083
32,165,286,1,20000,0.25,0.095386
32,165,287,0,20000,0.25,0.000392
32,165,288,0,20000,0.25,0.00131
32,165,289,1,20000,0.25,0.098852
32,165,290,1,20000,0.25,0.092936
32,165,291,1,20000,0.25,0.100075
32,165,292,0,20000,0.25,0.000519
32,165,293,1,20000,0.25,0.098325
32,165,294,0,20000,0.25,0.001596
32,165,295,0,20000,0.25,0.000943
32,165,296,1,20000,0.25,0.098935
32,165,297,0,20000,0.25,0.015838
32,165,298,0,20000,0.25,0.000567
32,165,299,1,20000,0.25,0.100064
32,165,300,0,20000,0.25,0.001997
32,165,301,1,20000,0.25,0.097281
32,165,302,0,20000,0.25,0.000415
32,165,303,1,20000,0.25,0.097031
32,165,304,1,20000,0.25,0.094503
32,165,305,1,20000,0.25,0.095416
32,165,306,1,20000,0.25,0.092257
32,165,307,1,20000,0.25,0.092063
32,165,308,1,20000,0.25,0.094202
32,165,309,0,20000,0.25,0.000216
32,165,310,0,20000,0.25,0.004097
32,165,311,0,20000,0.25,0.002415
32,165,312,0,20000,0.25,0.000469
32,165,313,0,20000,0.25,0.000541
32,165,314,0,20000,0.25,0.000731
32,165,315,0,20000,0.25,0.00185
32,165,316,1,20000,0.25,0.099016
32,165,317,0,20000,0.25,0.000345
32,165,318,1,20000,0.25,0.094566
32,165,319,0,20000,0.25,0.000555
32,165,320,0,20000,0.25,0.001073
32,165,321,0,20000,0.25,0.001671
32,165,322,1,20000,0.25,0.096987
32,165,323,0,20000,0.25,0.001356
32,165,324,0,20000,0.25,0.014621
32,165,325,0,20000,0.25,0.002037
32,165,326,0,20000,0.25,0.005629
32,165,327,1,20000,0.25,0.101294
32,165,328,1,20000,0.25,0.098162
32,165,329,1,20000,0.25,0.092053
32,165,330,1,20000,0.25,0.094165
32,165,331,1,20000,0.25,0.091571
32,165,332,0,20000,0.25,0.000732
32,165,333,0,20000,0.25,0.000615
32,165,334,1,20000,0.25,0.099479
32,165,335,1,20000,0.25,0.093164
32,165,336,0,20000,0.25,0.000297
32,165,337,1,20000,0.25,0.095715
32,165,338,1,20000,0.25,0.094346
32,165,339,1,20000,0.25,0.093695
32,165,340,0,20000,0.25,0.00101
32,165,341,0,20000,0.25,0.000915
32,165,342,0,20000,0.25,0.001835
32,165,343,0,20000,0.25,0.001146
32,165,344,1,20000,0.25,0.099112
32,165,345,1,20000,0.25,0.091412
32,165,346,0,20000,0.25,0.000423
32,165,347,0,20000,0.25,0.001064
32,165,348,0,20000,0.25,0.000791
32,165,349,0,20000,0.25,0.006046
32,165,350,1,20000,0.25,0.094882
32,165,351,1,20000,0.25,0.096427
32,165,352,1,20000,0.25,0.093461
32,165,353,0,20000,0.25,0.000484
32,165,354,0,20000,0.25,0.001163
32,165,355,1,20000,0.25,0.098469
32,165,356,2,20000,0.25,0.102314
32,165,357,1,20000,0.25,0.100196
32,165,358,0,20000,0.25,0.000471
32,165,359,0,20000,0.25,0.001367
32,165,360,1,20000,0.25,0.09149
32,165,361,1,20000,0.25,0.093556
32,165,362,2,20000,0.25,0.094721
32,165,363,0,20000,0.25,0.000386
32,165,364,1,20000,0.25,0.100042
32,165,365,0,20000,0.25,0.000346
32,165,366,1,20000,0.25,0.094876
32,165,367,0,20000,0.25,0.000786
32,165,368,1,20000,0.25,0.095833
32,165,369,0,20000,0.25,0.000418
32,165,370,0,20000,0.25,0.000258
32,165,371,2,20000,0.25,0.098751
32,165,372,1,20000,0.25,0.093153
32,165,373,1,20000,0.25,0.094049
32,165,374,1,20000,0.25,0.091587
32,165,375,0,20000,0.25,0.000272
32,165,376,1,20000,0.25,0.0949
32,165,377,0,20000,0.25,0.000256
32,165,378,1,20000,0.25,0.0943
32,165,379,0,20000,0.25,0.000926
32,165,380,1,20000,0.25,0.097693
32,165,381,0,20000,0.25,0.006565
32,165,382,0,20000,0.25,0.000842
32,165,383,1,20000,0.25,0.099075
32,165,384,0,20000,0.25,0.001135
32,165,385,1,20000,0.25,0.096227
32,165,386,0,20000,0.25,0.001185
32,165,387,2,20000,0.25,0.09436
32,165,388,1,20000,0.25,0.093507
32,165,389,1,20000,0.25,0.092959
32,165,390,1,20000,0.25,0.097881
32,165,391,1,20000,0.25,0.091622
32,165,392,1,20000,0.25,0.092165
32,165,393,0,20000,0.25,0.000669
32,165,394,0,20000,0.25,0.003662
32,165,395,0,20000,0.25,0.001288
32,165,396,0,20000,0.25,0.000522
32,165,397,1,20000,0.25,0.098774
32,165,398,1,20000,0.25,0.092971
32,165,399,1,20000,0.25,0.091722
32,165,400,1,20000,0.25,0.093976
32,171,1,1,20000,0.25,0.091697
32,171,2,1,20000,0.25,0.093781
32,171,3,1,20000,0.25,0.090737
32,171,4,1,20000,0.25,0.092508
32,171,5,1,20000,0.25,0.095733
32,171,6,1,20000,0.25,0.091981
32,171,7,2,20000,0.25,0.09435
32,171,8,1,20000,0.25,0.093635
32,171,9,1,20000,0.25,0.09576
32,171,10,0,20000,0.25,0.000873
32,171,11,1,20000,0.25,0.094031
32,171,12,0,20000,0.25,0.001391
32,171,13,1,20000,0.25,0.092327
32,171,14,2,20000,0.25,0.102533
32,171,15,1,20000,0.25,0.091507
32,171,16,1,20000,0.25,0.097119
32,171,17,1,20000,0.25,0.096017
32,171,18,0,20000,0.25,0.000694
32,171,19,1,20000,0.25,0.097137
32,171,20,0,20000,0.25,0.001229
32,171,21,1,20000,0.25,0.096752
32,171,22,1,20000,0.25,0.094363
32,171,23,2,20000,0.25,0.103792
32,171,24,1,20000,0.25,0.098664
32,171,25,1,20000,0.25,0.094478
32,171,26,2,20000,0.25,0.095112
32,171,27,2,20000,0.25,0.098443
32,171,28,2,20000,0.25,0.095989
32,171,29,1,20000,0.25,0.093407
32,171,30,0,20000,0.25,0.012816
32,171,31,1,20000,0.25,0.094633
32,171,32,1,20000,0.25,0.094607
32,171,33,1,20000,0.25,0.093584
32,171,34,0,20000,0.25,0.002071
32,171,35,1,20000,0.25,0.095011
32,171,36,0,20000,0.25,0.000326
32,171,37,0,20000,0.25,0.000625
32,171,38,1,20000,0.25,0.096143
32,171,39,1,20000,0.25,0.092822
32,171,40,0,20000,0.25,0.00029
32,171,41,1,20000,0.25,0.091059
32,171,42,1,20000,0.25,0.094062
32,171,43,0,20000,0.25,0.000188
32,171,44,1,20000,0.25,0.093082
32,171,45,0,20000,0.25,0.000222
32,171,46,1,20000,0.25,0.09378
32,171,47,2,20000,0.25,0.095946
32,171,48,1,20000,0.25,0.094063
32,171,49,0,20000,0.25,0.001343
32,171,50,2,20000,0.25,0.092548
32,171,51,2,20000,0.25,0.095184
32,171,52,1,20000,0.25,0.092096
32,171,53,1,20000,0.25,0.09289
32,171,54,1,20000,0.25,0.09499
32,171,55,0,20000,0.25,0.000339
32,171,56,1,20000,0.25,0.094453
32,171,57,1,20000,0.25,0.090809
32,171,58,2,20000,0.25,0.092693
32,171,59,1,20000,0.25,0.094475
32,171,60,0,20000,0.25,0.002808
32,171,61,1,20000,0.25,0.093615
32,171,62,1,20000,0.25,0.094272
32,171,63,1,20000,0.25,0.091757
32,171,64,1,20000,0.25,0.092364
32,171,65,1,20000,0.25,0.095565
32,171,66,1,20000,0.25,0.093334
32,171,67,2,20000,0.25,0.095218
32,171,68,1,20000,0.25,0.093053
32,171,69,1,20000,0.25,0.09241
32,171,70,2,20000,0.25,0.096438
32,171,71,1,20000,0.25,0.094556
32,171,72,1,20000,0.25,0.092331
32,171,73,1,20000,0.25,0.095459
32,171,74,1,20000,0.25,0.094477
32,171,75,0,20000,0.25,0.000458
32,171,76,2,20000,0.25,0.097442
32,171,77,1,20000,0.25,0.094249
32,171,78,0,20000,0.25,0.000293
32,171,79,1,20000,0.25,0.093436
32,171,80,1,20000,0.25,0.096515
32,171,81,1,20000,0.25,0.090938
32,171,82,2,20000,0.25,0.09512
32,171,83,1,20000,0.25,0.089204
32,171,84,1,20000,0.25,0.091337
32,171,85,0,20000,0.25,0.00034
32,171,86,2,20000,0.25,0.09813
32,171,87,1,20000,0.25,0.091624
32,171,88,0,20000,0.25,0.00029
32,171,89,0,20000,0.25,0.007512
32,171,90,1,20000,0.25,0.090372
32,171,91,1,20000,0.25,0.093032
32,171,92,2,20000,0.25,0.094174
32,171,93,1,20000,0.25,0.091217
32,171,94,1,20000,0.25,0.093882
32,171,95,1,20000,0.25,0.094511
32,171,96,2,20000,0.25,0.09303
32,171,97,1,20000,0.25,0.091691
32,171,98,1,20000,0.25,0.092918
32,171,99,0,20000,0.25,0.000337
32,171,100,2,20000,0.25,0.101241
32,171,101,1,20000,0.25,0.100601
32,171,102,1,20000,0.25,0.098545
32,171,103,1,20000,0.25,0.098191
32,171,104,1,20000,0.25,0.099591
32,171,105,2,20000,0.25,0.103818
32,171,106,1,20000,0.25,0.099097
32,171,107,0,20000,0.25,0.002214
32,171,108,0,20000,0.25,0.000992
32,171,109,1,20000,0.25,0.099584
32,171,110,2,20000,0.25,0.103656
32,171,111,0,20000,0.25,0.003468
32,171,112,1,20000,0.25,0.100763
32,171,113,2,20000,0.25,0.097318
32,171,114,1,20000,0.25,0.096655
32,171,115,0,20000,0.25,0.000776
32,171,116,1,20000,0.25,0.101782
32,171,117,1,20000,0.25,0.097547
32,171,118,1,20000,0.25,0.100056
32,171,119,1,20000,0.25,0.100551
32,171,120,2,20000,0.25,0.102755
32,171,121,1,20000,0.25,0.094415
32,171,122,1,20000,0.25,0.097825
32,171,123,1,20000,0.25,0.10103
32,171,124,1,20000,0.25,0.096512
32,171,125,1,20000,0.25,0.094501
32,171,126,1,20000,0.25,0.094113
32,171,127,1,20000,0.25,0.094448
32,171,128,0,20000,0.25,0.001503
32,171,129,1,20000,0.25,0.099679
32,171,130,1,20000,0.25,0.095382
32,171,131,0,20000,0.25,0.001737
32,171,132,2,20000,0.25,0.094113
32,171,133,1,20000,0.25,0.096515
32,171,134,2,20000,0.25,0.095481
32,171,135,1,20000,0.25,0.092531
32,171,136,1,20000,0.25,0.09335
32,171,137,1,20000,0.25,0.093897
32,171,138,1,20000,0.25,0.092624
32,171,139,0,20000,0.25,0.000351
32,171,140,1,20000,0.25,0.095692
32,171,141,1,20000,0.25,0.092993
32,171,142,1,20000,0.25,0.093871
32,171,143,2,20000,0.25,0.094558
32,171,144,1,20000,0.25,0.09473
32,171,145,1,20000,0.25,0.0959
32,171,146,2,20000,0.25,0.097073
32,171,147,2,20000,0.25,0.097341
32,171,148,0,20000,0.25,0.001788
32,171,149,1,20000,0.25,0.098811
32,171,150,1,20000,0.25,0.093149
32,171,151,1,20000,0.25,0.095573
32,171,152,0,20000,0.25,0.001853
32,171,153,1,20000,0.25,0.095248
32,171,154,1,20000,0.25,0.094304
32,171,155,2,20000,0.25,0.094357
32,171,156,1,20000,0.25,0.09322
32,171,157,1,20000,0.25,0.095763
32,171,158,1,20000,0.25,0.096019
32,171,159,1,20000,0.25,0.092831
32,171,160,0,20000,0.25,0.001491
32,171,161,0,20000,0.25,0.000437
32,171,162,1,20000,0.25,0.099989
32,171,163,0,20000,0.25,0.007166
32,171,164,1,20000,0.25,0.093094
32,171,165,1,20000,0.25,0.095662
32,171,166,0,20000,0.25,0.000363
32,171,167,0,20000,0.25,0.000496
32,171,168,1,20000,0.25,0.09946
32,171,169,0,20000,0.25,0.003322
32,171,170,1,20000,0.25,0.10086
32,171,171,1,20000,0.25,0.094079
32,171,172,1,20000,0.25,0.094464
32,171,173,2,20000,0.25,0.097179
32,171,174,1,20000,0.25,0.094869
32,171,175,0,20000,0.25,0.001028
32,171,176,2,20000,0.25,0.096562
32,171,177,1,20000,0.25,0.093857
32,171,178,0,20000,0.25,0.000444
32,171,179,2,20000,0.25,0.100589
32,171,180,1,20000,0.25,0.0993
32,171,181,0,20000,0.25,0.000442
32,171,182,0,20000,0.25,0.000467
32,171,183,0,20000,0.25,0.004424
32,171,184,2,20000,0.25,0.099285
32,171,185,1,20000,0.25,0.094583
32,171,186,1,20000,0.25,0.096118
32,171,187,0,20000,0.25,0.000781
32,171,188,1,20000,0.25,0.099489
32,171,189,0,20000,0.25,0.009904
32,171,190,0,20000,0.25,0.000662
32,171,191,0,20000,0.25,0.000352
32,171,192,1,20000,0.25,0.099906
32,171,193,2,20000,0.25,0.103793
32,171,194,2,20000,0.25,0.096506
32,171,195,1,20000,0.25,0.094059
32,171,196,2,20000,0.25,0.095714
32,171,197,0,20000,0.25,0.000588
32,171,198,1,20000,0.25,0.096256
32,171,199,1,20000,0.25,0.094054
32,171,200,0,20000,0.25,0.000983
32,171,201,1,20000,0.25,0.099066
32,171,202,1,20000,0.25,0.092705
32,171,203,2,20000,0.25,0.0948
32,171,204,1,20000,0.25,0.10042
32,171,205,2,20000,0.25,0.09565
32,171,206,0,20000,0.25,0.000314
32,171,207,1,20000,0.25,0.100481
32,171,208,1,20000,0.25,0.094811
32,171,209,1,20000,0.25,0.099075
32,171,210,1,20000,0.25,0.096058
32,171,211,0,20000,0.25,0.00026
32,171,212,1,20000,0.25,0.094843
32,171,213,1,20000,0.25,0.093677
32,171,214,2,20000,0.25,0.095761
32,171,215,1,20000,0.25,0.095248
32,171,216,1,20000,0.25,0.094071
32,171,217,1,20000,0.25,0.093477
32,171,218,1,20000,0.25,0.094537
32,171,219,1,20000,0.25,0.09274
32,171,220,2,20000,0.25,0.099187
32,171,221,0,20000,0.25,0.000576
32,171,222,0,20000,0.25,0.000782
32,171,223,1,20000,0.25,0.097137
32,171,224,0,20000,0.25,0.000505
32,171,225,0,20000,0.25,0.00147
32,171,226,1,20000,0.25,0.098448
32,171,227,1,20000,0.25,0.095574
32,171,228,1,20000,0.25,0.093832
32,171,229,0,20000,0.25,0.000364
32,171,230,1,20000,0.25,0.094467
32,171,231,1,20000,0.25,0.093879
32,171,232,0,20000,0.25,0.008082
32,171,233,1,20000,0.25,0.099321
32,171,234,0,20000,0.25,0.000447
32,171,235,0,20000,0.25,0.000467
32,171,236,0,20000,0.25,0.000985
32,171,237,0,20000,0.25,0.001451
32,171,238,2,20000,0.25,0.101064
32,171,239,0,20000,0.25,0.000465
32,171,240,1,20000,0.25,0.092891
32,171,241,1,20000,0.25,0.094254
32,171,242,0,20000,0.25,0.000444
32,171,243,1,20000,0.25,0.095653
32,171,244,0,20000,0.25,0.003147
32,171,245,0,20000,0.25,0.000474
32,171,246,1,20000,0.25,0.100086
32,171,247,2,20000,0.25,0.095942
32,171,248,1,20000,0.25,0.093508
32,171,249,1,20000,0.25,0.094175
32,171,250,0,20000,0.25,0.000801
32,171,251,0,20000,0.25,0.000654
32,171,252,1,20000,0.25,0.100408
32,171,253,1,20000,0.25,0.095653
32,171,254,1,20000,0.25,0.097622
32,171,255,2,20000,0.25,0.097308
32,171,256,1,20000,0.25,0.09402
32,171,257,1,20000,0.25,0.096146
32,171,258,0,20000,0.25,0.001061
32,171,259,1,20000,0.25,0.098824
32,171,260,2,20000,0.25,0.102199
32,171,261,1,20000,0.25,0.092738
32,171,262,1,20000,0.25,0.094795
32,171,263,1,20000,0.25,0.094607
32,171,264,1,20000,0.25,0.094676
32,171,265,1,20000,0.25,0.091547
32,171,266,2,20000,0.25,0.094539
32,171,267,1,20000,0.25,0.09298
32,171,268,1,20000,0.25,0.092746
32,171,269,1,20000,0.25,0.091649
32,171,270,0,20000,0.25,0.000746
32,171,271,0,20000,0.25,0.000875
32,171,272,1,20000,0.25,0.103145
32,171,273,1,20000,0.25,0.09525
32,171,274,1,20000,0.25,0.098468
32,171,275,1,20000,0.25,0.092573
32,171,276,0,20000,0.25,0.000695
32,171,277,0,20000,0.25,0.001146
32,171,278,1,20000,0.25,0.098019
32,171,279,1,20000,0.25,0.097375
32,171,280,1,20000,0.25,0.10012
32,171,281,1,20000,0.25,0.096205
32,171,282,1,20000,0.25,0.099275
32,171,283,0,20000,0.25,0.000845
32,171,284,0,20000,0.25,0.000749
32,171,285,1,20000,0.25,0.097414
32,171,286,1,20000,0.25,0.093897
32,171,287,1,20000,0.25,0.101628
32,171,288,1,20000,0.25,0.095101
32,171,289,1,20000,0.25,0.09303
32,171,290,2,20000,0.25,0.096587
32,171,291,0,20000,0.25,0.000849
32,171,292,1,20000,0.25,0.097413
32,171,293,1,20000,0.25,0.100082
32,171,294,1,20000,0.25,0.099679
32,171,295,1,20000,0.25,0.100335
32,171,296,1,20000,0.25,0.097862
32,171,297,2,20000,0.25,0.092927
32,171,298,0,20000,0.25,0.001113
32,171,299,1,20000,0.25,0.09801
32,171,300,0,20000,0.25,0.000317
32,171,301,0,20000,0.25,0.000572
32,171,302,2,20000,0.25,0.100004
32,171,303,1,20000,0.25,0.093249
32,171,304,1,20000,0.25,0.093628
32,171,305,2,20000,0.25,0.097433
32,171,306,0,20000,0.25,0.000485
32,171,307,1,20000,0.25,0.096882
32,171,308,1,20000,0.25,0.093499
32,171,309,1,20000,0.25,0.09304
32,171,310,1,20000,0.25,0.092284
32,171,311,2,20000,0.25,0.094785
32,171,312,1,20000,0.25,0.092534
32,171,313,0,20000,0.25,0.001508
32,171,314,0,20000,0.25,0.004069
32,171,315,1,20000,0.25,0.100841
32,171,316,1,20000,0.25,0.100902
32,171,317,1,20000,0.25,0.096974
32,171,318,0,20000,0.25,0.000389
32,171,319,1,20000,0.25,0.096558
32,171,320,1,20000,0.25,0.09287
32,171,321,1,20000,0.25,0.095879
32,171,322,1,20000,0.25,0.098953
32,171,323,2,20000,0.25,0.093212
32,171,324,1,20000,0.25,0.093723
32,171,325,1,20000,0.25,0.094331
32,171,326,1,20000,0.25,0.093098
32,171,327,1,20000,0.25,0.094223
32,171,328,1,20000,0.25,0.095397
32,171,329,2,20000,0.25,0.093885
32,171,330,1,20000,0.25,0.094355
32,171,331,0,20000,0.25,0.000204
32,171,332,1,20000,0.25,0.095474
32,171,333,1,20000,0.25,0.092678
32,171,334,1,20000,0.25,0.094012
32,171,335,1,20000,0.25,0.09325
32,171,336,1,20000,0.25,0.092247
32,171,337,1,20000,0.25,0.092073
32,171,338,1,20000,0.25,0.093719
32,171,339,1,20000,0.25,0.099873
32,171,340,1,20000,0.25,0.092324
32,171,341,1,20000,0.25,0.094768
32,171,342,2,20000,0.25,0.095241
32,171,343,1,20000,0.25,0.092671
32,171,344,1,20000,0.25,0.092795
32,171,345,1,20000,0.25,0.093365
32,171,346,1,20000,0.25,0.09521
32,171,347,2,20000,0.25,0.095571
32,171,348,1,20000,0.25,0.093505
32,171,349,1,20000,0.25,0.092566
32,171,350,1,20000,0.25,0.10059
32,171,351,0,20000,0.25,0.000449
32,171,352,1,20000,0.25,0.099247
32,171,353,1,20000,0.25,0.093925
32,171,354,0,20000,0.25,0.000624
32,171,355,0,20000,0.25,0.000455
32,171,356,1,20000,0.25,0.095974
32,171,357,0,20000,0.25,0.000555
32,171,358,1,20000,0.25,0.097273
32,171,359,1,20000,0.25,0.092672
32,171,360,1,20000,0.25,0.098092
32,171,361,0,20000,0.25,0.000234
32,171,362,1,20000,0.25,0.100582
32,171,363,2,20000,0.25,0.096771
32,171,364,2,20000,0.25,0.097111
32,171,365,2,20000,0.25,0.094773
32,171,366,1,20000,0.25,0.092797
32,171,367,1,20000,0.25,0.099412
32,171,368,1,20000,0.25,0.100293
32,171,369,0,20000,0.25,0.000641
32,171,370,1,20000,0.25,0.100448
32,171,371,2,20000,0.25,0.096999
32,171,372,1,20000,0.25,0.093563
32,171,373,1,20000,0.25,0.094228
32,171,374,0,20000,0.25,0.001187
32,171,375,2,20000,0.25,0.095578
32,171,376,1,20000,0.25,0.092905
32,171,377,1,20000,0.25,0.09272
32,171,378,0,20000,0.25,0.000516
32,171,379,0,20000,0.25,0.001113
32,171,380,0,20000,0.25,0.000891
32,171,381,1,20000,0.25,0.096437
32,171,382,1,20000,0.25,0.093194
32,171,383,2,20000,0.25,0.097074
32,171,384,1,20000,0.25,0.094369
32,171,385,1,20000,0.25,0.091834
32,171,386,1,20000,0.25,0.093596
32,171,387,1,20000,0.25,0.091434
32,171,388,1,20000,0.25,0.093018
32,171,389,1,20000,0.25,0.091891
32,171,390,0,20000,0.25,0.000588
32,171,391,2,20000,0.25,0.095274
32,171,392,0,20000,0.25,0.008005
32,171,393,1,20000,0.25,0.093438
32,171,394,1,20000,0.25,0.091078
32,171,395,1,20000,0.25,0.090127
32,171,396,1,20000,0.25,0.091309
32,171,397,0,20000,0.25,0.000201
32,171,398,0,20000,0.25,0.000594
32,171,399,1,20000,0.25,0.0965
32,171,400,1,20000,0.25,0.094824
32,178,1,1,20000,0.25,0.093401
32,178,2,2,20000,0.25,0.101129
32,178,3,1,20000,0.25,0.095319
32,178,4,2,20000,0.25,0.094376
32,178,5,2,20000,0.25,0.096927
32,178,6,1,20000,0.25,0.09219
32,178,7,2,20000,0.25,0.094833
32,178,8,2,20000,0.25,0.095117
32,178,9,2,20000,0.25,0.092977
32,178,10,1,20000,0.25,0.101896
32,178,11,2,20000,0.25,0.096632
32,178,12,0,20000,0.25,0.000834
32,178,13,1,20000,0.25,0.096817
32,178,14,1,20000,0.25,0.092752
32,178,15,2,20000,0.25,0.095305
32,178,16,1,20000,0.25,0.093649
32,178,17,1,20000,0.25,0.093708
32,178,18,2,20000,0.25,0.094608
32,178,19,1,20000,0.25,0.09736
32,178,20,1,20000,0.25,0.096038
32,178,21,2,20000,0.25,0.098985
32,178,22,1,20000,0.25,0.095608
32,178,23,1,20000,0.25,0.097357
32,178,24,1,20000,0.25,0.096035
32,178,25,2,20000,0.25,0.101366
32,178,26,2,20000,0.25,0.094815
32,178,27,3,20000,0.25,0.097193
32,178,28,1,20000,0.25,0.099197
32,178,29,2,20000,0.25,0.093805
32,178,30,1,20000,0.25,0.097985
32,178,31,1,20000,0.25,0.0952
32,178,32,2,20000,0.25,0.096972
32,178,33,2,20000,0.25,0.098011
32,178,34,0,20000,0.25,0.000348
32,178,35,1,20000,0.25,0.093416
32,178,36,1,20000,0.25,0.092981
32,178,37,2,20000,0.25,0.096398
32,178,38,3,20000,0.25,0.095485
32,178,39,1,20000,0.25,0.093171
32,178,40,2,20000,0.25,0.095541
32,178,41,1,20000,0.25,0.091813
32,178,42,2,20000,0.25,0.094067
32,178,43,1,20000,0.25,0.09479
32,178,44,1,20000,0.25,0.093025
32,178,45,2,20000,0.25,0.096437
32,178,46,1,20000,0.25,0.09351
32,178,47,2,20000,0.25,0.093556
32,178,48,3,20000,0.25,0.095844
32,178,49,2,20000,0.25,0.09351
32,178,50,1,20000,0.25,0.095792
32,178,51,2,20000,0.25,0.093364
32,178,52,1,20000,0.25,0.092035
32,178,53,1,20000,0.25,0.093067
32,178,54,1,20000,0.25,0.092517
32,178,55,3,20000,0.25,0.099042
32,178,56,1,20000,0.25,0.091608
32,178,57,1,20000,0.25,0.093695
32,178,58,1,20000,0.25,0.093543
32,178,59,3,20000,0.25,0.09494
32,178,60,1,20000,0.25,0.092718
32,178,61,1,20000,0.25,0.091831
32,178,62,3,20000,0.25,0.096328
32,178,63,1,20000,0.25,0.093759
32,178,64,1,20000,0.25,0.091855
32,178,65,1,20000,0.25,0.092034
32,178,66,1,20000,0.25,0.092309
32,178,67,1,20000,0.25,0.093067
32,178,68,1,20000,0.25,0.091219
32,178,69,1,20000,0.25,0.092282
32,178,70,1,20000,0.25,0.093382
32,178,71,2,20000,0.25,0.09412
32,178,72,1,20000,0.25,0.091232
32,178,73,1,20000,0.25,0.092065
32,178,74,0,20000,0.25,0.001233
32,178,75,0,20000,0.25,0.002217
32,178,76,3,20000,0.25,0.095185
32,178,77,0,20000,0.25,0.000258
32,178,78,2,20000,0.25,0.093419
32,178,79,2,20000,0.25,0.09315
32,178,80,1,20000,0.25,0.092207
32,178,81,1,20000,0.25,0.091374
32,178,82,2,20000,0.25,0.095359
32,178,83,1,20000,0.25,0.091643
32,178,84,1,20000,0.25,0.092671
32,178,85,2,20000,0.25,0.095027
32,178,86,1,20000,0.25,0.091383
32,178,87,3,20000,0.25,0.095258
32,178,88,1,20000,0.25,0.09256
32,178,89,3,20000,0.25,0.095198
32,178,90,2,20000,0.25,0.094237
32,178,91,2,20000,0.25,0.094407
32,178,92,2,20000,0.25,0.092852
32,178,93,1,20000,0.25,0.091739
32,178,94,1,20000,0.25,0.093097
32,178,95,3,20000,0.25,0.096044
32,178,96,2,20000,0.25,0.09454
32,178,97,2,20000,0.25,0.094099
32,178,98,1,20000,0.25,0.091944
32,178,99,2,20000,0.25,0.093632
32,178,100,3,20000,0.25,0.105277
32,178,101,1,20000,0.25,0.103935
32,178,102,0,20000,0.25,0.000553
32,178,103,1,20000,0.25,0.101316
32,178,104,1,20000,0.25,0.094721
32,178,105,0,20000,0.25,0.000556
32,178,106,1,20000,0.25,0.099237
32,178,107,2,20000,0.25,0.09677
32,178,108,1,20000,0.25,0.096147
32,178,109,2,20000,0.25,0.102521
32,178,110,1,20000,0.25,0.096065
32,178,111,2,20000,0.25,0.103781
32,178,112,1,20000,0.25,0.096676
32,178,113,1,20000,0.25,0.093581
32,178,114,2,20000,0.25,0.099166
32,178,115,1,20000,0.25,0.097742
32,178,116,1,20000,0.25,0.099872
32,178,117,3,20000,0.25,0.10318
32,178,118,1,20000,0.25,0.101273
32,178,119,1,20000,0.25,0.100953
32,178,120,1,20000,0.25,0.102066
32,178,121,1,20000,0.25,0.100136
32,178,122,1,20000,0.25,0.100014
32,178,123,1,20000,0.25,0.094546
32,178,124,2,20000,0.25,0.103581
32,178,125,2,20000,0.25,0.094523
32,178,126,2,20000,0.25,0.093714
32,178,127,1,20000,0.25,0.097309
32,178,128,1,20000,0.25,0.093912
32,178,129,2,20000,0.25,0.097378
32,178,130,1,20000,0.25,0.094617
32,178,131,1,20000,0.25,0.095347
32,178,132,0,20000,0.25,0.000474
32,178,133,1,20000,0.25,0.09546
32,178,134,2,20000,0.25,0.098087
32,178,135,1,20000,0.25,0.092516
32,178,136,2,20000,0.25,0.096765
32,178,137,1,20000,0.25,0.097529
32,178,138,2,20000,0.25,0.09709
32,178,139,1,20000,0.25,0.09397
32,178,140,2,20000,0.25,0.095265
32,178,141,0,20000,0.25,0.000266
32,178,142,1,20000,0.25,0.098359
32,178,143,1,20000,0.25,0.094638
32,178,144,1,20000,0.25,0.094754
32,178,145,1,20000,0.25,0.094064
32,178,146,1,20000,0.25,0.095759
32,178,147,2,20000,0.25,0.097088
32,178,148,2,20000,0.25,0.09826
32,178,149,2,20000,0.25,0.097839
32,178,150,2,20000,0.25,0.100175
32,178,151,1,20000,0.25,0.096421
32,178,152,0,20000,0.25,0.001067
32,178,153,1,20000,0.25,0.100248
32,178,154,2,20000,0.25,0.096526
32,178,155,2,20000,0.25,0.096262
32,178,156,1,20000,0.25,0.09728
32,178,157,1,20000,0.25,0.096135
32,178,158,0,20000,0.25,0.0038
32,178,159,1,20000,0.25,0.101825
32,178,160,1,20000,0.25,0.093425
32,178,161,1,20000,0.25,0.095771
32,178,162,1,20000,0.25,0.094961
32,178,163,2,20000,0.25,0.096774
32,178,164,3,20000,0.25,0.099644
32,178,165,1,20000,0.25,0.094644
32,178,166,1,20000,0.25,0.093539
32,178,167,2,20000,0.25,0.098444
32,178,168,2,20000,0.25,0.096451
32,178,169,1,20000,0.25,0.092813
32,178,170,2,20000,0.25,0.095096
32,178,171,2,20000,0.25,0.096036
32,178,172,2,20000,0.25,0.099471
32,178,173,2,20000,0.25,0.095385
32,178,174,1,20000,0.25,0.095701
32,178,175,2,20000,0.25,0.097217
32,178,176,2,20000,0.25,0.099546
32,178,177,2,20000,0.25,0.095121
32,178,178,2,20000,0.25,0.101536
32,178,179,2,20000,0.25,0.096772
32,178,180,0,20000,0.25,0.00064
32,178,181,1,20000,0.25,0.098122
32,178,182,3,20000,0.25,0.098818
32,178,183,1,20000,0.25,0.094607
32,178,184,2,20000,0.25,0.097159
32,178,185,1,20000,0.25,0.096401
32,178,186,1,20000,0.25,0.094762
32,178,187,1,20000,0.25,0.093562
32,178,188,2,20000,0.25,0.095001
32,178,189,2,20000,0.25,0.096311
32,178,190,2,20000,0.25,0.102389
32,178,191,1,20000,0.25,0.093764
32,178,192,2,20000,0.25,0.095702
32,178,193,0,20000,0.25,0.000373
32,178,194,2,20000,0.25,0.101013
32,178,195,1,20000,0.25,0.098873
32,178,196,0,20000,0.25,0.000804
32,178,197,2,20000,0.25,0.10254
32,178,198,1,20000,0.25,0.093631
32,178,199,0,20000,0.25,0.000513
32,178,200,1,20000,0.25,0.094832
32,178,201,1,20000,0.25,0.095268
32,178,202,1,20000,0.25,0.093133
32,178,203,2,20000,0.25,0.098089
32,178,204,2,20000,0.25,0.094822
32,178,205,2,20000,0.25,0.097636
32,178,206,1,20000,0.25,0.095567
32,178,207,1,20000,0.25,0.095862
32,178,208,2,20000,0.25,0.094296
32,178,209,3,20000,0.25,0.099283
32,178,210,1,20000,0.25,0.096696
32,178,211,3,20000,0.25,0.096271
32,178,212,0,20000,0.25,0.000279
32,178,213,2,20000,0.25,0.100962
32,178,214,1,20000,0.25,0.093098
32,178,215,2,20000,0.25,0.095608
32,178,216,2,20000,0.25,0.101389
32,178,217,2,20000,0.25,0.0984
32,178,218,1,20000,0.25,0.09664
32,178,219,1,20000,0.25,0.096641
32,178,220,2,20000,0.25,0.096039
32,178,221,2,20000,0.25,0.094418
32,178,222,0,20000,0.25,0.000524
32,178,223,1,20000,0.25,0.098019
32,178,224,1,20000,0.25,0.092307
32,178,225,1,20000,0.25,0.094489
32,178,226,2,20000,0.25,0.096118
32,178,227,0,20000,0.25,0.000339
32,178,228,1,20000,0.25,0.097621
32,178,229,2,20000,0.25,0.09571
32,178,230,2,20000,0.25,0.095649
32,178,231,2,20000,0.25,0.096337
32,178,232,1,20000,0.25,0.093811
32,178,233,2,20000,0.25,0.097812
32,178,234,1,20000,0.25,0.093025
32,178,235,2,20000,0.25,0.099756
32,178,236,2,20000,0.25,0.095595
32,178,237,2,20000,0.25,0.096535
32,178,238,0,20000,0.25,0.000463
32,178,239,1,20000,0.25,0.095805
32,178,240,1,20000,0.25,0.09485
32,178,241,1,20000,0.25,0.100762
32,178,242,2,20000,0.25,0.094456
32,178,243,2,20000,0.25,0.094051
32,178,244,1,20000,0.25,0.102157
32,178,245,2,20000,0.25,0.093193
32,178,246,1,20000,0.25,0.09231
32,178,247,2,20000,0.25,0.0941
32,178,248,2,20000,0.25,0.096314
32,178,249,2,20000,0.25,0.103142
32,178,250,2,20000,0.25,0.104106
32,178,251,2,20000,0.25,0.103072
32,178,252,3,20000,0.25,0.098429
32,178,253,0,20000,0.25,0.00059
32,178,254,2,20000,0.25,0.102242
32,178,255,1,20000,0.25,0.093016
32,178,256,2,20000,0.25,0.097895
32,178,257,1,20000,0.25,0.095056
32,178,258,2,20000,0.25,0.10659
32,178,259,1,20000,0.25,0.103302
32,178,260,2,20000,0.25,0.09413
32,178,261,1,20000,0.25,0.092906
32,178,262,1,20000,0.25,0.096329
32,178,263,1,20000,0.25,0.096949
32,178,264,2,20000,0.25,0.104299
32,178,265,1,20000,0.25,0.100824
32,178,266,2,20000,0.25,0.104072
32,178,267,1,20000,0.25,0.10013
32,178,268,1,20000,0.25,0.094881
32,178,269,1,20000,0.25,0.095013
32,178,270,2,20000,0.25,0.097142
32,178,271,1,20000,0.25,0.091691
32,178,272,2,20000,0.25,0.095322
32,178,273,1,20000,0.25,0.09388
32,178,274,1,20000,0.25,0.093087
32,178,275,2,20000,0.25,0.096689
32,178,276,1,20000,0.25,0.094875
32,178,277,1,20000,0.25,0.093762
32,178,278,2,20000,0.25,0.095616
32,178,279,2,20000,0.25,0.096715
32,178,280,1,20000,0.25,0.099067
32,178,281,1,20000,0.25,0.099275
32,178,282,3,20000,0.25,0.09479
32,178,283,2,20000,0.25,0.097536
32,178,284,1,20000,0.25,0.091239
32,178,285,2,20000,0.25,0.095216
32,178,286,1,20000,0.25,0.094573
32,178,287,2,20000,0.25,0.098988
32,178,288,2,20000,0.25,0.097272
32,178,289,1,20000,0.25,0.094112
32,178,290,1,20000,0.25,0.09317
32,178,291,1,20000,0.25,0.094964
32,178,292,1,20000,0.25,0.095066
32,178,293,1,20000,0.25,0.095482
32,178,294,0,20000,0.25,0.000421
32,178,295,1,20000,0.25,0.096834
32,178,296,2,20000,0.25,0.095425
32,178,297,1,20000,0.25,0.093427
32,178,298,0,20000,0.25,0.002237
32,178,299,2,20000,0.25,0.098513
32,178,300,1,20000,0.25,0.093571
32,178,301,2,20000,0.25,0.103818
32,178,302,2,20000,0.25,0.095162
32,178,303,0,20000,0.25,0.000577
32,178,304,2,20000,0.25,0.099363
32,178,305,1,20000,0.25,0.093505
32,178,306,3,20000,0.25,0.096484
32,178,307,1,20000,0.25,0.092338
32,178,308,1,20000,0.25,0.094387
32,178,309,2,20000,0.25,0.093493
32,178,310,2,20000,0.25,0.095257
32,178,311,2,20000,0.25,0.094088
32,178,312,2,20000,0.25,0.094162
32,178,313,1,20000,0.25,0.096623
32,178,314,1,20000,0.25,0.094143
32,178,315,1,20000,0.25,0.093415
32,178,316,1,20000,0.25,0.101175
32,178,317,0,20000,0.25,0.000344
32,178,318,2,20000,0.25,0.097542
32,178,319,1,20000,0.25,0.0934
32,178,320,1,20000,0.25,0.092012
32,178,321,1,20000,0.25,0.095849
32,178,322,2,20000,0.25,0.096673
32,178,323,1,20000,0.25,0.096441
32,178,324,2,20000,0.25,0.102123
32,178,325,1,20000,0.25,0.095582
32,178,326,1,20000,0.25,0.09243
32,178,327,1,20000,0.25,0.099236
32,178,328,0,20000,0.25,0.001024
32,178,329,1,20000,0.25,0.09846
32,178,330,0,20000,0.25,0.000518
32,178,331,2,20000,0.25,0.100485
32,178,332,2,20000,0.25,0.096145
32,178,333,2,20000,0.25,0.09721
32,178,334,2,20000,0.25,0.09491
32,178,335,2,20000,0.25,0.097122
32,178,336,1,20000,0.25,0.091627
32,178,337,1,20000,0.25,0.094709
32,178,338,1,20000,0.25,0.094062
32,178,339,0,20000,0.25,0.000243
32,178,340,2,20000,0.25,0.099899
32,178,341,2,20000,0.25,0.095524
32,178,342,2,20000,0.25,0.096489
32,178,343,1,20000,0.25,0.091687
32,178,344,1,20000,0.25,0.09441
32,178,345,2,20000,0.25,0.094761
32,178,346,1,20000,0.25,0.090879
32,178,347,1,20000,0.25,0.094406
32,178,348,1,20000,0.25,0.090466
32,178,349,0,20000,0.25,0.000846
32,178,350,2,20000,0.25,0.092911
32,178,351,0,20000,0.25,0.000413
32,178,352,2,20000,0.25,0.097673
32,178,353,1,20000,0.25,0.09394
32,178,354,2,20000,0.25,0.094274
32,178,355,0,20000,0.25,0.000788
32,178,356,1,20000,0.25,0.096152
32,178,357,1,20000,0.25,0.092634
32,178,358,1,20000,0.25,0.094646
32,178,359,1,20000,0.25,0.092935
32,178,360,1,20000,0.25,0.092232
32,178,361,2,20000,0.25,0.09509
32,178,362,2,20000,0.25,0.092536
32,178,363,2,20000,0.25,0.094446
32,178,364,2,20000,0.25,0.098222
32,178,365,1,20000,0.25,0.094525
32,178,366,2,20000,0.25,0.095304
32,178,367,1,20000,0.25,0.092868
32,178,368,1,20000,0.25,0.093086
32,178,369,2,20000,0.25,0.093861
32,178,370,1,20000,0.25,0.095066
32,178,371,1,20000,0.25,0.090633
32,178,372,1,20000,0.25,0.093164
32,178,373,0,20000,0.25,0.000983
32,178,374,2,20000,0.25,0.095009
32,178,375,1,20000,0.25,0.091533
32,178,376,2,20000,0.25,0.094002
32,178,377,2,20000,0.25,0.093983
32,178,378,1,20000,0.25,0.090468
32,178,379,1,20000,0.25,0.094474
32,178,380,1,20000,0.25,0.092329
32,178,381,0,20000,0.25,0.000719
32,178,382,0,20000,0.25,0.003385
32,178,383,1,20000,0.25,0.0986
32,178,384,2,20000,0.25,0.095931
32,178,385,2,20000,0.25,0.094361
32,178,386,1,20000,0.25,0.094475
32,178,387,1,20000,0.25,0.091353
32,178,388,1,20000,0.25,0.093066
32,178,389,2,20000,0.25,0.093837
32,178,390,1,20000,0.25,0.091061
32,178,391,1,20000,0.25,0.094096
32,178,392,1,20000,0.25,0.092333
32,178,393,2,20000,0.25,0.094143
32,178,394,2,20000,0.25,0.094492
32,178,395,1,20000,0.25,0.092865
32,178,396,3,20000,0.25,0.097108
32,178,397,2,20000,0.25,0.094359
32,178,398,1,20000,0.25,0.092277
32,178,399,2,20000,0.25,0.094503
32,178,400,2,20000,0.25,0.095034
32,184,1,3,20000,0.25,0.095416
32,184,2,2,20000,0.25,0.098979
32,184,3,1,20000,0.25,0.097948
32,184,4,2,20000,0.25,0.09521
32,184,5,3,20000,0.25,0.09497
32,184,6,2,20000,0.25,0.094792
32,184,7,3,20000,0.25,0.095741
32,184,8,1,20000,0.25,0.092224
32,184,9,2,20000,0.25,0.093935
32,184,10,2,20000,0.25,0.103755
32,184,11,4,20000,0.25,0.102229
32,184,12,2,20000,0.25,0.104425
32,184,13,2,20000,0.25,0.094612
32,184,14,1,20000,0.25,0.096102
32,184,15,1,20000,0.25,0.094701
32,184,16,2,20000,0.25,0.098421
32,184,17,2,20000,0.25,0.100396
32,184,18,1,20000,0.25,0.094371
32,184,19,3,20000,0.25,0.09908
32,184,20,2,20000,0.25,0.099172
32,184,21,1,20000,0.25,0.100981
32,184,22,2,20000,0.25,0.100325
32,184,23,2,20000,0.25,0.094749
32,184,24,2,20000,0.25,0.098334
32,184,25,3,20000,0.25,0.095145
32,184,26,2,20000,0.25,0.094976
32,184,27,1,20000,0.25,0.094789
32,184,28,2,20000,0.25,0.094736
32,184,29,2,20000,0.25,0.095687
32,184,30,2,20000,0.25,0.096228
32,184,31,4,20000,0.25,0.107456
32,184,32,2,20000,0.25,0.095603
32,184,33,2,20000,0.25,0.094143
32,184,34,1,20000,0.25,0.093002
32,184,35,2,20000,0.25,0.094965
32,184,36,2,20000,0.25,0.096319
32,184,37,1,20000,0.25,0.093757
32,184,38,2,20000,0.25,0.097198
32,184,39,1,20000,0.25,0.092876
32,184,40,1,20000,0.25,0.094169
32,184,41,2,20000,0.25,0.093971
32,184,42,1,20000,0.25,0.093014
32,184,43,2,20000,0.25,0.094854
32,184,44,1,20000,0.25,0.093778
32,184,45,2,20000,0.25,0.095011
32,184,46,3,20000,0.25,0.097599
32,184,47,3,20000,0.25,0.095413
32,184,48,2,20000,0.25,0.093628
32,184,49,2,20000,0.25,0.094408
32,184,50,2,20000,0.25,0.094299
32,184,51,3,20000,0.25,0.096139
32,184,52,1,20000,0.25,0.092193
32,184,53,2,20000,0.25,0.095008
32,184,54,2,20000,0.25,0.094561
32,184,55,1,20000,0.25,0.09213
32,184,56,3,20000,0.25,0.095397
32,184,57,1,20000,0.25,0.092181
32,184,58,2,20000,0.25,0.093897
32,184,59,2,20000,0.25,0.095505
32,184,60,2,20000,0.25,0.093871
32,184,61,2,20000,0.25,0.095547
32,184,62,1,20000,0.25,0.094362
32,184,63,1,20000,0.25,0.092556
32,184,64,2,20000,0.25,0.093857
32,184,65,2,20000,0.25,0.092614
32,184,66,1,20000,0.25,0.09124
32,184,67,3,20000,0.25,0.094434
32,184,68,4,20000,0.25,0.09669
32,184,69,3,20000,0.25,0.095316
32,184,70,1,20000,0.25,0.092867
32,184,71,1,20000,0.25,0.092309
32,184,72,1,20000,0.25,0.090659
32,184,73,2,20000,0.25,0.094012
32,184,74,2,20000,0.25,0.094141
32,184,75,4,20000,0.25,0.098355
32,184,76,1,20000,0.25,0.091493
32,184,77,2,20000,0.25,0.095025
32,184,78,3,20000,0.25,0.096298
32,184,79,2,20000,0.25,0.093901
32,184,80,2,20000,0.25,0.094732
32,184,81,1,20000,0.25,0.092926
32,184,82,1,20000,0.25,0.093047
32,184,83,1,20000,0.25,0.093974
32,184,84,2,20000,0.25,0.093201
32,184,85,1,20000,0.25,0.093751
32,184,86,2,20000,0.25,0.095064
32,184,87,2,20000,0.25,0.094769
32,184,88,3,20000,0.25,0.095561
32,184,89,2,20000,0.25,0.094177
32,184,90,1,20000,0.25,0.093468
32,184,91,3,20000,0.25,0.094688
32,184,92,3,20000,0.25,0.096113
32,184,93,1,20000,0.25,0.092645
32,184,94,2,20000,0.25,0.096419
32,184,95,2,20000,0.25,0.095805
32,184,96,4,20000,0.25,0.098951
32,184,97,2,20000,0.25,0.093685
32,184,98,3,20000,0.25,0.094945
32,184,99,3,20000,0.25,0.095375
32,184,100,2,20000,0.25,0.100985
32,184,101,2,20000,0.25,0.1034
32,184,102,2,20000,0.25,0.103593
32,184,103,2,20000,0.25,0.105034
32,184,104,1,20000,0.25,0.101287
32,184,105,3,20000,0.25,0.097881
32,184,106,1,20000,0.25,0.093534
32,184,107,2,20000,0.25,0.100395
32,184,108,2,20000,0.25,0.105152
32,184,109,3,20000,0.25,0.099366
32,184,110,2,20000,0.25,0.104878
32,184,111,2,20000,0.25,0.100814
32,184,112,1,20000,0.25,0.102402
32,184,113,2,20000,0.25,0.102594
32,184,114,1,20000,0.25,0.097052
32,184,115,2,20000,0.25,0.096572
32,184,116,2,20000,0.25,0.09965
32,184,117,2,20000,0.25,0.100308
32,184,118,2,20000,0.25,0.101787
32,184,119,2,20000,0.25,0.103943
32,184,120,2,20000,0.25,0.100196
32,184,121,1,20000,0.25,0.102092
32,184,122,3,20000,0.25,0.10178
32,184,123,3,20000,0.25,0.097835
32,184,124,2,20000,0.25,0.098076
32,184,125,3,20000,0.25,0.099093
32,184,126,1,20000,0.25,0.092761
32,184,127,2,20000,0.25,0.097042
32,184,128,2,20000,0.25,0.099081
32,184,129,2,20000,0.25,0.095501
32,184,130,2,20000,0.25,0.096285
32,184,131,2,20000,0.25,0.097804
32,184,132,2,20000,0.25,0.09984
32,184,133,2,20000,0.25,0.096319
32,184,134,2,20000,0.25,0.09608
32,184,135,1,20000,0.25,0.096181
32,184,136,2,20000,0.25,0.099336
32,184,137,3,20000,0.25,0.096153
32,184,138,2,20000,0.25,0.09653
32,184,139,1,20000,0.25,0.098402
32,184,140,3,20000,0.25,0.097649
32,184,141,2,20000,0.25,0.095525
32,184,142,2,20000,0.25,0.102688
32,184,143,1,20000,0.25,0.097196
32,184,144,2,20000,0.25,0.104246
32,184,145,3,20000,0.25,0.098061
32,184,146,2,20000,0.25,0.097123
32,184,147,1,20000,0.25,0.094565
32,184,148,1,20000,0.25,0.09397
32,184,149,2,20000,0.25,0.095289
32,184,150,3,20000,0.25,0.097228
32,184,151,2,20000,0.25,0.096034
32,184,152,1,20000,0.25,0.094397
32,184,153,3,20000,0.25,0.095885
32,184,154,1,20000,0.25,0.098337
32,184,155,2,20000,0.25,0.094081
32,184,156,2,20000,0.25,0.100254
32,184,157,3,20000,0.25,0.097454
32,184,158,1,20000,0.25,0.09297
32,184,159,1,20000,0.25,0.096797
32,184,160,2,20000,0.25,0.096508
32,184,161,2,20000,0.25,0.095574
32,184,162,0,20000,0.25,0.000458
32,184,163,2,20000,0.25,0.101385
32,184,164,2,20000,0.25,0.098473
32,184,165,2,20000,0.25,0.097341
32,184,166,2,20000,0.25,0.099389
32,184,167,3,20000,0.25,0.100404
32,184,168,1,20000,0.25,0.09432
32,184,169,2,20000,0.25,0.099303
32,184,170,2,20000,0.25,0.097784
32,184,171,2,20000,0.25,0.096286
32,184,172,2,20000,0.25,0.099998
32,184,173,1,20000,0.25,0.095456
32,184,174,1,20000,0.25,0.091714
32,184,175,3,20000,0.25,0.096082
32,184,176,2,20000,0.25,0.099736
32,184,177,2,20000,0.25,0.1016
32,184,178,1,20000,0.25,0.093011
32,184,179,3,20000,0.25,0.100185
32,184,180,1,20000,0.25,0.100321
32,184,181,1,20000,0.25,0.096035
32,184,182,3,20000,0.25,0.096546
32,184,183,3,20000,0.25,0.103831
32,184,184,2,20000,0.25,0.098415
32,184,185,1,20000,0.25,0.096779
32,184,186,3,20000,0.25,0.101775
32,184,187,1,20000,0.25,0.099078
32,184,188,1,20000,0.25,0.098003
32,184,189,1,20000,0.25,0.096164
32,184,190,2,20000,0.25,0.095764
32,184,191,2,20000,0.25,0.094526
32,184,192,1,20000,0.25,0.091726
32,184,193,2,20000,0.25,0.101714
32,184,194,2,20000,0.25,0.09729
32,184,195,2,20000,0.25,0.09603
32,184,196,2,20000,0.25,0.097513
32,184,197,2,20000,0.25,0.096268
32,184,198,2,20000,0.25,0.095642
32,184,199,2,20000,0.25,0.098917
32,184,200,2,20000,0.25,0.095763
32,184,201,1,20000,0.25,0.096103
32,184,202,2,20000,0.25,0.098441
32,184,203,1,20000,0.25,0.095295
32,184,204,3,20000,0.25,0.097031
32,184,205,3,20000,0.25,0.098055
32,184,206,3,20000,0.25,0.09661
32,184,207,2,20000,0.25,0.096262
32,184,208,2,20000,0.25,0.098598
32,184,209,2,20000,0.25,0.095539
32,184,210,3,20000,0.25,0.103936
32,184,211,1,20000,0.25,0.094378
32,184,212,3,20000,0.25,0.099169
32,184,213,1,20000,0.25,0.100233
32,184,214,2,20000,0.25,0.096069
32,184,215,0,20000,0.25,0.000628
32,184,216,2,20000,0.25,0.101205
32,184,217,1,20000,0.25,0.095185
32,184,218,2,20000,0.25,0.095178
32,184,219,2,20000,0.25,0.094331
32,184,220,4,20000,0.25,0.10184
32,184,221,2,20000,0.25,0.096563
32,184,222,1,20000,0.25,0.097995
32,184,223,1,20000,0.25,0.093247
32,184,224,3,20000,0.25,0.099364
32,184,225,2,20000,0.25,0.101585
32,184,226,2,20000,0.25,0.101796
32,184,227,1,20000,0.25,0.10229
32,184,228,2,20000,0.25,0.103131
32,184,229,1,20000,0.25,0.096638
32,184,230,1,20000,0.25,0.09226
32,184,231,3,20000,0.25,0.097592
32,184,232,2,20000,0.25,0.101792
32,184,233,3,20000,0.25,0.102289
32,184,234,2,20000,0.25,0.096792
32,184,235,3,20000,0.25,0.095833
32,184,236,2,20000,0.25,0.094931
32,184,237,2,20000,0.25,0.094735
32,184,238,2,20000,0.25,0.097098
32,184,239,2,20000,0.25,0.095831
32,184,240,3,20000,0.25,0.099103
32,184,241,1,20000,0.25,0.093448
32,184,242,3,20000,0.25,0.09877
32,184,243,2,20000,0.25,0.100398
32,184,244,3,20000,0.25,0.104077
32,184,245,1,20000,0.25,0.101542
32,184,246,2,20000,0.25,0.096363
32,184,247,2,20000,0.25,0.097137
32,184,248,2,20000,0.25,0.095778
32,184,249,2,20000,0.25,0.094842
32,184,250,2,20000,0.25,0.101542
32,184,251,2,20000,0.25,0.098433
32,184,252,1,20000,0.25,0.095275
32,184,253,1,20000,0.25,0.094001
32,184,254,2,20000,0.25,0.098759
32,184,255,3,20000,0.25,0.097072
32,184,256,2,20000,0.25,0.097145
32,184,257,2,20000,0.25,0.096786
32,184,258,2,20000,0.25,0.093506
32,184,259,2,20000,0.25,0.095151
32,184,260,2,20000,0.25,0.094657
32,184,261,2,20000,0.25,0.095475
32,184,262,2,20000,0.25,0.093568
32,184,263,1,20000,0.25,0.100283
32,184,264,3,20000,0.25,0.106959
32,184,265,1,20000,0.25,0.098144
32,184,266,2,20000,0.25,0.096577
32,184,267,2,20000,0.25,0.099611
32,184,268,2,20000,0.25,0.093531
32,184,269,3,20000,0.25,0.096508
32,184,270,3,20000,0.25,0.099455
32,184,271,2,20000,0.25,0.093757
32,184,272,2,20000,0.25,0.09357
32,184,273,2,20000,0.25,0.096652
32,184,274,2,20000,0.25,0.097757
32,184,275,2,20000,0.25,0.096157
32,184,276,2,20000,0.25,0.094572
32,184,277,2,20000,0.25,0.096274
32,184,278,2,20000,0.25,0.094926
32,184,279,2,20000,0.25,0.095912
32,184,280,2,20000,0.25,0.09459
32,184,281,2,20000,0.25,0.095292
32,184,282,2,20000,0.25,0.093948
32,184,283,1,20000,0.25,0.095814
32,184,284,2,20000,0.25,0.095794
32,184,285,2,20000,0.25,0.095163
32,184,286,2,20000,0.25,0.095734
32,184,287,3,20000,0.25,0.099602
32,184,288,2,20000,0.25,0.095635
32,184,289,2,20000,0.25,0.095298
32,184,290,1,20000,0.25,0.093954
32,184,291,2,20000,0.25,0.096841
32,184,292,2,20000,0.25,0.096247
32,184,293,2,20000,0.25,0.096043
32,184,294,2,20000,0.25,0.096344
32,184,295,3,20000,0.25,0.096359
32,184,296,3,20000,0.25,0.097326
32,184,297,2,20000,0.25,0.096596
32,184,298,3,20000,0.25,0.098023
32,184,299,2,20000,0.25,0.096668
32,184,300,2,20000,0.25,0.095741
32,184,301,2,20000,0.25,0.096933
32,184,302,2,20000,0.25,0.096537
32,184,303,3,20000,0.25,0.097246
32,184,304,1,20000,0.25,0.094541
32,184,305,2,20000,0.25,0.098291
32,184,306,1,20000,0.25,0.092857
32,184,307,1,20000,0.25,0.098905
32,184,308,2,20000,0.25,0.098693
32,184,309,2,20000,0.25,0.096579
32,184,310,2,20000,0.25,0.101552
32,184,311,3,20000,0.25,0.101603
32,184,312,2,20000,0.25,0.098351
32,184,313,2,20000,0.25,0.096114
32,184,314,1,20000,0.25,0.093188
32,184,315,2,20000,0.25,0.096792
32,184,316,3,20000,0.25,0.096413
32,184,317,1,20000,0.25,0.098101
32,184,318,1,20000,0.25,0.095906
32,184,319,2,20000,0.25,0.095222
32,184,320,3,20000,0.25,0.098646
32,184,321,2,20000,0.25,0.094912
32,184,322,1,20000,0.25,0.094877
32,184,323,1,20000,0.25,0.092643
32,184,324,2,20000,0.25,0.096886
32,184,325,0,20000,0.25,0.000277
32,184,326,2,20000,0.25,0.098891
32,184,327,3,20000,0.25,0.097654
32,184,328,3,20000,0.25,0.094485
32,184,329,2,20000,0.25,0.094274
32,184,330,3,20000,0.25,0.095509
32,184,331,3,20000,0.25,0.096413
32,184,332,2,20000,0.25,0.093718
32,184,333,2,20000,0.25,0.097031
32,184,334,1,20000,0.25,0.090472
32,184,335,2,20000,0.25,0.095207
32,184,336,2,20000,0.25,0.093801
32,184,337,3,20000,0.25,0.09641
32,184,338,1,20000,0.25,0.091836
32,184,339,1,20000,0.25,0.093215
32,184,340,3,20000,0.25,0.094837
32,184,341,1,20000,0.25,0.090951
32,184,342,3,20000,0.25,0.095459
32,184,343,2,20000,0.25,0.098113
32,184,344,2,20000,0.25,0.093545
32,184,345,1,20000,0.25,0.093774
32,184,346,2,20000,0.25,0.093744
32,184,347,3,20000,0.25,0.095368
32,184,348,2,20000,0.25,0.095321
32,184,349,3,20000,0.25,0.096647
32,184,350,1,20000,0.25,0.093635
32,184,351,2,20000,0.25,0.094647
32,184,352,3,20000,0.25,0.095327
32,184,353,1,20000,0.25,0.093306
32,184,354,2,20000,0.25,0.094785
32,184,355,1,20000,0.25,0.090709
32,184,356,3,20000,0.25,0.095866
32,184,357,1,20000,0.25,0.092094
32,184,358,1,20000,0.25,0.093821
32,184,359,2,20000,0.25,0.096879
32,184,360,2,20000,0.25,0.093774
32,184,361,1,20000,0.25,0.09038
32,184,362,2,20000,0.25,0.095404
32,184,363,1,20000,0.25,0.091434
32,184,364,3,20000,0.25,0.094956
32,184,365,1,20000,0.25,0.0936
32,184,366,2,20000,0.25,0.094113
32,184,367,2,20000,0.25,0.094747
32,184,368,3,20000,0.25,0.095401
32,184,369,2,20000,0.25,0.094983
32,184,370,1,20000,0.25,0.092494
32,184,371,1,20000,0.25,0.092145
32,184,372,2,20000,0.25,0.094356
32,184,373,3,20000,0.25,0.095518
32,184,374,3,20000,0.25,0.099907
32,184,375,2,20000,0.25,0.096031
32,184,376,1,20000,0.25,0.089598
32,184,377,2,20000,0.25,0.09442
32,184,378,1,20000,0.25,0.092938
32,184,379,0,20000,0.25,0.000339
32,184,380,2,20000,0.25,0.094099
32,184,381,1,20000,0.25,0.09419
32,184,382,1,20000,0.25,0.090877
32,184,383,3,20000,0.25,0.096746
32,184,384,2,20000,0.25,0.094551
32,184,385,2,20000,0.25,0.095475
32,184,386,2,20000,0.25,0.094572
32,184,387,1,20000,0.25,0.091533
32,184,388,2,20000,0.25,0.093936
32,184,389,2,20000,0.25,0.093349
32,184,390,3,20000,0.25,0.093873
32,184,391,2,20000,0.25,0.094961
32,184,392,2,20000,0.25,0.093934
32,184,393,1,20000,0.25,0.09328
32,184,394,3,20000,0.25,0.096307
32,184,395,2,20000,0.25,0.094393
32,184,396,2,20000,0.25,0.093796
32,184,397,2,20000,0.25,0.093806
32,184,398,1,20000,0.25,0.092255
32,184,399,3,20000,0.25,0.095835
32,184,400,3,20000,0.25,0.095256
32,190,1,3,20000,0.25,0.095839
32,190,2,2,20000,0.25,0.100012
32,190,3,1,20000,0.25,0.094118
32,190,4,4,20000,0.25,0.097726
32,190,5,4,20000,0.25,0.096562
32,190,6,4,20000,0.25,0.09952
32,190,7,2,20000,0.25,0.095014
32,190,8,3,20000,0.25,0.095708
32,190,9,2,20000,0.25,0.095208
32,190,10,4,20000,0.25,0.108501
32,190,11,2,20000,0.25,0.099758
32,190,12,2,20000,0.25,0.104211
32,190,13,3,20000,0.25,0.096445
32,190,14,4,20000,0.25,0.097671
32,190,15,3,20000,0.25,0.099399
32,190,16,2,20000,0.25,0.099443
32,190,17,3,20000,0.25,0.103473
32,190,18,3,20000,0.25,0.100616
32,190,19,2,20000,0.25,0.09963
32,190,20,4,20000,0.25,0.098009
32,190,21,2,20000,0.25,0.095871
32,190,22,2,20000,0.25,0.099294
32,190,23,3,20000,0.25,0.103964
32,190,24,2,20000,0.25,0.095735
32,190,25,2,20000,0.25,0.098331
32,190,26,2,20000,0.25,0.101483
32,190,27,3,20000,0.25,0.09609
32,190,28,3,20000,0.25,0.097732
32,190,29,3,20000,0.25,0.096869
32,190,30,3,20000,0.25,0.09936
32,190,31,4,20000,0.25,0.098618
32,190,32,2,20000,0.25,0.094775
32,190,33,1,20000,0.25,0.090875
32,190,34,4,20000,0.25,0.097789
32,190,35,4,20000,0.25,0.099878
32,190,36,2,20000,0.25,0.093199
32,190,37,1,20000,0.25,0.092798
32,190,38,4,20000,0.25,0.095555
32,190,39,3,20000,0.25,0.095377
32,190,40,3,20000,0.25,0.095305
32,190,41,2,20000,0.25,0.094809
32,190,42,3,20000,0.25,0.09633
32,190,43,2,20000,0.25,0.095126
32,190,44,3,20000,0.25,0.095329
32,190,45,2,20000,0.25,0.097444
32,190,46,3,20000,0.25,0.095727
32,190,47,3,20000,0.25,0.097005
32,190,48,2,20000,0.25,0.094173
32,190,49,3,20000,0.25,0.09559
32,190,50,2,20000,0.25,0.094634
32,190,51,3,20000,0.25,0.09638
32,190,52,3,20000,0.25,0.095499
32,190,53,2,20000,0.25,0.094481
32,190,54,3,20000,0.25,0.095821
32,190,55,2,20000,0.25,0.094755
32,190,56,3,20000,0.25,0.094462
32,190,57,3,20000,0.25,0.097009
32,190,58,3,20000,0.25,0.096266
32,190,59,2,20000,0.25,0.093953
32,190,60,2,20000,0.25,0.094841
32,190,61,3,20000,0.25,0.095331
32,190,62,2,20000,0.25,0.09424
32,190,63,3,20000,0.25,0.094741
32,190,64,2,20000,0.25,0.09493
32,190,65,2,20000,0.25,0.09331
32,190,66,3,20000,0.25,0.096082
32,190,67,2,20000,0.25,0.093317
32,190,68,3,20000,0.25,0.095612
32,190,69,2,20000,0.25,0.092926
32,190,70,3,20000,0.25,0.095555
32,190,71,2,20000,0.25,0.094178
32,190,72,3,20000,0.25,0.094373
32,190,73,4,20000,0.25,0.096607
32,190,74,2,20000,0.25,0.094665
32,190,75,1,20000,0.25,0.092497
32,190,76,3,20000,0.25,0.096863
32,190,77,2,20000,0.25,0.094423
32,190,78,1,20000,0.25,0.093141
32,190,79,3,20000,0.25,0.094098
32,190,80,2,20000,0.25,0.094964
32,190,81,1,20000,0.25,0.091133
32,190,82,3,20000,0.25,0.097949
32,190,83,3,20000,0.25,0.097654
32,190,84,2,20000,0.25,0.094817
32,190,85,3,20000,0.25,0.093731
32,190,86,3,20000,0.25,0.095095
32,190,87,2,20000,0.25,0.094944
32,190,88,2,20000,0.25,0.094954
32,190,89,3,20000,0.25,0.095783
32,190,90,3,20000,0.25,0.095653
32,190,91,3,20000,0.25,0.096425
32,190,92,3,20000,0.25,0.098063
32,190,93,2,20000,0.25,0.09605
32,190,94,1,20000,0.25,0.093743
32,190,95,2,20000,0.25,0.094895
32,190,96,2,20000,0.25,0.094596
32,190,97,1,20000,0.25,0.093435
32,190,98,2,20000,0.25,0.094625
32,190,99,3,20000,0.25,0.09699
32,190,100,2,20000,0.25,0.102287
32,190,101,2,20000,0.25,0.10234
32,190,102,2,20000,0.25,0.102299
32,190,103,2,20000,0.25,0.106115
32,190,104,3,20000,0.25,0.104207
32,190,105,3,20000,0.25,0.107609
32,190,106,2,20000,0.25,0.101284
32,190,107,2,20000,0.25,0.104618
32,190,108,4,20000,0.25,0.099739
32,190,109,4,20000,0.25,0.102198
32,190,110,2,20000,0.25,0.105486
32,190,111,3,20000,0.25,0.09776
32,190,112,3,20000,0.25,0.102115
32,190,113,3,20000,0.25,0.101552
32,190,114,3,20000,0.25,0.09986
32,190,115,3,20000,0.25,0.102278
32,190,116,2,20000,0.25,0.101882
32,190,117,2,20000,0.25,0.097366
32,190,118,1,20000,0.25,0.100664
32,190,119,2,20000,0.25,0.102788
32,190,120,3,20000,0.25,0.106226
32,190,121,2,20000,0.25,0.099947
32,190,122,3,20000,0.25,0.10378
32,190,123,2,20000,0.25,0.096648
32,190,124,3,20000,0.25,0.09816
32,190,125,3,20000,0.25,0.099801
32,190,126,3,20000,0.25,0.097553
32,190,127,2,20000,0.25,0.09758
32,190,128,3,20000,0.25,0.09998
32,190,129,2,20000,0.25,0.095114
32,190,130,0,20000,0.25,0.000476
32,190,131,3,20000,0.25,0.098474
32,190,132,1,20000,0.25,0.09267
32,190,133,3,20000,0.25,0.097546
32,190,134,3,20000,0.25,0.096701
32,190,135,2,20000,0.25,0.098996
32,190,136,2,20000,0.25,0.094635
32,190,137,4,20000,0.25,0.102587
32,190,138,3,20000,0.25,0.097097
32,190,139,1,20000,0.25,0.093725
32,190,140,2,20000,0.25,0.097094
32,190,141,3,20000,0.25,0.097062
32,190,142,3,20000,0.25,0.098586
32,190,143,2,20000,0.25,0.095098
32,190,144,3,20000,0.25,0.100081
32,190,145,2,20000,0.25,0.099447
32,190,146,3,20000,0.25,0.099885
32,190,147,3,20000,0.25,0.09898
32,190,148,2,20000,0.25,0.097609
32,190,149,2,20000,0.25,0.100195
32,190,150,2,20000,0.25,0.094562
32,190,151,4,20000,0.25,0.10433
32,190,152,4,20000,0.25,0.101172
32,190,153,3,20000,0.25,0.095238
32,190,154,3,20000,0.25,0.100959
32,190,155,2,20000,0.25,0.102242
32,190,156,2,20000,0.25,0.10469
32,190,157,3,20000,0.25,0.099712
32,190,158,2,20000,0.25,0.09944
32,190,159,3,20000,0.25,0.10074
32,190,160,3,20000,0.25,0.098662
32,190,161,3,20000,0.25,0.096713
32,190,162,3,20000,0.25,0.098136
32,190,163,3,20000,0.25,0.096825
32,190,164,3,20000,0.25,0.09859
32,190,165,2,20000,0.25,0.097474
32,190,166,1,20000,0.25,0.095216
32,190,167,2,20000,0.25,0.09632
32,190,168,4,20000,0.25,0.099657
32,190,169,2,20000,0.25,0.095475
32,190,170,3,20000,0.25,0.09807
32,190,171,3,20000,0.25,0.097951
32,190,172,3,20000,0.25,0.101345
32,190,173,3,20000,0.25,0.100659
32,190,174,3,20000,0.25,0.098947
32,190,175,2,20000,0.25,0.097074
32,190,176,2,20000,0.25,0.097254
32,190,177,4,20000,0.25,0.105927
32,190,178,1,20000,0.25,0.092017
32,190,179,4,20000,0.25,0.108482
32,190,180,2,20000,0.25,0.095518
32,190,181,1,20000,0.25,0.09271
32,190,182,3,20000,0.25,0.098435
32,190,183,3,20000,0.25,0.098992
32,190,184,3,20000,0.25,0.097762
32,190,185,2,20000,0.25,0.102113
32,190,186,3,20000,0.25,0.097987
32,190,187,3,20000,0.25,0.098321
32,190,188,2,20000,0.25,0.099201
32,190,189,4,20000,0.25,0.101809
32,190,190,2,20000,0.25,0.096991
32,190,191,2,20000,0.25,0.096492
32,190,192,2,20000,0.25,0.096675
32,190,193,3,20000,0.25,0.09852
32,190,194,3,20000,0.25,0.099459
32,190,195,3,20000,0.25,0.098925
32,190,196,2,20000,0.25,0.096401
32,190,197,2,20000,0.25,0.098501
32,190,198,3,20000,0.25,0.099562
32,190,199,2,20000,0.25,0.098862
32,190,200,3,20000,0.25,0.097858
32,190,201,2,20000,0.25,0.098252
32,190,202,3,20000,0.25,0.10181
32,190,203,2,20000,0.25,0.09634
32,190,204,3,20000,0.25,0.098118
32,190,205,3,20000,0.25,0.099164
32,190,206,3,20000,0.25,0.098478
32,190,207,3,20000,0.25,0.095822
32,190,208,2,20000,0.25,0.104206
32,190,209,2,20000,0.25,0.095646
32,190,210,1,20000,0.25,0.092919
32,190,211,4,20000,0.25,0.102984
32,190,212,2,20000,0.25,0.098598
32,190,213,4,20000,0.25,0.099966
32,190,214,2,20000,0.25,0.10464
32,190,215,2,20000,0.25,0.103406
32,190,216,4,20000,0.25,0.098953
32,190,217,3,20000,0.25,0.100538
32,190,218,2,20000,0.25,0.096318
32,190,219,3,20000,0.25,0.101002
32,190,220,2,20000,0.25,0.096657
32,190,221,2,20000,0.25,0.094794
32,190,222,3,20000,0.25,0.100175
32,190,223,3,20000,0.25,0.097306
32,190,224,3,20000,0.25,0.096823
32,190,225,3,20000,0.25,0.099384
32,190,226,2,20000,0.25,0.098981
32,190,227,3,20000,0.25,0.105894
32,190,228,3,20000,0.25,0.097773
32,190,229,4,20000,0.25,0.106023
32,190,230,4,20000,0.25,0.109302
32,190,231,3,20000,0.25,0.095777
32,190,232,3,20000,0.25,0.104099
32,190,233,2,20000,0.25,0.096318
32,190,234,2,20000,0.25,0.095114
32,190,235,3,20000,0.25,0.105146
32,190,236,2,20000,0.25,0.097768
32,190,237,1,20000,0.25,0.092266
32,190,238,4,20000,0.25,0.098562
32,190,239,4,20000,0.25,0.096431
32,190,240,2,20000,0.25,0.096206
32,190,241,3,20000,0.25,0.097118
32,190,242,4,20000,0.25,0.103489
32,190,243,4,20000,0.25,0.10764
32,190,244,2,20000,0.25,0.101348
32,190,245,2,20000,0.25,0.10217
32,190,246,2,20000,0.25,0.096855
32,190,247,3,20000,0.25,0.096285
32,190,248,2,20000,0.25,0.093954
32,190,249,2,20000,0.25,0.096363
32,190,250,3,20000,0.25,0.097608
32,190,251,3,20000,0.25,0.101272
32,190,252,3,20000,0.25,0.095314
32,190,253,4,20000,0.25,0.099363
32,190,254,3,20000,0.25,0.096183
32,190,255,2,20000,0.25,0.093816
32,190,256,4,20000,0.25,0.106847
32,190,257,3,20000,0.25,0.098384
32,190,258,3,20000,0.25,0.103116
32,190,259,2,20000,0.25,0.101235
32,190,260,3,20000,0.25,0.099086
32,190,261,3,20000,0.25,0.107609
32,190,262,2,20000,0.25,0.094473
32,190,263,2,20000,0.25,0.093733
32,190,264,3,20000,0.25,0.097673
32,190,265,2,20000,0.25,0.097555
32,190,266,3,20000,0.25,0.097634
32,190,267,2,20000,0.25,0.095024
32,190,268,2,20000,0.25,0.096163
32,190,269,2,20000,0.25,0.094142
32,190,270,2,20000,0.25,0.097068
32,190,271,2,20000,0.25,0.097089
32,190,272,4,20000,0.25,0.098785
32,190,273,2,20000,0.25,0.096218
32,190,274,3,20000,0.25,0.097031
32,190,275,3,20000,0.25,0.096891
32,190,276,2,20000,0.25,0.094198
32,190,277,5,20000,0.25,0.098054
32,190,278,2,20000,0.25,0.096005
32,190,279,2,20000,0.25,0.094358
32,190,280,2,20000,0.25,0.10464
32,190,281,2,20000,0.25,0.096623
32,190,282,3,20000,0.25,0.097567
32,190,283,2,20000,0.25,0.096855
32,190,284,3,20000,0.25,0.095697
32,190,285,1,20000,0.25,0.092557
32,190,286,2,20000,0.25,0.096136
32,190,287,3,20000,0.25,0.096205
32,190,288,2,20000,0.25,0.09674
32,190,289,3,20000,0.25,0.097198
32,190,290,2,20000,0.25,0.095191
32,190,291,3,20000,0.25,0.095565
32,190,292,2,20000,0.25,0.095053
32,190,293,2,20000,0.25,0.106141
32,190,294,3,20000,0.25,0.097324
32,190,295,3,20000,0.25,0.0955
32,190,296,2,20000,0.25,0.095923
32,190,297,2,20000,0.25,0.095149
32,190,298,3,20000,0.25,0.098706
32,190,299,3,20000,0.25,0.095869
32,190,300,2,20000,0.25,0.094958
32,190,301,3,20000,0.25,0.097838
32,190,302,3,20000,0.25,0.097799
32,190,303,2,20000,0.25,0.100069
32,190,304,2,20000,0.25,0.102027
32,190,305,3,20000,0.25,0.104352
32,190,306,3,20000,0.25,0.096569
32,190,307,3,20000,0.25,0.096196
32,190,308,2,20000,0.25,0.096571
32,190,309,2,20000,0.25,0.098148
32,190,310,3,20000,0.25,0.098704
32,190,311,3,20000,0.25,0.098038
32,190,312,2,20000,0.25,0.097876
32,190,313,3,20000,0.25,0.097728
32,190,314,3,20000,0.25,0.097675
32,190,315,3,20000,0.25,0.098328
32,190,316,2,20000,0.25,0.095947
32,190,317,2,20000,0.25,0.097469
32,190,318,4,20000,0.25,0.099024
32,190,319,2,20000,0.25,0.094687
32,190,320,2,20000,0.25,0.095313
32,190,321,2,20000,0.25,0.09288
32,190,322,2,20000,0.25,0.09452
32,190,323,3,20000,0.25,0.094834
32,190,324,3,20000,0.25,0.097426
32,190,325,2,20000,0.25,0.097822
32,190,326,3,20000,0.25,0.095429
32,190,327,2,20000,0.25,0.09519
32,190,328,3,20000,0.25,0.097383
32,190,329,2,20000,0.25,0.093614
32,190,330,2,20000,0.25,0.09483
32,190,331,1,20000,0.25,0.094403
32,190,332,3,20000,0.25,0.096524
32,190,333,3,20000,0.25,0.095887
32,190,334,2,20000,0.25,0.09574
32,190,335,2,20000,0.25,0.099423
32,190,336,2,20000,0.25,0.095489
32,190,337,4,20000,0.25,0.097831
32,190,338,3,20000,0.25,0.098597
32,190,339,3,20000,0.25,0.096594
32,190,340,2,20000,0.25,0.093654
32,190,341,2,20000,0.25,0.095364
32,190,342,3,20000,0.25,0.098482
32,190,343,4,20000,0.25,0.099086
32,190,344,2,20000,0.25,0.096795
32,190,345,2,20000,0.25,0.094184
32,190,346,3,20000,0.25,0.096636
32,190,347,1,20000,0.25,0.092019
32,190,348,3,20000,0.25,0.097824
32,190,349,2,20000,0.25,0.097826
32,190,350,2,20000,0.25,0.09666
32,190,351,1,20000,0.25,0.092184
32,190,352,2,20000,0.25,0.09428
32,190,353,2,20000,0.25,0.095051
32,190,354,3,20000,0.25,0.097795
32,190,355,3,20000,0.25,0.096602
32,190,356,1,20000,0.25,0.092452
32,190,357,2,20000,0.25,0.096873
32,190,358,3,20000,0.25,0.097655
32,190,359,3,20000,0.25,0.096716
32,190,360,1,20000,0.25,0.095454
32,190,361,2,20000,0.25,0.095108
32,190,362,3,20000,0.25,0.097722
32,190,363,2,20000,0.25,0.097165
32,190,364,4,20000,0.25,0.09559
32,190,365,3,20000,0.25,0.094724
32,190,366,3,20000,0.25,0.096305
32,190,367,1,20000,0.25,0.093398
32,190,368,3,20000,0.25,0.098059
32,190,369,2,20000,0.25,0.094072
32,190,370,2,20000,0.25,0.093358
32,190,371,2,20000,0.25,0.096263
32,190,372,1,20000,0.25,0.091947
32,190,373,2,20000,0.25,0.093147
32,190,374,3,20000,0.25,0.096765
32,190,375,2,20000,0.25,0.094288
32,190,376,3,20000,0.25,0.095103
32,190,377,3,20000,0.25,0.096858
32,190,378,3,20000,0.25,0.095771
32,190,379,2,20000,0.25,0.094028
32,190,380,2,20000,0.25,0.094414
32,190,381,3,20000,0.25,0.095268
32,190,382,1,20000,0.25,0.092764
32,190,383,3,20000,0.25,0.099781
32,190,384,3,20000,0.25,0.096313
32,190,385,3,20000,0.25,0.097289
32,190,386,2,20000,0.25,0.094444
32,190,387,4,20000,0.25,0.097083
32,190,388,4,20000,0.25,0.0971
32,190,389,3,20000,0.25,0.096066
32,190,390,3,20000,0.25,0.095668
32,190,391,1,20000,0.25,0.093078
32,190,392,3,20000,0.25,0.095763
32,190,393,3,20000,0.25,0.095242
32,190,394,3,20000,0.25,0.097315
32,190,395,1,20000,0.25,0.092747
32,190,396,2,20000,0.25,0.092936
32,190,397,3,20000,0.25,0.099307
32,190,398,3,20000,0.25,0.096625
32,190,399,2,20000,0.25,0.096029
32,190,400,4,20000,0.25,0.097159
32,197,1,3,20000,0.25,0.097551
32,197,2,1,20000,0.25,0.098355
32,197,3,3,20000,0.25,0.095724
32,197,4,4,20000,0.25,0.097527
32,197,5,2,20000,0.25,0.095751
32,197,6,4,20000,0.25,0.096867
32,197,7,4,20000,0.25,0.098729
32,197,8,3,20000,0.25,0.09587
32,197,9,3,20000,0.25,0.095879
32,197,10,3,20000,0.25,0.104806
32,197,11,3,20000,0.25,0.104259
32,197,12,4,20000,0.25,0.104438
32,197,13,2,20000,0.25,0.098722
32,197,14,1,20000,0.25,0.098519
32,197,15,4,20000,0.25,0.100492
32,197,16,3,20000,0.25,0.096991
32,197,17,3,20000,0.25,0.098021
32,197,18,4,20000,0.25,0.097987
32,197,19,4,20000,0.25,0.10005
32,197,20,4,20000,0.25,0.100571
32,197,21,3,20000,0.25,0.097415
32,197,22,3,20000,0.25,0.100082
32,197,23,3,20000,0.25,0.097681
32,197,24,4,20000,0.25,0.100187
32,197,25,3,20000,0.25,0.096912
32,197,26,4,20000,0.25,0.101309
32,197,27,3,20000,0.25,0.097794
32,197,28,4,20000,0.25,0.097777
32,197,29,5,20000,0.25,0.099728
32,197,30,3,20000,0.25,0.096788
32,197,31,3,20000,0.25,0.103296
32,197,32,1,20000,0.25,0.093113
32,197,33,4,20000,0.25,0.098136
32,197,34,3,20000,0.25,0.095894
32,197,35,4,20000,0.25,0.098684
32,197,36,2,20000,0.25,0.094224
32,197,37,4,20000,0.25,0.09744
32,197,38,3,20000,0.25,0.095977
32,197,39,3,20000,0.25,0.096706
32,197,40,3,20000,0.25,0.09561
32,197,41,3,20000,0.25,0.096143
32,197,42,4,20000,0.25,0.09775
32,197,43,3,20000,0.25,0.098528
32,197,44,5,20000,0.25,0.098354
32,197,45,4,20000,0.25,0.099126
32,197,46,3,20000,0.25,0.093733
32,197,47,4,20000,0.25,0.098087
32,197,48,1,20000,0.25,0.093405
32,197,49,3,20000,0.25,0.096596
32,197,50,3,20000,0.25,0.094966
32,197,51,3,20000,0.25,0.096759
32,197,52,3,20000,0.25,0.096121
32,197,53,4,20000,0.25,0.097713
32,197,54,3,20000,0.25,0.095027
32,197,55,4,20000,0.25,0.096875
32,197,56,4,20000,0.25,0.097712
32,197,57,3,20000,0.25,0.09512
32,197,58,2,20000,0.25,0.092175
32,197,59,4,20000,0.25,0.097339
32,197,60,5,20000,0.25,0.097935
32,197,61,3,20000,0.25,0.097106
32,197,62,3,20000,0.25,0.095546
32,197,63,3,20000,0.25,0.095622
32,197,64,2,20000,0.25,0.094361
32,197,65,4,20000,0.25,0.097092
32,197,66,2,20000,0.25,0.09457
32,197,67,2,20000,0.25,0.094902
32,197,68,3,20000,0.25,0.096504
32,197,69,5,20000,0.25,0.099109
32,197,70,2,20000,0.25,0.092424
32,197,71,5,20000,0.25,0.097708
32,197,72,4,20000,0.25,0.098744
32,197,73,4,20000,0.25,0.097027
32,197,74,3,20000,0.25,0.097621
32,197,75,4,20000,0.25,0.097497
32,197,76,3,20000,0.25,0.096243
32,197,77,4,20000,0.25,0.096279
32,197,78,3,20000,0.25,0.096191
32,197,79,3,20000,0.25,0.095756
32,197,80,4,20000,0.25,0.096936
32,197,81,5,20000,0.25,0.097881
32,197,82,4,20000,0.25,0.095918
32,197,83,2,20000,0.25,0.093795
32,197,84,2,20000,0.25,0.095074
32,197,85,4,20000,0.25,0.097237
32,197,86,3,20000,0.25,0.094548
32,197,87,4,20000,0.25,0.098395
32,197,88,4,20000,0.25,0.098469
32,197,89,4,20000,0.25,0.097332
32,197,90,4,20000,0.25,0.097866
32,197,91,3,20000,0.25,0.095678
32,197,92,4,20000,0.25,0.097297
32,197,93,3,20000,0.25,0.094379
32,197,94,4,20000,0.25,0.097326
32,197,95,4,20000,0.25,0.097328
32,197,96,3,20000,0.25,0.095678
32,197,97,3,20000,0.25,0.095742
32,197,98,3,20000,0.25,0.097194
32,197,99,4,20000,0.25,0.098147
32,197,100,3,20000,0.25,0.104706
32,197,101,3,20000,0.25,0.10616
32,197,102,3,20000,0.25,0.105083
32,197,103,4,20000,0.25,0.106333
32,197,104,5,20000,0.25,0.106819
32,197,105,4,20000,0.25,0.099747
32,197,106,4,20000,0.25,0.101976
32,197,107,4,20000,0.25,0.104894
32,197,108,4,20000,0.25,0.103808
32,197,109,4,20000,0.25,0.103773
32,197,110,2,20000,0.25,0.102675
32,197,111,4,20000,0.25,0.105757
32,197,112,2,20000,0.25,0.105755
32,197,113,4,20000,0.25,0.103222
32,197,114,4,20000,0.25,0.098835
32,197,115,5,20000,0.25,0.104318
32,197,116,2,20000,0.25,0.101663
32,197,117,4,20000,0.25,0.102987
32,197,118,4,20000,0.25,0.105476
32,197,119,3,20000,0.25,0.107584
32,197,120,4,20000,0.25,0.108012
32,197,121,3,20000,0.25,0.104224
32,197,122,3,20000,0.25,0.101438
32,197,123,5,20000,0.25,0.100828
32,197,124,1,20000,0.25,0.097809
32,197,125,4,20000,0.25,0.097405
32,197,126,3,20000,0.25,0.094671
32,197,127,3,20000,0.25,0.09992
32,197,128,3,20000,0.25,0.100049
32,197,129,2,20000,0.25,0.095015
32,197,130,2,20000,0.25,0.095088
32,197,131,3,20000,0.25,0.103951
32,197,132,3,20000,0.25,0.098075
32,197,133,3,20000,0.25,0.097295
32,197,134,3,20000,0.25,0.100989
32,197,135,3,20000,0.25,0.100755
32,197,136,4,20000,0.25,0.1029
32,197,137,3,20000,0.25,0.098227
32,197,138,5,20000,0.25,0.105241
32,197,139,2,20000,0.25,0.098213
32,197,140,3,20000,0.25,0.099163
32,197,141,5,20000,0.25,0.107422
32,197,142,4,20000,0.25,0.098377
32,197,143,2,20000,0.25,0.103311
32,197,144,3,20000,0.25,0.097577
32,197,145,3,20000,0.25,0.100781
32,197,146,2,20000,0.25,0.097259
32,197,147,4,20000,0.25,0.100725
32,197,148,3,20000,0.25,0.098112
32,197,149,3,20000,0.25,0.097437
32,197,150,2,20000,0.25,0.095517
32,197,151,3,20000,0.25,0.097715
32,197,152,3,20000,0.25,0.097859
32,197,153,4,20000,0.25,0.100608
32,197,154,4,20000,0.25,0.103797
32,197,155,3,20000,0.25,0.099296
32,197,156,3,20000,0.25,0.098104
32,197,157,1,20000,0.25,0.092397
32,197,158,3,20000,0.25,0.100614
32,197,159,3,20000,0.25,0.098368
32,197,160,4,20000,0.25,0.09839
32,197,161,4,20000,0.25,0.099938
32,197,162,4,20000,0.25,0.098956
32,197,163,3,20000,0.25,0.098334
32,197,164,3,20000,0.25,0.096731
32,197,165,4,20000,0.25,0.100163
32,197,166,2,20000,0.25,0.097226
32,197,167,3,20000,0.25,0.10089
32,197,168,4,20000,0.25,0.104837
32,197,169,4,20000,0.25,0.099197
32,197,170,2,20000,0.25,0.099603
32,197,171,4,20000,0.25,0.100475
32,197,172,3,20000,0.25,0.099231
32,197,173,4,20000,0.25,0.101788
32,197,174,3,20000,0.25,0.09884
32,197,175,3,20000,0.25,0.108799
32,197,176,3,20000,0.25,0.098841
32,197,177,3,20000,0.25,0.098737
32,197,178,3,20000,0.25,0.098966
32,197,179,4,20000,0.25,0.107222
32,197,180,4,20000,0.25,0.099024
32,197,181,3,20000,0.25,0.094068
32,197,182,3,20000,0.25,0.096213
32,197,183,4,20000,0.25,0.109719
32,197,184,2,20000,0.25,0.091161
32,197,185,3,20000,0.25,0.09709
32,197,186,4,20000,0.25,0.100591
32,197,187,2,20000,0.25,0.097046
32,197,188,3,20000,0.25,0.105551
32,197,189,3,20000,0.25,0.098661
32,197,190,3,20000,0.25,0.099331
32,197,191,4,20000,0.25,0.098471
32,197,192,4,20000,0.25,0.100269
32,197,193,3,20000,0.25,0.097125
32,197,194,2,20000,0.25,0.098556
32,197,195,4,20000,0.25,0.098107
32,197,196,4,20000,0.25,0.10035
32,197,197,3,20000,0.25,0.100537
32,197,198,4,20000,0.25,0.098654
32,197,199,4,20000,0.25,0.100461
32,197,200,2,20000,0.25,0.095187
32,197,201,2,20000,0.25,0.096952
32,197,202,5,20000,0.25,0.103702
32,197,203,5,20000,0.25,0.101023
32,197,204,3,20000,0.25,0.098402
32,197,205,4,20000,0.25,0.098493
32,197,206,4,20000,0.25,0.097536
32,197,207,3,20000,0.25,0.095875
32,197,208,4,20000,0.25,0.100464
32,197,209,3,20000,0.25,0.097836
32,197,210,2,20000,0.25,0.097546
32,197,211,3,20000,0.25,0.10067
32,197,212,4,20000,0.25,0.107596
32,197,213,4,20000,0.25,0.104205
32,197,214,4,20000,0.25,0.099093
32,197,215,4,20000,0.25,0.098965
32,197,216,2,20000,0.25,0.105103
32,197,217,3,20000,0.25,0.098107
32,197,218,3,20000,0.25,0.097585
32,197,219,4,20000,0.25,0.102762
32,197,220,4,20000,0.25,0.099181
32,197,221,4,20000,0.25,0.10053
32,197,222,5,20000,0.25,0.105198
32,197,223,3,20000,0.25,0.098012
32,197,224,3,20000,0.25,0.098989
32,197,225,2,20000,0.25,0.097299
32,197,226,4,20000,0.25,0.098827
32,197,227,4,20000,0.25,0.105885
32,197,228,3,20000,0.25,0.104554
32,197,229,3,20000,0.25,0.107161
32,197,230,4,20000,0.25,0.098292
32,197,231,5,20000,0.25,0.107275
32,197,232,4,20000,0.25,0.099423
32,197,233,3,20000,0.25,0.098851
32,197,234,3,20000,0.25,0.098038
32,197,235,3,20000,0.25,0.09719
32,197,236,2,20000,0.25,0.093436
32,197,237,2,20000,0.25,0.102286
32,197,238,2,20000,0.25,0.096409
32,197,239,4,20000,0.25,0.098053
32,197,240,2,20000,0.25,0.096068
32,197,241,3,20000,0.25,0.099221
32,197,242,4,20000,0.25,0.104278
32,197,243,3,20000,0.25,0.103852
32,197,244,3,20000,0.25,0.106696
32,197,245,3,20000,0.25,0.097245
32,197,246,4,20000,0.25,0.099192
32,197,247,3,20000,0.25,0.096423
32,197,248,5,20000,0.25,0.099462
32,197,249,5,20000,0.25,0.09908
32,197,250,3,20000,0.25,0.098339
32,197,251,3,20000,0.25,0.096971
32,197,252,3,20000,0.25,0.096642
32,197,253,3,20000,0.25,0.095758
32,197,254,3,20000,0.25,0.098933
32,197,255,3,20000,0.25,0.096865
32,197,256,3,20000,0.25,0.099662
32,197,257,2,20000,0.25,0.094576
32,197,258,2,20000,0.25,0.095187
32,197,259,3,20000,0.25,0.098165
32,197,260,3,20000,0.25,0.09694
32,197,261,3,20000,0.25,0.094914
32,197,262,4,20000,0.25,0.098973
32,197,263,5,20000,0.25,0.101983
32,197,264,4,20000,0.25,0.106636
32,197,265,4,20000,0.25,0.104597
32,197,266,2,20000,0.25,0.100463
32,197,267,4,20000,0.25,0.107533
32,197,268,2,20000,0.25,0.094868
32,197,269,4,20000,0.25,0.097802
32,197,270,4,20000,0.25,0.099115
32,197,271,2,20000,0.25,0.096754
32,197,272,3,20000,0.25,0.096909
32,197,273,2,20000,0.25,0.096704
32,197,274,3,20000,0.25,0.097483
32,197,275,3,20000,0.25,0.097796
32,197,276,4,20000,0.25,0.098065
32,197,277,3,20000,0.25,0.098316
32,197,278,3,20000,0.25,0.095683
32,197,279,2,20000,0.25,0.096454
32,197,280,4,20000,0.25,0.097709
32,197,281,5,20000,0.25,0.102556
32,197,282,3,20000,0.25,0.095179
32,197,283,4,20000,0.25,0.098384
32,197,284,2,20000,0.25,0.093272
32,197,285,4,20000,0.25,0.105776
32,197,286,3,20000,0.25,0.098764
32,197,287,1,20000,0.25,0.092222
32,197,288,2,20000,0.25,0.09724
32,197,289,4,20000,0.25,0.100154
32,197,290,2,20000,0.25,0.096595
32,197,291,4,20000,0.25,0.099342
32,197,292,4,20000,0.25,0.099919
32,197,293,3,20000,0.25,0.096089
32,197,294,3,20000,0.25,0.095797
32,197,295,4,20000,0.25,0.098002
32,197,296,5,20000,0.25,0.100519
32,197,297,4,20000,0.25,0.098464
32,197,298,2,20000,0.25,0.095683
32,197,299,3,20000,0.25,0.103767
32,197,300,3,20000,0.25,0.097973
32,197,301,4,20000,0.25,0.098554
32,197,302,3,20000,0.25,0.098625
32,197,303,4,20000,0.25,0.097436
32,197,304,3,20000,0.25,0.095045
32,197,305,5,20000,0.25,0.105984
32,197,306,4,20000,0.25,0.096262
32,197,307,4,20000,0.25,0.098302
32,197,308,4,20000,0.25,0.10519
32,197,309,3,20000,0.25,0.104461
32,197,310,3,20000,0.25,0.09862
32,197,311,4,20000,0.25,0.097594
32,197,312,4,20000,0.25,0.097048
32,197,313,3,20000,0.25,0.097646
32,197,314,2,20000,0.25,0.092632
32,197,315,2,20000,0.25,0.104139
32,197,316,2,20000,0.25,0.094131
32,197,317,3,20000,0.25,0.09854
32,197,318,4,20000,0.25,0.095735
32,197,319,3,20000,0.25,0.096054
32,197,320,3,20000,0.25,0.100253
32,197,321,3,20000,0.25,0.099137
32,197,322,3,20000,0.25,0.096767
32,197,323,4,20000,0.25,0.096255
32,197,324,4,20000,0.25,0.097307
32,197,325,2,20000,0.25,0.096355
32,197,326,3,20000,0.25,0.09732
32,197,327,4,20000,0.25,0.097988
32,197,328,3,20000,0.25,0.095865
32,197,329,3,20000,0.25,0.097431
32,197,330,3,20000,0.25,0.095883
32,197,331,3,20000,0.25,0.096385
32,197,332,4,20000,0.25,0.096784
32,197,333,3,20000,0.25,0.095121
32,197,334,4,20000,0.25,0.096539
32,197,335,2,20000,0.25,0.093176
32,197,336,2,20000,0.25,0.094645
32,197,337,3,20000,0.25,0.096908
32,197,338,4,20000,0.25,0.097004
32,197,339,3,20000,0.25,0.098506
32,197,340,2,20000,0.25,0.094429
32,197,341,3,20000,0.25,0.09608
32,197,342,3,20000,0.25,0.095789
32,197,343,3,20000,0.25,0.09659
32,197,344,4,20000,0.25,0.096573
32,197,345,2,20000,0.25,0.093381
32,197,346,4,20000,0.25,0.09719
32,197,347,3,20000,0.25,0.095968
32,197,348,5,20000,0.25,0.098553
32,197,349,4,20000,0.25,0.09722
32,197,350,3,20000,0.25,0.095815
32,197,351,3,20000,0.25,0.095081
32,197,352,3,20000,0.25,0.094738
32,197,353,3,20000,0.25,0.09592
32,197,354,3,20000,0.25,0.098862
32,197,355,2,20000,0.25,0.094092
32,197,356,2,20000,0.25,0.097003
32,197,357,4,20000,0.25,0.099907
32,197,358,3,20000,0.25,0.09816
32,197,359,3,20000,0.25,0.096859
32,197,360,3,20000,0.25,0.095228
32,197,361,4,20000,0.25,0.097176
32,197,362,3,20000,0.25,0.096328
32,197,363,2,20000,0.25,0.096052
32,197,364,4,20000,0.25,0.099284
32,197,365,3,20000,0.25,0.099131
32,197,366,4,20000,0.25,0.098189
32,197,367,4,20000,0.25,0.099428
32,197,368,3,20000,0.25,0.097189
32,197,369,5,20000,0.25,0.097973
32,197,370,4,20000,0.25,0.096984
32,197,371,4,20000,0.25,0.098157
32,197,372,2,20000,0.25,0.093394
32,197,373,4,20000,0.25,0.097209
32,197,374,2,20000,0.25,0.094757
32,197,375,3,20000,0.25,0.095467
32,197,376,4,20000,0.25,0.098482
32,197,377,2,20000,0.25,0.093739
32,197,378,4,20000,0.25,0.098163
32,197,379,4,20000,0.25,0.096322
32,197,380,3,20000,0.25,0.096423
32,197,381,3,20000,0.25,0.095762
32,197,382,3,20000,0.25,0.095546
32,197,383,5,20000,0.25,0.098311
32,197,384,1,20000,0.25,0.092453
32,197,385,2,20000,0.25,0.094863
32,197,386,2,20000,0.25,0.095114
32,197,387,4,20000,0.25,0.096631
32,197,388,4,20000,0.25,0.098978
32,197,389,4,20000,0.25,0.096655
32,197,390,2,20000,0.25,0.09387
32,197,391,4,20000,0.25,0.09692
32,197,392,2,20000,0.25,0.094554
32,197,393,3,20000,0.25,0.095734
32,197,394,3,20000,0.25,0.098251
32,197,395,3,20000,0.25,0.096047
32,197,396,3,20000,0.25,0.095547
32,197,397,4,20000,0.25,0.098723
32,197,398,3,20000,0.25,0.096259
32,197,399,2,20000,0.25,0.094326
32,197,400,4,20000,0.25,0.095614
32,203,1,4,20000,0.25,0.098777
32,203,2,4,20000,0.25,0.100231
32,203,3,3,20000,0.25,0.097862
32,203,4,4,20000,0.25,0.097469
32,203,5,4,20000,0.25,0.097487
32,203,6,5,20000,0.25,0.100992
32,203,7,3,20000,0.25,0.097022
32,203,8,5,20000,0.25,0.098514
32,203,9,4,20000,0.25,0.097238
32,203,10,5,20000,0.25,0.107207
32,203,11,3,20000,0.25,0.104356
32,203,12,4,20000,0.25,0.106512
32,203,13,5,20000,0.25,0.098279
32,203,14,4,20000,0.25,0.102878
32,203,15,4,20000,0.25,0.099437
32,203,16,3,20000,0.25,0.098
32,203,17,4,20000,0.25,0.099308
32,203,18,4,20000,0.25,0.106203
32,203,19,4,20000,0.25,0.099916
32,203,20,3,20000,0.25,0.102229
32,203,21,5,20000,0.25,0.102951
32,203,22,4,20000,0.25,0.099564
32,203,23,4,20000,0.25,0.099282
32,203,24,4,20000,0.25,0.098305
32,203,25,4,20000,0.25,0.098957
32,203,26,4,20000,0.25,0.099565
32,203,27,5,20000,0.25,0.106974
32,203,28,5,20000,0.25,0.09986
32,203,29,3,20000,0.25,0.098953
32,203,30,4,20000,0.25,0.098957
32,203,31,3,20000,0.25,0.094902
32,203,32,4,20000,0.25,0.098404
32,203,33,4,20000,0.25,0.096138
32,203,34,3,20000,0.25,0.097391
32,203,35,4,20000,0.25,0.097622
32,203,36,4,20000,0.25,0.098428
32,203,37,3,20000,0.25,0.095962
32,203,38,4,20000,0.25,0.099349
32,203,39,3,20000,0.25,0.096262
32,203,40,5,20000,0.25,0.100808
32,203,41,3,20000,0.25,0.095708
32,203,42,5,20000,0.25,0.09751
32,203,43,4,20000,0.25,0.098521
32,203,44,4,20000,0.25,0.096184
32,203,45,6,20000,0.25,0.099704
32,203,46,3,20000,0.25,0.096005
32,203,47,3,20000,0.25,0.09675
32,203,48,3,20000,0.25,0.095591
32,203,49,3,20000,0.25,0.096812
32,203,50,4,20000,0.25,0.097361
32,203,51,5,20000,0.25,0.100759
32,203,52,5,20000,0.25,0.099332
32,203,53,5,20000,0.25,0.097512
32,203,54,4,20000,0.25,0.09786
32,203,55,4,20000,0.25,0.098347
32,203,56,5,20000,0.25,0.099358
32,203,57,3,20000,0.25,0.099947
32,203,58,4,20000,0.25,0.097775
32,203,59,4,20000,0.25,0.099304
32,203,60,5,20000,0.25,0.099798
32,203,61,4,20000,0.25,0.097641
32,203,62,5,20000,0.25,0.097718
32,203,63,2,20000,0.25,0.094861
32,203,64,4,20000,0.25,0.097252
32,203,65,3,20000,0.25,0.096162
32,203,66,6,20000,0.25,0.099778
32,203,67,3,20000,0.25,0.094291
32,203,68,6,20000,0.25,0.098442
32,203,69,5,20000,0.25,0.098948
32,203,70,5,20000,0.25,0.098686
32,203,71,3,20000,0.25,0.097675
32,203,72,2,20000,0.25,0.094068
32,203,73,4,20000,0.25,0.097973
32,203,74,3,20000,0.25,0.097555
32,203,75,5,20000,0.25,0.099704
32,203,76,4,20000,0.25,0.098788
32,203,77,5,20000,0.25,0.098584
32,203,78,4,20000,0.25,0.099451
32,203,79,3,20000,0.25,0.094591
32,203,80,4,20000,0.25,0.099843
32,203,81,3,20000,0.25,0.097176
32,203,82,4,20000,0.25,0.097556
32,203,83,4,20000,0.25,0.098716
32,203,84,5,20000,0.25,0.099314
32,203,85,4,20000,0.25,0.09615
32,203,86,3,20000,0.25,0.096345
32,203,87,4,20000,0.25,0.097639
32,203,88,5,20000,0.25,0.099187
32,203,89,4,20000,0.25,0.095346
32,203,90,5,20000,0.25,0.099222
32,203,91,4,20000,0.25,0.098746
32,203,92,4,20000,0.25,0.097652
32,203,93,3,20000,0.25,0.097558
32,203,94,4,20000,0.25,0.09598
32,203,95,5,20000,0.25,0.098491
32,203,96,5,20000,0.25,0.097977
32,203,97,4,20000,0.25,0.096818
32,203,98,4,20000,0.25,0.097116
32,203,99,4,20000,0.25,0.097604
32,203,100,2,20000,0.25,0.10295
32,203,101,4,20000,0.25,0.106921
32,203,102,4,20000,0.25,0.103655
32,203,103,4,20000,0.25,0.108061
32,203,104,5,20000,0.25,0.107519
32,203,105,4,20000,0.25,0.101447
32,203,106,3,20000,0.25,0.101302
32,203,107,5,20000,0.25,0.102015
32,203,108,2,20000,0.25,0.103722
32,203,109,4,20000,0.25,0.103629
32,203,110,5,20000,0.25,0.108885
32,203,111,3,20000,0.25,0.098088
32,203,112,4,20000,0.25,0.106285
32,203,113,4,20000,0.25,0.101757
32,203,114,5,20000,0.25,0.09934
32,203,115,5,20000,0.25,0.102037
32,203,116,3,20000,0.25,0.100187
32,203,117,4,20000,0.25,0.104122
32,203,118,4,20000,0.25,0.10563
32,203,119,4,20000,0.25,0.105292
32,203,120,5,20000,0.25,0.106636
32,203,121,4,20000,0.25,0.105907
32,203,122,2,20000,0.25,0.103858
32,203,123,4,20000,0.25,0.099223
32,203,124,3,20000,0.25,0.103238
32,203,125,3,20000,0.25,0.098262
32,203,126,5,20000,0.25,0.098846
32,203,127,4,20000,0.25,0.102366
32,203,128,4,20000,0.25,0.098777
32,203,129,4,20000,0.25,0.097632
32,203,130,5,20000,0.25,0.098972
32,203,131,4,20000,0.25,0.099374
32,203,132,5,20000,0.25,0.101019
32,203,133,2,20000,0.25,0.096643
32,203,134,4,20000,0.25,0.100661
32,203,135,5,20000,0.25,0.102458
32,203,136,4,20000,0.25,0.101288
32,203,137,2,20000,0.25,0.099
32,203,138,4,20000,0.25,0.103328
32,203,139,5,20000,0.25,0.106233
32,203,140,3,20000,0.25,0.095912
32,203,141,4,20000,0.25,0.106207
32,203,142,4,20000,0.25,0.103423
32,203,143,4,20000,0.25,0.103903
32,203,144,2,20000,0.25,0.100218
32,203,145,3,20000,0.25,0.097821
32,203,146,4,20000,0.25,0.100372
32,203,147,5,20000,0.25,0.102551
32,203,148,3,20000,0.25,0.096935
32,203,149,5,20000,0.25,0.10074
32,203,150,4,20000,0.25,0.09961
32,203,151,4,20000,0.25,0.099793
32,203,152,2,20000,0.25,0.094871
32,203,153,3,20000,0.25,0.098461
32,203,154,4,20000,0.25,0.099737
32,203,155,4,20000,0.25,0.104443
32,203,156,4,20000,0.25,0.098281
32,203,157,3,20000,0.25,0.0969
32,203,158,4,20000,0.25,0.10474
32,203,159,4,20000,0.25,0.10094
32,203,160,3,20000,0.25,0.100085
32,203,161,5,20000,0.25,0.09878
32,203,162,4,20000,0.25,0.099926
32,203,163,4,20000,0.25,0.101943
32,203,164,3,20000,0.25,0.097576
32,203,165,3,20000,0.25,0.102417
32,203,166,5,20000,0.25,0.103654
32,203,167,3,20000,0.25,0.101111
32,203,168,4,20000,0.25,0.107018
32,203,169,3,20000,0.25,0.09843
32,203,170,4,20000,0.25,0.100223
32,203,171,5,20000,0.25,0.103783
32,203,172,4,20000,0.25,0.101404
32,203,173,4,20000,0.25,0.100536
32,203,174,4,20000,0.25,0.098444
32,203,175,3,20000,0.25,0.105065
32,203,176,4,20000,0.25,0.098182
32,203,177,3,20000,0.25,0.096618
32,203,178,5,20000,0.25,0.10077
32,203,179,2,20000,0.25,0.096632
32,203,180,2,20000,0.25,0.099236
32,203,181,3,20000,0.25,0.100053
32,203,182,5,20000,0.25,0.102612
32,203,183,5,20000,0.25,0.105658
32,203,184,4,20000,0.25,0.100608
32,203,185,4,20000,0.25,0.101248
32,203,186,3,20000,0.25,0.100625
32,203,187,3,20000,0.25,0.102211
32,203,188,4,20000,0.25,0.099898
32,203,189,3,20000,0.25,0.096346
32,203,190,4,20000,0.25,0.103453
32,203,191,4,20000,0.25,0.098649
32,203,192,3,20000,0.25,0.099053
32,203,193,4,20000,0.25,0.097669
32,203,194,5,20000,0.25,0.098629
32,203,195,4,20000,0.25,0.103509
32,203,196,3,20000,0.25,0.100295
32,203,197,4,20000,0.25,0.098971
32,203,198,4,20000,0.25,0.099538
32,203,199,4,20000,0.25,0.099539
32,203,200,4,20000,0.25,0.099668
32,203,201,4,20000,0.25,0.103016
32,203,202,2,20000,0.25,0.098092
32,203,203,4,20000,0.25,0.100651
32,203,204,4,20000,0.25,0.104913
32,203,205,5,20000,0.25,0.098572
32,203,206,4,20000,0.25,0.099896
32,203,207,4,20000,0.25,0.101212
32,203,208,4,20000,0.25,0.099755
32,203,209,3,20000,0.25,0.09955
32,203,210,5,20000,0.25,0.09885
32,203,211,4,20000,0.25,0.099557
32,203,212,3,20000,0.25,0.104804
32,203,213,5,20000,0.25,0.103576
32,203,214,4,20000,0.25,0.101527
32,203,215,5,20000,0.25,0.10003
32,203,216,3,20000,0.25,0.099584
32,203,217,3,20000,0.25,0.098042
32,203,218,4,20000,0.25,0.101228
32,203,219,6,20000,0.25,0.102066
32,203,220,3,20000,0.25,0.097617
32,203,221,4,20000,0.25,0.105319
32,203,222,3,20000,0.25,0.096625
32,203,223,5,20000,0.25,0.102437
32,203,224,5,20000,0.25,0.101069
32,203,225,4,20000,0.25,0.100087
32,203,226,3,20000,0.25,0.105051
32,203,227,3,20000,0.25,0.107016
32,203,228,4,20000,0.25,0.102962
32,203,229,1,20000,0.25,0.098034
32,203,230,5,20000,0.25,0.100561
32,203,231,4,20000,0.25,0.108116
32,203,232,5,20000,0.25,0.100436
32,203,233,4,20000,0.25,0.107522
32,203,234,4,20000,0.25,0.099133
32,203,235,5,20000,0.25,0.099658
32,203,236,3,20000,0.25,0.104098
32,203,237,4,20000,0.25,0.102612
32,203,238,4,20000,0.25,0.099114
32,203,239,5,20000,0.25,0.099964
32,203,240,3,20000,0.25,0.102076
32,203,241,3,20000,0.25,0.104812
32,203,242,3,20000,0.25,0.104398
32,203,243,4,20000,0.25,0.107511
32,203,244,5,20000,0.25,0.101226
32,203,245,4,20000,0.25,0.096867
32,203,246,4,20000,0.25,0.097431
32,203,247,4,20000,0.25,0.097294
32,203,248,3,20000,0.25,0.09627
32,203,249,5,20000,0.25,0.098168
32,203,250,5,20000,0.25,0.100669
32,203,251,4,20000,0.25,0.09896
32,203,252,4,20000,0.25,0.09904
32,203,253,3,20000,0.25,0.097448
32,203,254,5,20000,0.25,0.097577
32,203,255,3,20000,0.25,0.098842
32,203,256,2,20000,0.25,0.095654
32,203,257,4,20000,0.25,0.099289
32,203,258,4,20000,0.25,0.097843
32,203,259,2,20000,0.25,0.096734
32,203,260,3,20000,0.25,0.095547
32,203,261,4,20000,0.25,0.104281
32,203,262,4,20000,0.25,0.105149
32,203,263,4,20000,0.25,0.107541
32,203,264,4,20000,0.25,0.097468
32,203,265,4,20000,0.25,0.097864
32,203,266,4,20000,0.25,0.102825
32,203,267,4,20000,0.25,0.09822
32,203,268,4,20000,0.25,0.097221
32,203,269,5,20000,0.25,0.099454
32,203,270,4,20000,0.25,0.097806
32,203,271,5,20000,0.25,0.101341
32,203,272,6,20000,0.25,0.103424
32,203,273,4,20000,0.25,0.097666
32,203,274,4,20000,0.25,0.099276
32,203,275,4,20000,0.25,0.100179
32,203,276,4,20000,0.25,0.105304
32,203,277,4,20000,0.25,0.09991
32,203,278,5,20000,0.25,0.098673
32,203,279,4,20000,0.25,0.10066
32,203,280,4,20000,0.25,0.099444
32,203,281,4,20000,0.25,0.102108
32,203,282,3,20000,0.25,0.101656
32,203,283,5,20000,0.25,0.102091
32,203,284,3,20000,0.25,0.098531
32,203,285,1,20000,0.25,0.090555
32,203,286,4,20000,0.25,0.09936
32,203,287,5,20000,0.25,0.102065
32,203,288,5,20000,0.25,0.098237
32,203,289,5,20000,0.25,0.098182
32,203,290,5,20000,0.25,0.100591
32,203,291,5,20000,0.25,0.098281
32,203,292,5,20000,0.25,0.099356
32,203,293,5,20000,0.25,0.106592
32,203,294,4,20000,0.25,0.102777
32,203,295,4,20000,0.25,0.101971
32,203,296,4,20000,0.25,0.101065
32,203,297,3,20000,0.25,0.097743
32,203,298,4,20000,0.25,0.097819
32,203,299,5,20000,0.25,0.099012
32,203,300,3,20000,0.25,0.098812
32,203,301,6,20000,0.25,0.100939
32,203,302,4,20000,0.25,0.106714
32,203,303,4,20000,0.25,0.103479
32,203,304,4,20000,0.25,0.095997
32,203,305,6,20000,0.25,0.107244
32,203,306,4,20000,0.25,0.104829
32,203,307,3,20000,0.25,0.105626
32,203,308,4,20000,0.25,0.100688
32,203,309,5,20000,0.25,0.100058
32,203,310,5,20000,0.25,0.100202
32,203,311,2,20000,0.25,0.095189
32,203,312,5,20000,0.25,0.099706
32,203,313,3,20000,0.25,0.096581
32,203,314,4,20000,0.25,0.100129
32,203,315,4,20000,0.25,0.109155
32,203,316,4,20000,0.25,0.097156
32,203,317,4,20000,0.25,0.097994
32,203,318,3,20000,0.25,0.096283
32,203,319,3,20000,0.25,0.09648
32,203,320,4,20000,0.25,0.097359
32,203,321,3,20000,0.25,0.0968
32,203,322,5,20000,0.25,0.097347
32,203,323,4,20000,0.25,0.0967
32,203,324,3,20000,0.25,0.095783
32,203,325,5,20000,0.25,0.099192
32,203,326,4,20000,0.25,0.09614
32,203,327,3,20000,0.25,0.095801
32,203,328,5,20000,0.25,0.098816
32,203,329,5,20000,0.25,0.098027
32,203,330,4,20000,0.25,0.096052
32,203,331,4,20000,0.25,0.096255
32,203,332,5,20000,0.25,0.098839
32,203,333,4,20000,0.25,0.09788
32,203,334,3,20000,0.25,0.095316
32,203,335,4,20000,0.25,0.097304
32,203,336,5,20000,0.25,0.100673
32,203,337,3,20000,0.25,0.096199
32,203,338,4,20000,0.25,0.098059
32,203,339,2,20000,0.25,0.094128
32,203,340,4,20000,0.25,0.09764
32,203,341,1,20000,0.25,0.090281
32,203,342,4,20000,0.25,0.099675
32,203,343,5,20000,0.25,0.100707
32,203,344,3,20000,0.25,0.09772
32,203,345,4,20000,0.25,0.096811
32,203,346,4,20000,0.25,0.096568
32,203,347,4,20000,0.25,0.098028
32,203,348,4,20000,0.25,0.098191
32,203,349,3,20000,0.25,0.095632
32,203,350,3,20000,0.25,0.097121
32,203,351,4,20000,0.25,0.097189
32,203,352,5,20000,0.25,0.100522
32,203,353,3,20000,0.25,0.098036
32,203,354,5,20000,0.25,0.101772
32,203,355,5,20000,0.25,0.098587
32,203,356,5,20000,0.25,0.099728
32,203,357,6,20000,0.25,0.09885
32,203,358,3,20000,0.25,0.097192
32,203,359,3,20000,0.25,0.09549
32,203,360,4,20000,0.25,0.098389
32,203,361,5,20000,0.25,0.098709
32,203,362,4,20000,0.25,0.097169
32,203,363,5,20000,0.25,0.102467
32,203,364,3,20000,0.25,0.096295
32,203,365,5,20000,0.25,0.098607
32,203,366,4,20000,0.25,0.101176
32,203,367,6,20000,0.25,0.099264
32,203,368,2,20000,0.25,0.097241
32,203,369,1,20000,0.25,0.09209
32,203,370,3,20000,0.25,0.096973
32,203,371,2,20000,0.25,0.093782
32,203,372,4,20000,0.25,0.097854
32,203,373,5,20000,0.25,0.099835
32,203,374,5,20000,0.25,0.098762
32,203,375,3,20000,0.25,0.097275
32,203,376,5,20000,0.25,0.100183
32,203,377,4,20000,0.25,0.096145
32,203,378,3,20000,0.25,0.095793
32,203,379,4,20000,0.25,0.098774
32,203,380,4,20000,0.25,0.102668
32,203,381,5,20000,0.25,0.0982
32,203,382,5,20000,0.25,0.098623
32,203,383,4,20000,0.25,0.096382
32,203,384,3,20000,0.25,0.095796
32,203,385,5,20000,0.25,0.098722
32,203,386,4,20000,0.25,0.097681
32,203,387,3,20000,0.25,0.096141
32,203,388,4,20000,0.25,0.095211
32,203,389,3,20000,0.25,0.09582
32,203,390,4,20000,0.25,0.097949
32,203,391,3,20000,0.25,0.095391
32,203,392,4,20000,0.25,0.097292
32,203,393,5,20000,0.25,0.098239
32,203,394,4,20000,0.25,0.096919
32,203,395,3,20000,0.25,0.095883
32,203,396,6,20000,0.25,0.100992
32,203,397,4,20000,0.25,0.099862
32,203,398,3,20000,0.25,0.096496
32,203,399,3,20000,0.25,0.098492
32,203,400,4,20000,0.25,0.09759
32,210,1,4,20000,0.25,0.10557
32,210,2,5,20000,0.25,0.10546
32,210,3,4,20000,0.25,0.098524
32,210,4,4,20000,0.25,0.097598
32,210,5,5,20000,0.25,0.098122
32,210,6,6,20000,0.25,0.099965
32,210,7,6,20000,0.25,0.101572
32,210,8,4,20000,0.25,0.098945
32,210,9,6,20000,0.25,0.100926
32,210,10,3,20000,0.25,0.104577
32,210,11,6,20000,0.25,0.111247
32,210,12,5,20000,0.25,0.105294
32,210,13,4,20000,0.25,0.106994
32,210,14,5,20000,0.25,0.100435
32,210,15,5,20000,0.25,0.108891
32,210,16,5,20000,0.25,0.108388
32,210,17,5,20000,0.25,0.107476
32,210,18,4,20000,0.25,0.108022
32,210,19,5,20000,0.25,0.10523
32,210,20,5,20000,0.25,0.105813
32,210,21,5,20000,0.25,0.108011
32,210,22,4,20000,0.25,0.102121
32,210,23,4,20000,0.25,0.098228
32,210,24,5,20000,0.25,0.103839
32,210,25,6,20000,0.25,0.103645
32,210,26,6,20000,0.25,0.098892
32,210,27,7,20000,0.25,0.103924
32,210,28,3,20000,0.25,0.099833
32,210,29,5,20000,0.25,0.099777
32,210,30,6,20000,0.25,0.104803
32,210,31,5,20000,0.25,0.100322
32,210,32,6,20000,0.25,0.100498
32,210,33,3,20000,0.25,0.095003
32,210,34,4,20000,0.25,0.099485
32,210,35,4,20000,0.25,0.097939
32,210,36,4,20000,0.25,0.098077
32,210,37,4,20000,0.25,0.097621
32,210,38,6,20000,0.25,0.101259
32,210,39,6,20000,0.25,0.0997
32,210,40,5,20000,0.25,0.099201
32,210,41,6,20000,0.25,0.099566
32,210,42,4,20000,0.25,0.096283
32,210,43,6,20000,0.25,0.100861
32,210,44,4,20000,0.25,0.095547
32,210,45,3,20000,0.25,0.094684
32,210,46,5,20000,0.25,0.098857
32,210,47,5,20000,0.25,0.098979
32,210,48,4,20000,0.25,0.097581
32,210,49,5,20000,0.25,0.098951
32,210,50,5,20000,0.25,0.099715
32,210,51,4,20000,0.25,0.095865
32,210,52,4,20000,0.25,0.097956
32,210,53,4,20000,0.25,0.097447
32,210,54,5,20000,0.25,0.098333
32,210,55,5,20000,0.25,0.098436
32,210,56,4,20000,0.25,0.098803
32,210,57,5,20000,0.25,0.098621
32,210,58,5,20000,0.25,0.098655
32,210,59,3,20000,0.25,0.096081
32,210,60,4,20000,0.25,0.097371
32,210,61,4,20000,0.25,0.097491
32,210,62,4,20000,0.25,0.097804
32,210,63,6,20000,0.25,0.099965
32,210,64,5,20000,0.25,0.099158
32,210,65,5,20000,0.25,0.098538
32,210,66,6,20000,0.25,0.100674
32,210,67,6,20000,0.25,0.099754
32,210,68,4,20000,0.25,0.098841
32,210,69,5,20000,0.25,0.097652
32,210,70,5,20000,0.25,0.099096
32,210,71,4,20000,0.25,0.099691
32,210,72,7,20000,0.25,0.10369
32,210,73,5,20000,0.25,0.100083
32,210,74,6,20000,0.25,0.099432
32,210,75,4,20000,0.25,0.098646
32,210,76,4,20000,0.25,0.097797
32,210,77,7,20000,0.25,0.101306
32,210,78,6,20000,0.25,0.101863
32,210,79,4,20000,0.25,0.098453
32,210,80,3,20000,0.25,0.096726
32,210,81,5,20000,0.25,0.102296
32,210,82,4,20000,0.25,0.098107
32,210,83,4,20000,0.25,0.097415
32,210,84,5,20000,0.25,0.099133
32,210,85,3,20000,0.25,0.096138
32,210,86,5,20000,0.25,0.098486
32,210,87,5,20000,0.25,0.098785
32,210,88,4,20000,0.25,0.096399
32,210,89,4,20000,0.25,0.09892
32,210,90,4,20000,0.25,0.097649
32,210,91,6,20000,0.25,0.100682
32,210,92,4,20000,0.25,0.098431
32,210,93,5,20000,0.25,0.098936
32,210,94,5,20000,0.25,0.098464
32,210,95,4,20000,0.25,0.100741
32,210,96,4,20000,0.25,0.096841
32,210,97,4,20000,0.25,0.097302
32,210,98,6,20000,0.25,0.099237
32,210,99,5,20000,0.25,0.100956
32,210,100,6,20000,0.25,0.109572
32,210,101,4,20000,0.25,0.108334
32,210,102,5,20000,0.25,0.107754
32,210,103,6,20000,0.25,0.108422
32,210,104,5,20000,0.25,0.110846
32,210,105,5,20000,0.25,0.111396
32,210,106,6,20000,0.25,0.106829
32,210,107,6,20000,0.25,0.109035
32,210,108,5,20000,0.25,0.10968
32,210,109,5,20000,0.25,0.108421
32,210,110,6,20000,0.25,0.110135
32,210,111,4,20000,0.25,0.107589
32,210,112,5,20000,0.25,0.108911
32,210,113,3,20000,0.25,0.104183
32,210,114,5,20000,0.25,0.107038
32,210,115,4,20000,0.25,0.105492
32,210,116,5,20000,0.25,0.107693
32,210,117,2,20000,0.25,0.10382
32,210,118,6,20000,0.25,0.108723
32,210,119,4,20000,0.25,0.11027
32,210,120,5,20000,0.25,0.110659
32,210,121,5,20000,0.25,0.10741
32,210,122,5,20000,0.25,0.107879
32,210,123,4,20000,0.25,0.108825
32,210,124,4,20000,0.25,0.107124
32,210,125,4,20000,0.25,0.104817
32,210,126,5,20000,0.25,0.109724
32,210,127,4,20000,0.25,0.108331
32,210,128,4,20000,0.25,0.107169
32,210,129,4,20000,0.25,0.108202
32,210,130,3,20000,0.25,0.104909
32,210,131,4,20000,0.25,0.107712
32,210,132,5,20000,0.25,0.108886
32,210,133,6,20000,0.25,0.110432
32,210,134,3,20000,0.25,0.108769
32,210,135,5,20000,0.25,0.107697
32,210,136,6,20000,0.25,0.108541
32,210,137,5,20000,0.25,0.106658
32,210,138,4,20000,0.25,0.106886
32,210,139,4,20000,0.25,0.106808
32,210,140,5,20000,0.25,0.109208
32,210,141,6,20000,0.25,0.109216
32,210,142,3,20000,0.25,0.104923
32,210,143,5,20000,0.25,0.108594
32,210,144,4,20000,0.25,0.105329
32,210,145,5,20000,0.25,0.109382
32,210,146,3,20000,0.25,0.105966
32,210,147,6,20000,0.25,0.111013
32,210,148,6,20000,0.25,0.109293
32,210,149,4,20000,0.25,0.10707
32,210,150,5,20000,0.25,0.107402
32,210,151,5,20000,0.25,0.107883
32,210,152,4,20000,0.25,0.108175
32,210,153,5,20000,0.25,0.108164
32,210,154,5,20000,0.25,0.106736
32,210,155,6,20000,0.25,0.10811
32,210,156,6,20000,0.25,0.107629
32,210,157,3,20000,0.25,0.105677
32,210,158,6,20000,0.25,0.110345
32,210,159,6,20000,0.25,0.108215
32,210,160,5,20000,0.25,0.109459
32,210,161,5,20000,0.25,0.110681
32,210,162,3,20000,0.25,0.104939
32,210,163,4,20000,0.25,0.108057
32,210,164,5,20000,0.25,0.10952
32,210,165,5,20000,0.25,0.105833
32,210,166,4,20000,0.25,0.107604
32,210,167,4,20000,0.25,0.106478
32,210,168,4,20000,0.25,0.106072
32,210,169,5,20000,0.25,0.103918
32,210,170,4,20000,0.25,0.106065
32,210,171,5,20000,0.25,0.107276
32,210,172,5,20000,0.25,0.106472
32,210,173,5,20000,0.25,0.105314
32,210,174,4,20000,0.25,0.107927
32,210,175,5,20000,0.25,0.105238
32,210,176,6,20000,0.25,0.107532
32,210,177,6,20000,0.25,0.111588
32,210,178,4,20000,0.25,0.105764
32,210,179,4,20000,0.25,0.107239
32,210,180,6,20000,0.25,0.109255
32,210,181,3,20000,0.25,0.106896
32,210,182,4,20000,0.25,0.108782
32,210,183,5,20000,0.25,0.106406
32,210,184,4,20000,0.25,0.105236
32,210,185,5,20000,0.25,0.109601
32,210,186,6,20000,0.25,0.108144
32,210,187,5,20000,0.25,0.107175
32,210,188,5,20000,0.25,0.106648
32,210,189,5,20000,0.25,0.10577
32,210,190,4,20000,0.25,0.104513
32,210,191,4,20000,0.25,0.10495
32,210,192,4,20000,0.25,0.104264
32,210,193,4,20000,0.25,0.109065
32,210,194,5,20000,0.25,0.107645
32,210,195,5,20000,0.25,0.101376
32,210,196,4,20000,0.25,0.098707
32,210,197,4,20000,0.25,0.106028
32,210,198,4,20000,0.25,0.105378
32,210,199,6,20000,0.25,0.108164
32,210,200,5,20000,0.25,0.107787
32,210,201,5,20000,0.25,0.106477
32,210,202,6,20000,0.25,0.107466
32,210,203,5,20000,0.25,0.103724
32,210,204,5,20000,0.25,0.103091
32,210,205,4,20000,0.25,0.106454
32,210,206,6,20000,0.25,0.108815
32,210,207,4,20000,0.25,0.106404
32,210,208,6,20000,0.25,0.108223
32,210,209,4,20000,0.25,0.105404
32,210,210,6,20000,0.25,0.104881
32,210,211,5,20000,0.25,0.104948
32,210,212,7,20000,0.25,0.108514
32,210,213,6,20000,0.25,0.103232
32,210,214,5,20000,0.25,0.104351
32,210,215,5,20000,0.25,0.105634
32,210,216,5,20000,0.25,0.103192
32,210,217,5,20000,0.25,0.102021
32,210,218,5,20000,0.25,0.106592
32,210,219,3,20000,0.25,0.101844
32,210,220,6,20000,0.25,0.103942
32,210,221,5,20000,0.25,0.104893
32,210,222,4,20000,0.25,0.108894
32,210,223,5,20000,0.25,0.103953
32,210,224,5,20000,0.25,0.104472
32,210,225,6,20000,0.25,0.108726
32,210,226,6,20000,0.25,0.103378
32,210,227,3,20000,0.25,0.099956
32,210,228,4,20000,0.25,0.102998
32,210,229,5,20000,0.25,0.100675
32,210,230,5,20000,0.25,0.107284
32,210,231,4,20000,0.25,0.102332
32,210,232,5,20000,0.25,0.104303
32,210,233,4,20000,0.25,0.102603
32,210,234,5,20000,0.25,0.106686
32,210,235,5,20000,0.25,0.104868
32,210,236,4,20000,0.25,0.101549
32,210,237,5,20000,0.25,0.100133
32,210,238,5,20000,0.25,0.104185
32,210,239,5,20000,0.25,0.10396
32,210,240,4,20000,0.25,0.098809
32,210,241,6,20000,0.25,0.107632
32,210,242,4,20000,0.25,0.104459
32,210,243,4,20000,0.25,0.101068
32,210,244,2,20000,0.25,0.099086
32,210,245,6,20000,0.25,0.104026
32,210,246,5,20000,0.25,0.106645
32,210,247,6,20000,0.25,0.101867
32,210,248,4,20000,0.25,0.099753
32,210,249,6,20000,0.25,0.102645
32,210,250,5,20000,0.25,0.106181
32,210,251,6,20000,0.25,0.10197
32,210,252,4,20000,0.25,0.099752
32,210,253,3,20000,0.25,0.098074
32,210,254,3,20000,0.25,0.097039
32,210,255,5,20000,0.25,0.100067
32,210,256,4,20000,0.25,0.098105
32,210,257,6,20000,0.25,0.104712
32,210,258,5,20000,0.25,0.103684
32,210,259,5,20000,0.25,0.101787
32,210,260,5,20000,0.25,0.101717
32,210,261,4,20000,0.25,0.102177
32,210,262,5,20000,0.25,0.100273
32,210,263,4,20000,0.25,0.101821
32,210,264,4,20000,0.25,0.098249
32,210,265,4,20000,0.25,0.100241
32,210,266,4,20000,0.25,0.101339
32,210,267,6,20000,0.25,0.102579
32,210,268,6,20000,0.25,0.101672
32,210,269,5,20000,0.25,0.098615
32,210,270,5,20000,0.25,0.098858
32,210,271,6,20000,0.25,0.101121
32,210,272,3,20000,0.25,0.096302
32,210,273,4,20000,0.25,0.098539
32,210,274,3,20000,0.25,0.097111
32,210,275,6,20000,0.25,0.103323
32,210,276,6,20000,0.25,0.102313
32,210,277,4,20000,0.25,0.099032
32,210,278,5,20000,0.25,0.099149
32,210,279,6,20000,0.25,0.10065
32,210,280,6,20000,0.25,0.103432
32,210,281,4,20000,0.25,0.099501
32,210,282,6,20000,0.25,0.1032
32,210,283,5,20000,0.25,0.097312
32,210,284,6,20000,0.25,0.099184
32,210,285,6,20000,0.25,0.102656
32,210,286,5,20000,0.25,0.101278
32,210,287,4,20000,0.25,0.102626
32,210,288,4,20000,0.25,0.101366
32,210,289,6,20000,0.25,0.099487
32,210,290,3,20000,0.25,0.09739
32,210,291,5,20000,0.25,0.101091
32,210,292,5,20000,0.25,0.099634
32,210,293,6,20000,0.25,0.09953
32,210,294,5,20000,0.25,0.101831
32,210,295,5,20000,0.25,0.098715
32,210,296,4,20000,0.25,0.10027
32,210,297,3,20000,0.25,0.098884
32,210,298,4,20000,0.25,0.100195
32,210,299,3,20000,0.25,0.095959
32,210,300,4,20000,0.25,0.104813
32,210,301,5,20000,0.25,0.099718
32,210,302,6,20000,0.25,0.1035
32,210,303,4,20000,0.25,0.098795
32,210,304,5,20000,0.25,0.097523
32,210,305,5,20000,0.25,0.099787
32,210,306,5,20000,0.25,0.100129
32,210,307,6,20000,0.25,0.104291
32,210,308,5,20000,0.25,0.099006
32,210,309,5,20000,0.25,0.097739
32,210,310,6,20000,0.25,0.099008
32,210,311,6,20000,0.25,0.101144
32,210,312,4,20000,0.25,0.097349
32,210,313,5,20000,0.25,0.098875
32,210,314,4,20000,0.25,0.099527
32,210,315,5,20000,0.25,0.100094
32,210,316,5,20000,0.25,0.099433
32,210,317,5,20000,0.25,0.0981
32,210,318,5,20000,0.25,0.101208
32,210,319,4,20000,0.25,0.096679
32,210,320,4,20000,0.25,0.097186
32,210,321,5,20000,0.25,0.098226
32,210,322,5,20000,0.25,0.100425
32,210,323,5,20000,0.25,0.099308
32,210,324,4,20000,0.25,0.0975
32,210,325,5,20000,0.25,0.099793
32,210,326,5,20000,0.25,0.099371
32,210,327,5,20000,0.25,0.099653
32,210,328,6,20000,0.25,0.100577
32,210,329,4,20000,0.25,0.096894
32,210,330,5,20000,0.25,0.100247
32,210,331,5,20000,0.25,0.100727
32,210,332,5,20000,0.25,0.098031
32,210,333,5,20000,0.25,0.099014
32,210,334,6,20000,0.25,0.100964
32,210,335,5,20000,0.25,0.100839
32,210,336,5,20000,0.25,0.099735
32,210,337,5,20000,0.25,0.1002
32,210,338,6,20000,0.25,0.100052
32,210,339,6,20000,0.25,0.101359
32,210,340,6,20000,0.25,0.100397
32,210,341,6,20000,0.25,0.099869
32,210,342,4,20000,0.25,0.098315
32,210,343,5,20000,0.25,0.098189
32,210,344,4,20000,0.25,0.09888
32,210,345,6,20000,0.25,0.100706
32,210,346,6,20000,0.25,0.098781
32,210,347,5,20000,0.25,0.100452
32,210,348,4,20000,0.25,0.097778
32,210,349,5,20000,0.25,0.099437
32,210,350,5,20000,0.25,0.100254
32,210,351,4,20000,0.25,0.098067
32,210,352,5,20000,0.25,0.098056
32,210,353,4,20000,0.25,0.100594
32,210,354,5,20000,0.25,0.098191
32,210,355,4,20000,0.25,0.097798
32,210,356,5,20000,0.25,0.099873
32,210,357,4,20000,0.25,0.098049
32,210,358,5,20000,0.25,0.098269
32,210,359,4,20000,0.25,0.09766
32,210,360,5,20000,0.25,0.097678
32,210,361,4,20000,0.25,0.095641
32,210,362,6,20000,0.25,0.100797
32,210,363,4,20000,0.25,0.096017
32,210,364,3,20000,0.25,0.095327
32,210,365,5,20000,0.25,0.099253
32,210,366,5,20000,0.25,0.098403
32,210,367,3,20000,0.25,0.095846
32,210,368,6,20000,0.25,0.100191
32,210,369,4,20000,0.25,0.095316
32,210,370,4,20000,0.25,0.097084
32,210,371,4,20000,0.25,0.103565
32,210,372,3,20000,0.25,0.095863
32,210,373,4,20000,0.25,0.096902
32,210,374,5,20000,0.25,0.099562
32,210,375,5,20000,0.25,0.098821
32,210,376,4,20000,0.25,0.097484
32,210,377,6,20000,0.25,0.099936
32,210,378,7,20000,0.25,0.10096
32,210,379,5,20000,0.25,0.09893
32,210,380,5,20000,0.25,0.098155
32,210,381,3,20000,0.25,0.096668
32,210,382,4,20000,0.25,0.097885
32,210,383,5,20000,0.25,0.100131
32,210,384,4,20000,0.25,0.099652
32,210,385,4,20000,0.25,0.097413
32,210,386,5,20000,0.25,0.098006
32,210,387,6,20000,0.25,0.100314
32,210,388,5,20000,0.25,0.098719
32,210,389,6,20000,0.25,0.100482
32,210,390,4,20000,0.25,0.097425
32,210,391,5,20000,0.25,0.098465
32,210,392,4,20000,0.25,0.098333
32,210,393,4,20000,0.25,0.098079
32,210,394,4,20000,0.25,0.098481
32,210,395,2,20000,0.25,0.095275
32,210,396,5,20000,0.25,0.098731
32,210,397,5,20000,0.25,0.09855
32,210,398,4,20000,0.25,0.098496
32,210,399,4,20000,0.25,0.096826
32,210,400,5,20000,0.25,0.103615
32,216,1,6,20000,0.25,0.100998
32,216,2,4,20000,0.25,0.107715
32,216,3,4,20000,0.25,0.097657
32,216,4,6,20000,0.25,0.101525
32,216,5,8,20000,0.25,0.104016
32,216,6,4,20000,0.25,0.095726
32,216,7,5,20000,0.25,0.098661
32,216,8,6,20000,0.25,0.099967
32,216,9,7,20000,0.25,0.101327
32,216,10,5,20000,0.25,0.110583
32,216,11,6,20000,0.25,0.107245
32,216,12,5,20000,0.25,0.108307
32,216,13,5,20000,0.25,0.107913
32,216,14,4,20000,0.25,0.109177
32,216,15,6,20000,0.25,0.108803
32,216,16,6,20000,0.25,0.110515
32,216,17,6,20000,0.25,0.110483
32,216,18,6,20000,0.25,0.108079
32,216,19,5,20000,0.25,0.10669
32,216,20,6,20000,0.25,0.107633
32,216,21,6,20000,0.25,0.106897
32,216,22,6,20000,0.25,0.103437
32,216,23,6,20000,0.25,0.102159
32,216,24,4,20000,0.25,0.100706
32,216,25,5,20000,0.25,0.101055
32,216,26,7,20000,0.25,0.102948
32,216,27,5,20000,0.25,0.099633
32,216,28,5,20000,0.25,0.096946
32,216,29,7,20000,0.25,0.104675
32,216,30,5,20000,0.25,0.101341
32,216,31,5,20000,0.25,0.101128
32,216,32,4,20000,0.25,0.097264
32,216,33,5,20000,0.25,0.101241
32,216,34,4,20000,0.25,0.096779
32,216,35,5,20000,0.25,0.099706
32,216,36,5,20000,0.25,0.098426
32,216,37,7,20000,0.25,0.10123
32,216,38,6,20000,0.25,0.10119
32,216,39,6,20000,0.25,0.101172
32,216,40,7,20000,0.25,0.102221
32,216,41,5,20000,0.25,0.098922
32,216,42,5,20000,0.25,0.098763
32,216,43,6,20000,0.25,0.100025
32,216,44,7,20000,0.25,0.100518
32,216,45,6,20000,0.25,0.100005
32,216,46,7,20000,0.25,0.101088
32,216,47,6,20000,0.25,0.101137
32,216,48,5,20000,0.25,0.099732
32,216,49,6,20000,0.25,0.098632
32,216,50,5,20000,0.25,0.099435
32,216,51,6,20000,0.25,0.101313
32,216,52,7,20000,0.25,0.1013
32,216,53,5,20000,0.25,0.099305
32,216,54,3,20000,0.25,0.09535
32,216,55,5,20000,0.25,0.098528
32,216,56,6,20000,0.25,0.101847
32,216,57,7,20000,0.25,0.100282
32,216,58,5,20000,0.25,0.09785
32,216,59,5,20000,0.25,0.097987
32,216,60,6,20000,0.25,0.099624
32,216,61,6,20000,0.25,0.10117
32,216,62,6,20000,0.25,0.100316
32,216,63,6,20000,0.25,0.100032
32,216,64,7,20000,0.25,0.102491
32,216,65,7,20000,0.25,0.101928
32,216,66,6,20000,0.25,0.10085
32,216,67,5,20000,0.25,0.100257
32,216,68,5,20000,0.25,0.101644
32,216,69,6,20000,0.25,0.102069
32,216,70,6,20000,0.25,0.101338
32,216,71,7,20000,0.25,0.102389
32,216,72,7,20000,0.25,0.100763
32,216,73,4,20000,0.25,0.098849
32,216,74,6,20000,0.25,0.102246
32,216,75,6,20000,0.25,0.100064
32,216,76,7,20000,0.25,0.100565
32,216,77,6,20000,0.25,0.100305
32,216,78,7,20000,0.25,0.10144
32,216,79,6,20000,0.25,0.101058
32,216,80,6,20000,0.25,0.101117
32,216,81,6,20000,0.25,0.101609
32,216,82,5,20000,0.25,0.098654
32,216,83,5,20000,0.25,0.097762
32,216,84,6,20000,0.25,0.100985
32,216,85,5,20000,0.25,0.097944
32,216,86,5,20000,0.25,0.100902
32,216,87,5,20000,0.25,0.098812
32,216,88,6,20000,0.25,0.100132
32,216,89,5,20000,0.25,0.09977
32,216,90,5,20000,0.25,0.09869
32,216,91,7,20000,0.25,0.100985
32,216,92,4,20000,0.25,0.097434
32,216,93,5,20000,0.25,0.098483
32,216,94,7,20000,0.25,0.101169
32,216,95,5,20000,0.25,0.099233
32,216,96,5,20000,0.25,0.100977
32,216,97,7,20000,0.25,0.102651
32,216,98,7,20000,0.25,0.10001
32,216,99,6,20000,0.25,0.099851
32,216,100,5,20000,0.25,0.10674
32,216,101,5,20000,0.25,0.109553
32,216,102,5,20000,0.25,0.109853
32,216,103,5,20000,0.25,0.110483
32,216,104,5,20000,0.25,0.109283
32,216,105,7,20000,0.25,0.111002
32,216,106,6,20000,0.25,0.108619
32,216,107,6,20000,0.25,0.109036
32,216,108,4,20000,0.25,0.105332
32,216,109,7,20000,0.25,0.112074
32,216,110,5,20000,0.25,0.10728
32,216,111,6,20000,0.25,0.108501
32,216,112,5,20000,0.25,0.10838
32,216,113,4,20000,0.25,0.108047
32,216,114,6,20000,0.25,0.108911
32,216,115,5,20000,0.25,0.108057
32,216,116,6,20000,0.25,0.109972
32,216,117,6,20000,0.25,0.107665
32,216,118,6,20000,0.25,0.108972
32,216,119,5,20000,0.25,0.109714
32,216,120,7,20000,0.25,0.110391
32,216,121,5,20000,0.25,0.107852
32,216,122,6,20000,0.25,0.112583
32,216,123,3,20000,0.25,0.106543
32,216,124,5,20000,0.25,0.107641
32,216,125,6,20000,0.25,0.109814
32,216,126,5,20000,0.25,0.108416
32,216,127,5,20000,0.25,0.108465
32,216,128,6,20000,0.25,0.1102
32,216,129,4,20000,0.25,0.10807
32,216,130,5,20000,0.25,0.108472
32,216,131,7,20000,0.25,0.111163
32,216,132,4,20000,0.25,0.105655
32,216,133,4,20000,0.25,0.107376
32,216,134,5,20000,0.25,0.108919
32,216,135,6,20000,0.25,0.108314
32,216,136,6,20000,0.25,0.110881
32,216,137,4,20000,0.25,0.105223
32,216,138,6,20000,0.25,0.109274
32,216,139,4,20000,0.25,0.105818
32,216,140,6,20000,0.25,0.109507
32,216,141,4,20000,0.25,0.109207
32,216,142,6,20000,0.25,0.111116
32,216,143,7,20000,0.25,0.11039
32,216,144,5,20000,0.25,0.11035
32,216,145,6,20000,0.25,0.111399
32,216,146,6,20000,0.25,0.111408
32,216,147,5,20000,0.25,0.109243
32,216,148,6,20000,0.25,0.108054
32,216,149,6,20000,0.25,0.110734
32,216,150,6,20000,0.25,0.10911
32,216,151,6,20000,0.25,0.111283
32,216,152,6,20000,0.25,0.110394
32,216,153,6,20000,0.25,0.110319
32,216,154,7,20000,0.25,0.111892
32,216,155,6,20000,0.25,0.108708
32,216,156,6,20000,0.25,0.111704
32,216,157,5,20000,0.25,0.109379
32,216,158,6,20000,0.25,0.111643
32,216,159,6,20000,0.25,0.108596
32,216,160,5,20000,0.25,0.109456
32,216,161,6,20000,0.25,0.107455
32,216,162,7,20000,0.25,0.109499
32,216,163,6,20000,0.25,0.111987
32,216,164,5,20000,0.25,0.108462
32,216,165,6,20000,0.25,0.107502
32,216,166,6,20000,0.25,0.105627
32,216,167,5,20000,0.25,0.106419
32,216,168,6,20000,0.25,0.10322
32,216,169,7,20000,0.25,0.106474
32,216,170,6,20000,0.25,0.110086
32,216,171,6,20000,0.25,0.109089
32,216,172,6,20000,0.25,0.111434
32,216,173,7,20000,0.25,0.110897
32,216,174,7,20000,0.25,0.113882
32,216,175,4,20000,0.25,0.10515
32,216,176,5,20000,0.25,0.109028
32,216,177,6,20000,0.25,0.108748
32,216,178,4,20000,0.25,0.105234
32,216,179,6,20000,0.25,0.113341
32,216,180,6,20000,0.25,0.110407
32,216,181,5,20000,0.25,0.105905
32,216,182,6,20000,0.25,0.109697
32,216,183,5,20000,0.25,0.109787
32,216,184,5,20000,0.25,0.107617
32,216,185,5,20000,0.25,0.108247
32,216,186,3,20000,0.25,0.105463
32,216,187,6,20000,0.25,0.107597
32,216,188,6,20000,0.25,0.106849
32,216,189,6,20000,0.25,0.108176
32,216,190,6,20000,0.25,0.105785
32,216,191,5,20000,0.25,0.104724
32,216,192,6,20000,0.25,0.104023
32,216,193,4,20000,0.25,0.107254
32,216,194,6,20000,0.25,0.103766
32,216,195,5,20000,0.25,0.10063
32,216,196,6,20000,0.25,0.108869
32,216,197,4,20000,0.25,0.103411
32,216,198,6,20000,0.25,0.10681
32,216,199,5,20000,0.25,0.106543
32,216,200,6,20000,0.25,0.107608
32,216,201,6,20000,0.25,0.111613
32,216,202,8,20000,0.25,0.108628
32,216,203,5,20000,0.25,0.105613
32,216,204,6,20000,0.25,0.107023
32,216,205,6,20000,0.25,0.107571
32,216,206,6,20000,0.25,0.107792
32,216,207,5,20000,0.25,0.109716
32,216,208,7,20000,0.25,0.110876
32,216,209,4,20000,0.25,0.103356
32,216,210,6,20000,0.25,0.107673
32,216,211,4,20000,0.25,0.102005
32,216,212,7,20000,0.25,0.106768
32,216,213,6,20000,0.25,0.107791
32,216,214,5,20000,0.25,0.10623
32,216,215,5,20000,0.25,0.107035
32,216,216,5,20000,0.25,0.103124
32,216,217,6,20000,0.25,0.103983
32,216,218,6,20000,0.25,0.105932
32,216,219,5,20000,0.25,0.104116
32,216,220,7,20000,0.25,0.10493
32,216,221,4,20000,0.25,0.106727
32,216,222,6,20000,0.25,0.104589
32,216,223,5,20000,0.25,0.102772
32,216,224,5,20000,0.25,0.103908
32,216,225,6,20000,0.25,0.105862
32,216,226,6,20000,0.25,0.102929
32,216,227,6,20000,0.25,0.107923
32,216,228,5,20000,0.25,0.104331
32,216,229,5,20000,0.25,0.104584
32,216,230,6,20000,0.25,0.105968
32,216,231,5,20000,0.25,0.102562
32,216,232,5,20000,0.25,0.103899
32,216,233,7,20000,0.25,0.105088
32,216,234,7,20000,0.25,0.103224
32,216,235,5,20000,0.25,0.102478
32,216,236,4,20000,0.25,0.1003
32,216,237,6,20000,0.25,0.104738
32,216,238,5,20000,0.25,0.105057
32,216,239,6,20000,0.25,0.109225
32,216,240,6,20000,0.25,0.10439
32,216,241,4,20000,0.25,0.09939
32,216,242,7,20000,0.25,0.104755
32,216,243,5,20000,0.25,0.100095
32,216,244,3,20000,0.25,0.099008
32,216,245,4,20000,0.25,0.104751
32,216,246,7,20000,0.25,0.103995
32,216,247,5,20000,0.25,0.101406
32,216,248,6,20000,0.25,0.103073
32,216,249,4,20000,0.25,0.101623
32,216,250,5,20000,0.25,0.102909
32,216,251,7,20000,0.25,0.100677
32,216,252,5,20000,0.25,0.10065
32,216,253,4,20000,0.25,0.099684
32,216,254,6,20000,0.25,0.104239
32,216,255,5,20000,0.25,0.10138
32,216,256,5,20000,0.25,0.102271
32,216,257,7,20000,0.25,0.101528
32,216,258,5,20000,0.25,0.102408
32,216,259,6,20000,0.25,0.102334
32,216,260,5,20000,0.25,0.099844
32,216,261,6,20000,0.25,0.102043
32,216,262,4,20000,0.25,0.099385
32,216,263,6,20000,0.25,0.101876
32,216,264,2,20000,0.25,0.095492
32,216,265,5,20000,0.25,0.100977
32,216,266,4,20000,0.25,0.101204
32,216,267,6,20000,0.25,0.099289
32,216,268,7,20000,0.25,0.102082
32,216,269,6,20000,0.25,0.101058
32,216,270,6,20000,0.25,0.102705
32,216,271,4,20000,0.25,0.099284
32,216,272,7,20000,0.25,0.102448
32,216,273,5,20000,0.25,0.101489
32,216,274,6,20000,0.25,0.104007
32,216,275,6,20000,0.25,0.1022
32,216,276,6,20000,0.25,0.101918
32,216,277,4,20000,0.25,0.100842
32,216,278,5,20000,0.25,0.100374
32,216,279,5,20000,0.25,0.100999
32,216,280,5,20000,0.25,0.101648
32,216,281,6,20000,0.25,0.102318
32,216,282,5,20000,0.25,0.101039
32,216,283,5,20000,0.25,0.102412
32,216,284,5,20000,0.25,0.098709
32,216,285,7,20000,0.25,0.10342
32,216,286,5,20000,0.25,0.099309
32,216,287,7,20000,0.25,0.10271
32,216,288,5,20000,0.25,0.102503
32,216,289,4,20000,0.25,0.100619
32,216,290,6,20000,0.25,0.100227
32,216,291,6,20000,0.25,0.102998
32,216,292,5,20000,0.25,0.100262
32,216,293,6,20000,0.25,0.102978
32,216,294,5,20000,0.25,0.108328
32,216,295,5,20000,0.25,0.104379
32,216,296,4,20000,0.25,0.102113
32,216,297,5,20000,0.25,0.102828
32,216,298,5,20000,0.25,0.102412
32,216,299,6,20000,0.25,0.102216
32,216,300,6,20000,0.25,0.100546
32,216,301,4,20000,0.25,0.098967
32,216,302,5,20000,0.25,0.10055
32,216,303,6,20000,0.25,0.100565
32,216,304,4,20000,0.25,0.095608
32,216,305,4,20000,0.25,0.097177
32,216,306,6,20000,0.25,0.101876
32,216,307,6,20000,0.25,0.099134
32,216,308,6,20000,0.25,0.100654
32,216,309,4,20000,0.25,0.098729
32,216,310,5,20000,0.25,0.100715
32,216,311,6,20000,0.25,0.102181
32,216,312,5,20000,0.25,0.098658
32,216,313,6,20000,0.25,0.100935
32,216,314,4,20000,0.25,0.096486
32,216,315,6,20000,0.25,0.100988
32,216,316,7,20000,0.25,0.103927
32,216,317,4,20000,0.25,0.096609
32,216,318,6,20000,0.25,0.104516
32,216,319,6,20000,0.25,0.099874
32,216,320,6,20000,0.25,0.099798
32,216,321,5,20000,0.25,0.099532
32,216,322,5,20000,0.25,0.099815
32,216,323,5,20000,0.25,0.098885
32,216,324,6,20000,0.25,0.102882
32,216,325,7,20000,0.25,0.102327
32,216,326,5,20000,0.25,0.099449
32,216,327,6,20000,0.25,0.10054
32,216,328,7,20000,0.25,0.103596
32,216,329,3,20000,0.25,0.094239
32,216,330,6,20000,0.25,0.101827
32,216,331,5,20000,0.25,0.098351
32,216,332,3,20000,0.25,0.097996
32,216,333,5,20000,0.25,0.09914
32,216,334,4,20000,0.25,0.100377
32,216,335,5,20000,0.25,0.099819
32,216,336,6,20000,0.25,0.10017
32,216,337,5,20000,0.25,0.098348
32,216,338,5,20000,0.25,0.099653
32,216,339,6,20000,0.25,0.100441
32,216,340,5,20000,0.25,0.098106
32,216,341,5,20000,0.25,0.098354
32,216,342,4,20000,0.25,0.097872
32,216,343,7,20000,0.25,0.101511
32,216,344,6,20000,0.25,0.099925
32,216,345,5,20000,0.25,0.098627
32,216,346,6,20000,0.25,0.100045
32,216,347,5,20000,0.25,0.098533
32,216,348,6,20000,0.25,0.100685
32,216,349,5,20000,0.25,0.099665
32,216,350,5,20000,0.25,0.099307
32,216,351,4,20000,0.25,0.098293
32,216,352,6,20000,0.25,0.102688
32,216,353,5,20000,0.25,0.098765
32,216,354,6,20000,0.25,0.101964
32,216,355,5,20000,0.25,0.098628
32,216,356,5,20000,0.25,0.098577
32,216,357,4,20000,0.25,0.097164
32,216,358,5,20000,0.25,0.099385
32,216,359,6,20000,0.25,0.101461
32,216,360,6,20000,0.25,0.10045
32,216,361,4,20000,0.25,0.097313
32,216,362,6,20000,0.25,0.100787
32,216,363,5,20000,0.25,0.098219
32,216,364,6,20000,0.25,0.100901
32,216,365,5,20000,0.25,0.098628
32,216,366,6,20000,0.25,0.101839
32,216,367,4,20000,0.25,0.098259
32,216,368,4,20000,0.25,0.100115
32,216,369,7,20000,0.25,0.102222
32,216,370,5,20000,0.25,0.100362
32,216,371,5,20000,0.25,0.099097
32,216,372,5,20000,0.25,0.099981
32,216,373,6,20000,0.25,0.101578
32,216,374,6,20000,0.25,0.100502
32,216,375,7,20000,0.25,0.102406
32,216,376,6,20000,0.25,0.099781
32,216,377,6,20000,0.25,0.100769
32,216,378,6,20000,0.25,0.100591
32,216,379,5,20000,0.25,0.10002
32,216,380,5,20000,0.25,0.101757
32,216,381,6,20000,0.25,0.100021
32,216,382,5,20000,0.25,0.098571
32,216,383,6,20000,0.25,0.100028
32,216,384,5,20000,0.25,0.10095
32,216,385,6,20000,0.25,0.103911
32,216,386,3,20000,0.25,0.09498
32,216,387,5,20000,0.25,0.099604
32,216,388,6,20000,0.25,0.09912
32,216,389,4,20000,0.25,0.097263
32,216,390,6,20000,0.25,0.102174
32,216,391,6,20000,0.25,0.100336
32,216,392,6,20000,0.25,0.099157
32,216,393,6,20000,0.25,0.100233
32,216,394,6,20000,0.25,0.10142
32,216,395,4,20000,0.25,0.097773
32,216,396,6,20000,0.25,0.099728
32,216,397,6,20000,0.25,0.101699
32,216,398,5,20000,0.25,0.099349
32,216,399,3,20000,0.25,0.096017
32,216,400,5,20000,0.25,0.099546
64,317,1,0,40000,0.25,0.000521
64,317,2,0,40000,0.25,0.001048
64,317,3,0,40000,0.25,0.00156
64,317,4,0,40000,0.25,0.00165
64,317,5,0,40000,0.25,0.001573
64,317,6,0,40000,0.25,0.000699
64,317,7,0,40000,0.25,0.001281
64,317,8,0,40000,0.25,0.000955
64,317,9,0,40000,0.25,0.000711
64,317,10,0,40000,0.25,0.001316
64,317,11,0,40000,0.25,0.001174
64,317,12,0,40000,0.25,0.001067
64,317,13,0,40000,0.25,0.00077
64,317,14,0,40000,0.25,0.00078
64,317,15,0,40000,0.25,0.000923
64,317,16,0,40000,0.25,0.001215
64,317,17,0,40000,0.25,0.000994
64,317,18,0,40000,0.25,0.000891
64,317,19,0,40000,0.25,0.002647
64,317,20,0,40000,0.25,0.001761
64,317,21,0,40000,0.25,0.003132
64,317,22,0,40000,0.25,0.000809
64,317,23,0,40000,0.25,0.000914
64,317,24,0,40000,0.25,0.000906
64,317,25,0,40000,0.25,0.000842
64,317,26,0,40000,0.25,0.00133
64,317,27,0,40000,0.25,0.000786
64,317,28,0,40000,0.25,0.000775
64,317,29,0,40000,0.25,0.000936
64,317,30,0,40000,0.25,0.001452
64,317,31,0,40000,0.25,0.001465
64,317,32,0,40000,0.25,0.000746
64,317,33,0,40000,0.25,0.000953
64,317,34,0,40000,0.25,0.00176
64,317,35,0,40000,0.25,0.001307
64,317,36,0,40000,0.25,0.000862
64,317,37,0,40000,0.25,0.000791
64,317,38,0,40000,0.25,0.000711
64,317,39,0,40000,0.25,0.0007
64,317,40,0,40000,0.25,0.002157
64,317,41,0,40000,0.25,0.001992
64,317,42,0,40000,0.25,0.000983
64,317,43,0,40000,0.25,0.000655
64,317,44,0,40000,0.25,0.001126
64,317,45,0,40000,0.25,0.001329
64,317,46,0,40000,0.25,0.001795
64,317,47,0,40000,0.25,0.001695
64,317,48,0,40000,0.25,0.002975
64,317,49,0,40000,0.25,0.000805
64,317,50,0,40000,0.25,0.00136
64,317,51,0,40000,0.25,0.000902
64,317,52,0,40000,0.25,0.00155
64,317,53,0,40000,0.25,0.000968
64,317,54,0,40000,0.25,0.004611
64,317,55,0,40000,0.25,0.000666
64,317,56,0,40000,0.25,0.001172
64,317,57,0,40000,0.25,0.000872
64,317,58,0,40000,0.25,0.001236
64,317,59,0,40000,0.25,0.001769
64,317,60,0,40000,0.25,0.001627
64,317,61,0,40000,0.25,0.000973
64,317,62,0,40000,0.25,0.002207
64,317,63,0,40000,0.25,0.00081
64,317,64,0,40000,0.25,0.001857
64,317,65,0,40000,0.25,0.001492
64,317,66,0,40000,0.25,0.000788
64,317,67,0,40000,0.25,0.000752
64,317,68,0,40000,0.25,0.00064
64,317,69,0,40000,0.25,0.000583
64,317,70,0,40000,0.25,0.001358
64,317,71,0,40000,0.25,0.0008
64,317,72,0,40000,0.25,0.001567
64,317,73,0,40000,0.25,0.000782
64,317,74,0,40000,0.25,0.001363
64,317,75,0,40000,0.25,0.00078
64,317,76,0,40000,0.25,0.00071
64,317,77,0,40000,0.25,0.001361
64,317,78,0,40000,0.25,0.000613
64,317,79,0,40000,0.25,0.000978
64,317,80,0,40000,0.25,0.000787
64,317,81,0,40000,0.25,0.001242
64,317,82,0,40000,0.25,0.001466
64,317,83,0,40000,0.25,0.000622
64,317,84,0,40000,0.25,0.000909
64,317,85,0,40000,0.25,0.001093
64,317,86,0,40000,0.25,0.000764
64,317,87,0,40000,0.25,0.002101
64,317,88,0,40000,0.25,0.00079
64,317,89,0,40000,0.25,0.000962
64,317,90,0,40000,0.25,0.003087
64,317,91,0,40000,0.25,0.000875
64,317,92,0,40000,0.25,0.001791
64,317,93,0,40000,0.25,0.001176
64,317,94,0,40000,0.25,0.001681
64,317,95,0,40000,0.25,0.001305
64,317,96,0,40000,0.25,0.000849
64,317,97,0,40000,0.25,0.001668
64,317,98,0,40000,0.25,0.001698
64,317,99,0,40000,0.25,0.001789
64,317,100,0,40000,0.25,0.000796
64,317,101,0,40000,0.25,0.001806
64,317,102,0,40000,0.25,0.00163
64,317,103,0,40000,0.25,0.00131
64,317,104,0,40000,0.25,0.001084
64,317,105,0,40000,0.25,0.001007
64,317,106,0,40000,0.25,0.000817
64,317,107,0,40000,0.25,0.001781
64,317,108,0,40000,0.25,0.000753
64,317,109,0,40000,0.25,0.000766
64,317,110,0,40000,0.25,0.001501
64,317,111,0,40000,0.25,0.000966
64,317,112,0,40000,0.25,0.000794
64,317,113,0,40000,0.25,0.001214
64,317,114,0,40000,0.25,0.000698
64,317,115,0,40000,0.25,0.001677
64,317,116,0,40000,0.25,0.001568
64,317,117,0,40000,0.25,0.001346
64,317,118,0,40000,0.25,0.000684
64,317,119,0,40000,0.25,0.001083
64,317,120,0,40000,0.25,0.000941
64,317,121,0,40000,0.25,0.000829
64,317,122,0,40000,0.25,0.001175
64,317,123,0,40000,0.25,0.001036
64,317,124,0,40000,0.25,0.00072
64,317,125,0,40000,0.25,0.002042
64,317,126,0,40000,0.25,0.000739
64,317,127,0,40000,0.25,0.001028
64,317,128,0,40000,0.25,0.000916
64,317,129,0,40000,0.25,0.001094
64,317,130,0,40000,0.25,0.000963
64,317,131,0,40000,0.25,0.000686
64,317,132,0,40000,0.25,0.000623
64,317,133,0,40000,0.25,0.001162
64,317,134,0,40000,0.25,0.000793
64,317,135,0,40000,0.25,0.002137
64,317,136,0,40000,0.25,0.001455
64,317,137,0,40000,0.25,0.001365
64,317,138,0,40000,0.25,0.000905
64,317,139,0,40000,0.25,0.001741
64,317,140,0,40000,0.25,0.001515
64,317,141,0,40000,0.25,0.001757
64,317,142,0,40000,0.25,0.001066
64,317,143,0,40000,0.25,0.001282
64,317,144,0,40000,0.25,0.001655
64,317,145,0,40000,0.25,0.002198
64,317,146,0,40000,0.25,0.001591
64,317,147,0,40000,0.25,0.000791
64,317,148,0,40000,0.25,0.00091
64,317,149,0,40000,0.25,0.000611
64,317,150,0,40000,0.25,0.002696
64,317,151,0,40000,0.25,0.001109
64,317,152,0,40000,0.25,0.000628
64,317,153,0,40000,0.25,0.00094
64,317,154,0,40000,0.25,0.001592
64,317,155,0,40000,0.25,0.00112
64,317,156,0,40000,0.25,0.001283
64,317,157,0,40000,0.25,0.001006
64,317,158,0,40000,0.25,0.001184
64,317,159,0,40000,0.25,0.001066
64,317,160,0,40000,0.25,0.0021
64,317,161,0,40000,0.25,0.001279
64,317,162,0,40000,0.25,0.001411
64,317,163,0,40000,0.25,0.00187
64,317,164,0,40000,0.25,0.002297
64,317,165,0,40000,0.25,0.000746
64,317,166,0,40000,0.25,0.001599
64,317,167,0,40000,0.25,0.001132
64,317,168,0,40000,0.25,0.001238
64,317,169,0,40000,0.25,0.000717
64,317,170,0,40000,0.25,0.001079
64,317,171,0,40000,0.25,0.000782
64,317,172,0,40000,0.25,0.000855
64,317,173,0,40000,0.25,0.000903
64,317,174,0,40000,0.25,0.00202
64,317,175,0,40000,0.25,0.001356
64,317,176,0,40000,0.25,0.001521
64,317,177,0,40000,0.25,0.001191
64,317,178,0,40000,0.25,0.000719
64,317,179,0,40000,0.25,0.00143
64,317,180,0,40000,0.25,0.001763
64,317,181,0,40000,0.25,0.0012
64,317,182,0,40000,0.25,0.001084
64,317,183,0,40000,0.25,0.001113
64,317,184,0,40000,0.25,0.000928
64,317,185,0,40000,0.25,0.000712
64,317,186,0,40000,0.25,0.000961
64,317,187,0,40000,0.25,0.003595
64,317,188,0,40000,0.25,0.001406
64,317,189,0,40000,0.25,0.000672
64,317,190,0,40000,0.25,0.001091
64,317,191,0,40000,0.25,0.000892
64,317,192,0,40000,0.25,0.001126
64,317,193,0,40000,0.25,0.001108
64,317,194,0,40000,0.25,0.000761
64,317,195,0,40000,0.25,0.001248
64,317,196,0,40000,0.25,0.002391
64,317,197,0,40000,0.25,0.001674
64,317,198,0,40000,0.25,0.001232
64,317,199,0,40000,0.25,0.000786
64,317,200,0,40000,0.25,0.00258
64,317,201,0,40000,0.25,0.000776
64,317,202,0,40000,0.25,0.001077
64,317,203,0,40000,0.25,0.000831
64,317,204,0,40000,0.25,0.001334
64,317,205,0,40000,0.25,0.001006
64,317,206,0,40000,0.25,0.000925
64,317,207,0,40000,0.25,0.00277
64,317,208,0,40000,0.25,0.001038
64,317,209,0,40000,0.25,0.001458
64,317,210,0,40000,0.25,0.00164
64,317,211,0,40000,0.25,0.001224
64,317,212,0,40000,0.25,0.001241
64,317,213,0,40000,0.25,0.000787
64,317,214,0,40000,0.25,0.001063
64,317,215,0,40000,0.25,0.000922
64,317,216,0,40000,0.25,0.001935
64,317,217,0,40000,0.25,0.000846
64,317,218,0,40000,0.25,0.000844
64,317,219,0,40000,0.25,0.000978
64,317,220,0,40000,0.25,0.001867
64,317,221,0,40000,0.25,0.000971
64,317,222,0,40000,0.25,0.000887
64,317,223,0,40000,0.25,0.002036
64,317,224,0,40000,0.25,0.001278
64,317,225,0,40000,0.25,0.000978
64,317,226,0,40000,0.25,0.000731
64,317,227,0,40000,0.25,0.000671
64,317,228,0,40000,0.25,0.000931
64,317,229,0,40000,0.25,0.001002
64,317,230,0,40000,0.25,0.002516
64,317,231,0,40000,0.25,0.002545
64,317,232,0,40000,0.25,0.001336
64,317,233,0,40000,0.25,0.001236
64,317,234,0,40000,0.25,0.001068
64,317,235,0,40000,0.25,0.001179
64,317,236,0,40000,0.25,0.001236
64,317,237,0,40000,0.25,0.000955
64,317,238,0,40000,0.25,0.001209
64,317,239,0,40000,0.25,0.000641
64,317,240,0,40000,0.25,0.001536
64,317,241,0,40000,0.25,0.001065
64,317,242,0,40000,0.25,0.001776
64,317,243,0,40000,0.25,0.001288
64,317,244,0,40000,0.25,0.001202
64,317,245,0,40000,0.25,0.000736
64,317,246,0,40000,0.25,0.001776
64,317,247,0,40000,0.25,0.000808
64,317,248,0,40000,0.25,0.000955
64,317,249,0,40000,0.25,0.000946
64,317,250,0,40000,0.25,0.00113
64,317,251,0,40000,0.25,0.000981
64,317,252,0,40000,0.25,0.001369
64,317,253,0,40000,0.25,0.000731
64,317,254,0,40000,0.25,0.001167
64,317,255,0,40000,0.25,0.000703
64,317,256,0,40000,0.25,0.000625
64,317,257,0,40000,0.25,0.000721
64,317,258,0,40000,0.25,0.001286
64,317,259,0,40000,0.25,0.000955
64,317,260,0,40000,0.25,0.000888
64,317,261,0,40000,0.25,0.000816
64,317,262,0,40000,0.25,0.000773
64,317,263,0,40000,0.25,0.001009
64,317,264,0,40000,0.25,0.001382
64,317,265,0,40000,0.25,0.001025
64,317,266,0,40000,0.25,0.001176
64,317,267,0,40000,0.25,0.000839
64,317,268,0,40000,0.25,0.001315
64,317,269,0,40000,0.25,0.000714
64,317,270,0,40000,0.25,0.000895
64,317,271,0,40000,0.25,0.000645
64,317,272,0,40000,0.25,0.00081
64,317,273,0,40000,0.25,0.000971
64,317,274,0,40000,0.25,0.001387
64,317,275,0,40000,0.25,0.001584
64,317,276,0,40000,0.25,0.001056
64,317,277,0,40000,0.25,0.001188
64,317,278,0,40000,0.25,0.001222
64,317,279,0,40000,0.25,0.001012
64,317,280,0,40000,0.25,0.003461
64,317,281,0,40000,0.25,0.001482
64,317,282,0,40000,0.25,0.000736
64,317,283,0,40000,0.25,0.000857
64,317,284,0,40000,0.25,0.000889
64,317,285,0,40000,0.25,0.002558
64,317,286,0,40000,0.25,0.000937
64,317,287,0,40000,0.25,0.001334
64,317,288,0,40000,0.25,0.000778
64,317,289,0,40000,0.25,0.000834
64,317,290,0,40000,0.25,0.001089
64,317,291,0,40000,0.25,0.000651
64,317,292,0,40000,0.25,0.000608
64,317,293,0,40000,0.25,0.001542
64,317,294,0,40000,0.25,0.000756
64,317,295,0,40000,0.25,0.000811
64,317,296,0,40000,0.25,0.003974
64,317,297,0,40000,0.25,0.001274
64,317,298,0,40000,0.25,0.001251
64,317,299,0,40000,0.25,0.000741
64,317,300,0,40000,0.25,0.002036
64,317,301,0,40000,0.25,0.000763
64,317,302,0,40000,0.25,0.001385
64,317,303,0,40000,0.25,0.001261
64,317,304,0,40000,0.25,0.002583
64,317,305,0,40000,0.25,0.000892
64,317,306,0,40000,0.25,0.001108
64,317,307,0,40000,0.25,0.001182
64,317,308,0,40000,0.25,0.000867
64,317,309,0,40000,0.25,0.002533
64,317,310,0,40000,0.25,0.000722
64,317,311,0,40000,0.25,0.000734
64,317,312,0,40000,0.25,0.001396
64,317,313,0,40000,0.25,0.001626
64,317,314,0,40000,0.25,0.000728
64,317,315,0,40000,0.25,0.001179
64,317,316,0,40000,0.25,0.000818
64,317,317,0,40000,0.25,0.000806
64,317,318,0,40000,0.25,0.001013
64,317,319,0,40000,0.25,0.001764
64,317,320,0,40000,0.25,0.001201
64,317,321,0,40000,0.25,0.000834
64,317,322,0,40000,0.25,0.001626
64,317,323,0,40000,0.25,0.002561
64,317,324,0,40000,0.25,0.001831
64,317,325,0,40000,0.25,0.001627
64,317,326,0,40000,0.25,0.001123
64,317,327,0,40000,0.25,0.001434
64,317,328,0,40000,0.25,0.000701
64,317,329,0,40000,0.25,0.00131
64,317,330,0,40000,0.25,0.000789
64,317,331,0,40000,0.25,0.001046
64,317,332,0,40000,0.25,0.001268
64,317,333,0,40000,0.25,0.001113
64,317,334,0,40000,0.25,0.000716
64,317,335,0,40000,0.25,0.001577
64,317,336,0,40000,0.25,0.000864
64,317,337,0,40000,0.25,0.002084
64,317,338,0,40000,0.25,0.000854
64,317,339,0,40000,0.25,0.001478
64,317,340,0,40000,0.25,0.001212
64,317,341,0,40000,0.25,0.001985
64,317,342,0,40000,0.25,0.000956
64,317,343,0,40000,0.25,0.001543
64,317,344,0,40000,0.25,0.0014
64,317,345,0,40000,0.25,0.000758
64,317,346,0,40000,0.25,0.001281
64,317,347,0,40000,0.25,0.002297
64,317,348,0,40000,0.25,0.00176
64,317,349,0,40000,0.25,0.001366
64,317,350,0,40000,0.25,0.001083
64,317,351,0,40000,0.25,0.00093
64,317,352,0,40000,0.25,0.00125
64,317,353,0,40000,0.25,0.001895
64,317,354,0,40000,0.25,0.001206
64,317,355,0,40000,0.25,0.001826
64,317,356,0,40000,0.25,0.001676
64,317,357,0,40000,0.25,0.001057
64,317,358,0,40000,0.25,0.00095
64,317,359,0,40000,0.25,0.000952
64,317,360,0,40000,0.25,0.000942
64,317,361,0,40000,0.25,0.000984
64,317,362,0,40000,0.25,0.000631
64,317,363,0,40000,0.25,0.000798
64,317,364,0,40000,0.25,0.002188
64,317,365,0,40000,0.25,0.000748
64,317,366,0,40000,0.25,0.000846
64,317,367,0,40000,0.25,0.00069
64,317,368,0,40000,0.25,0.000591
64,317,369,0,40000,0.25,0.001239
64,317,370,0,40000,0.25,0.001108
64,317,371,0,40000,0.25,0.000963
64,317,372,0,40000,0.25,0.000884
64,317,373,0,40000,0.25,0.001062
64,317,374,0,40000,0.25,0.000911
64,317,375,0,40000,0.25,0.001921
64,317,376,0,40000,0.25,0.000758
64,317,377,0,40000,0.25,0.000716
64,317,378,0,40000,0.25,0.000857
64,317,379,0,40000,0.25,0.000746
64,317,380,0,40000,0.25,0.001218
64,317,381,0,40000,0.25,0.001011
64,317,382,0,40000,0.25,0.001092
64,317,383,0,40000,0.25,0.000855
64,317,384,0,40000,0.25,0.002049
64,317,385,0,40000,0.25,0.001033
64,317,386,0,40000,0.25,0.000904
64,317,387,0,40000,0.25,0.001472
64,317,388,0,40000,0.25,0.001939
64,317,389,0,40000,0.25,0.001667
64,317,390,0,40000,0.25,0.000814
64,317,391,0,40000,0.25,0.001496
64,317,392,0,40000,0.25,0.002404
64,317,393,0,40000,0.25,0.000633
64,317,394,0,40000,0.25,0.000706
64,317,395,0,40000,0.25,0.001473
64,317,396,0,40000,0.25,0.001332
64,317,397,0,40000,0.25,0.000884
64,317,398,0,40000,0.25,0.000927
64,317,399,0,40000,0.25,0.002926
64,317,400,0,40000,0.25,0.000846
64,330,1,0,40000,0.25,0.000376
64,330,2,0,40000,0.25,0.000865
64,330,3,0,40000,0.25,0.001731
64,330,4,0,40000,0.25,0.000771
64,330,5,0,40000,0.25,0.001986
64,330,6,0,40000,0.25,0.001482
64,330,7,0,40000,0.25,0.001864
64,330,8,0,40000,0.25,0.001003
64,330,9,0,40000,0.25,0.001382
64,330,10,0,40000,0.25,0.003284
64,330,11,0,40000,0.25,0.001067
64,330,12,0,40000,0.25,0.003256
64,330,13,0,40000,0.25,0.001607
64,330,14,0,40000,0.25,0.004898
64,330,15,0,40000,0.25,0.000839
64,330,16,0,40000,0.25,0.001651
64,330,17,0,40000,0.25,0.00135
64,330,18,0,40000,0.25,0.00096
64,330,19,0,40000,0.25,0.00176
64,330,20,0,40000,0.25,0.001014
64,330,21,0,40000,0.25,0.002005
64,330,22,0,40000,0.25,0.000745
64,330,23,0,40000,0.25,0.002012
64,330,24,0,40000,0.25,0.00368
64,330,25,0,40000,0.25,0.001703
64,330,26,0,40000,0.25,0.001269
64,330,27,0,40000,0.25,0.00443
64,330,28,0,40000,0.25,0.003476
64,330,29,0,40000,0.25,0.000822
64,330,30,0,40000,0.25,0.001279
64,330,31,0,40000,0.25,0.0015
64,330,32,0,40000,0.25,0.002009
64,330,33,0,40000,0.25,0.000486
64,330,34,0,40000,0.25,0.001053
64,330,35,0,40000,0.25,0.004559
64,330,36,0,40000,0.25,0.001295
64,330,37,0,40000,0.25,0.001019
64,330,38,0,40000,0.25,0.001022
64,330,39,0,40000,0.25,0.000999
64,330,40,0,40000,0.25,0.003441
64,330,41,0,40000,0.25,0.001064
64,330,42,0,40000,0.25,0.001124
64,330,43,0,40000,0.25,0.000749
64,330,44,0,40000,0.25,0.002831
64,330,45,0,40000,0.25,0.001665
64,330,46,0,40000,0.25,0.001939
64,330,47,0,40000,0.25,0.000829
64,330,48,0,40000,0.25,0.000668
64,330,49,0,40000,0.25,0.003537
64,330,50,0,40000,0.25,0.002816
64,330,51,0,40000,0.25,0.002137
64,330,52,0,40000,0.25,0.001287
64,330,53,0,40000,0.25,0.001908
64,330,54,0,40000,0.25,0.000963
64,330,55,0,40000,0.25,0.001249
64,330,56,0,40000,0.25,0.004418
64,330,57,0,40000,0.25,0.001719
64,330,58,0,40000,0.25,0.001605
64,330,59,0,40000,0.25,0.000809
64,330,60,0,40000,0.25,0.001763
64,330,61,0,40000,0.25,0.0015
64,330,62,0,40000,0.25,0.00206
64,330,63,0,40000,0.25,0.00207
64,330,64,0,40000,0.25,0.000939
64,330,65,0,40000,0.25,0.002916
64,330,66,0,40000,0.25,0.001084
64,330,67,0,40000,0.25,0.000905
64,330,68,0,40000,0.25,0.00321
64,330,69,0,40000,0.25,0.003333
64,330,70,0,40000,0.25,0.001366
64,330,71,0,40000,0.25,0.001092
64,330,72,0,40000,0.25,0.001132
64,330,73,0,40000,0.25,0.001293
64,330,74,0,40000,0.25,0.001084
64,330,75,0,40000,0.25,0.001748
64,330,76,0,40000,0.25,0.004197
64,330,77,0,40000,0.25,0.005145
64,330,78,0,40000,0.25,0.00063
64,330,79,0,40000,0.25,0.001534
64,330,80,0,40000,0.25,0.00097
64,330,81,0,40000,0.25,0.002138
64,330,82,0,40000,0.25,0.000894
64,330,83,0,40000,0.25,0.00172
64,330,84,0,40000,0.25,0.001065
64,330,85,0,40000,0.25,0.000864
64,330,86,0,40000,0.25,0.001289
64,330,87,0,40000,0.25,0.001337
64,330,88,0,40000,0.25,0.001967
64,330,89,0,40000,0.25,0.00522
64,330,90,0,40000,0.25,0.003087
64,330,91,0,40000,0.25,0.00105
64,330,92,0,40000,0.25,0.000889
64,330,93,0,40000,0.25,0.001491
64,330,94,0,40000,0.25,0.003408
64,330,95,0,40000,0.25,0.000684
64,330,96,0,40000,0.25,0.002591
64,330,97,0,40000,0.25,0.002902
64,330,98,0,40000,0.25,0.001595
64,330,99,0,40000,0.25,0.002356
64,330,100,0,40000,0.25,0.001175
64,330,101,0,40000,0.25,0.002912
64,330,102,0,40000,0.25,0.000925
64,330,103,0,40000,0.25,0.001302
64,330,104,0,40000,0.25,0.001636
64,330,105,0,40000,0.25,0.000702
64,330,106,0,40000,0.25,0.001462
64,330,107,0,40000,0.25,0.002505
64,330,108,0,40000,0.25,0.001526
64,330,109,0,40000,0.25,0.000689
64,330,110,0,40000,0.25,0.001076
64,330,111,0,40000,0.25,0.001342
64,330,112,0,40000,0.25,0.000773
64,330,113,0,40000,0.25,0.001176
64,330,114,0,40000,0.25,0.001501
64,330,115,0,40000,0.25,0.001161
64,330,116,0,40000,0.25,0.008649
64,330,117,0,40000,0.25,0.001584
64,330,118,0,40000,0.25,0.001092
64,330,119,0,40000,0.25,0.001974
64,330,120,0,40000,0.25,0.005459
64,330,121,0,40000,0.25,0.002926
64,330,122,0,40000,0.25,0.002333
64,330,123,0,40000,0.25,0.001224
64,330,124,0,40000,0.25,0.001321
64,330,125,0,40000,0.25,0.003043
64,330,126,0,40000,0.25,0.001968
64,330,127,0,40000,0.25,0.001034
64,330,128,0,40000,0.25,0.004309
64,330,129,0,40000,0.25,0.002621
64,330,130,0,40000,0.25,0.001252
64,330,131,0,40000,0.25,0.003275
64,330,132,0,40000,0.25,0.000993
64,330,133,0,40000,0.25,0.002986
64,330,134,0,40000,0.25,0.000825
64,330,135,0,40000,0.25,0.002881
64,330,136,0,40000,0.25,0.001145
64,330,137,0,40000,0.25,0.003627
64,330,138,0,40000,0.25,0.001062
64,330,139,0,40000,0.25,0.001037
64,330,140,0,40000,0.25,0.001193
64,330,141,0,40000,0.25,0.001302
64,330,142,0,40000,0.25,0.000996
64,330,143,0,40000,0.25,0.000936
64,330,144,0,40000,0.25,0.002032
64,330,145,0,40000,0.25,0.001314
64,330,146,0,40000,0.25,0.002685
64,330,147,0,40000,0.25,0.001777
64,330,148,0,40000,0.25,0.000816
64,330,149,0,40000,0.25,0.00138
64,330,150,0,40000,0.25,0.002183
64,330,151,0,40000,0.25,0.001702
64,330,152,0,40000,0.25,0.001426
64,330,153,0,40000,0.25,0.002705
64,330,154,0,40000,0.25,0.001266
64,330,155,0,40000,0.25,0.003588
64,330,156,0,40000,0.25,0.001374
64,330,157,0,40000,0.25,0.001756
64,330,158,0,40000,0.25,0.000858
64,330,159,0,40000,0.25,0.000864
64,330,160,0,40000,0.25,0.002512
64,330,161,0,40000,0.25,0.002419
64,330,162,0,40000,0.25,0.003046
64,330,163,0,40000,0.25,0.001031
64,330,164,0,40000,0.25,0.002967
64,330,165,0,40000,0.25,0.002868
64,330,166,0,40000,0.25,0.003072
64,330,167,0,40000,0.25,0.000823
64,330,168,0,40000,0.25,0.002057
64,330,169,0,40000,0.25,0.00083
64,330,170,0,40000,0.25,0.001868
64,330,171,0,40000,0.25,0.000763
64,330,172,0,40000,0.25,0.002854
64,330,173,0,40000,0.25,0.002766
64,330,174,0,40000,0.25,0.002048
64,330,175,0,40000,0.25,0.002312
64,330,176,0,40000,0.25,0.001406
64,330,177,0,40000,0.25,0.001026
64,330,178,0,40000,0.25,0.00071
64,330,179,0,40000,0.25,0.002351
64,330,180,0,40000,0.25,0.006867
64,330,181,0,40000,0.25,0.00114
64,330,182,0,40000,0.25,0.001539
64,330,183,0,40000,0.25,0.001534
64,330,184,0,40000,0.25,0.001066
64,330,185,0,40000,0.25,0.00089
64,330,186,0,40000,0.25,0.002248
64,330,187,0,40000,0.25,0.003133
64,330,188,0,40000,0.25,0.001256
64,330,189,0,40000,0.25,0.000884
64,330,190,0,40000,0.25,0.002032
64,330,191,0,40000,0.25,0.003249
64,330,192,0,40000,0.25,0.001374
64,330,193,0,40000,0.25,0.005403
64,330,194,0,40000,0.25,0.000826
64,330,195,0,40000,0.25,0.002938
64,330,196,0,40000,0.25,0.001196
64,330,197,0,40000,0.25,0.000815
64,330,198,0,40000,0.25,0.001287
64,330,199,0,40000,0.25,0.001152
64,330,200,0,40000,0.25,0.001008
64,330,201,0,40000,0.25,0.002021
64,330,202,0,40000,0.25,0.002953
64,330,203,0,40000,0.25,0.001638
64,330,204,0,40000,0.25,0.004383
64,330,205,0,40000,0.25,0.000995
64,330,206,0,40000,0.25,0.00124
64,330,207,0,40000,0.25,0.00127
64,330,208,0,40000,0.25,0.001281
64,330,209,0,40000,0.25,0.002404
64,330,210,0,40000,0.25,0.00132
64,330,211,0,40000,0.25,0.001385
64,330,212,0,40000,0.25,0.000971
64,330,213,0,40000,0.25,0.001151
64,330,214,0,40000,0.25,0.001099
64,330,215,0,40000,0.25,0.002034
64,330,216,0,40000,0.25,0.001461
64,330,217,0,40000,0.25,0.001199
64,330,218,0,40000,0.25,0.00274
64,330,219,0,40000,0.25,0.001482
64,330,220,0,40000,0.25,0.00176
64,330,221,0,40000,0.25,0.003218
64,330,222,0,40000,0.25,0.000905
64,330,223,0,40000,0.25,0.002558
64,330,224,0,40000,0.25,0.002163
64,330,225,0,40000,0.25,0.007042
64,330,226,0,40000,0.25,0.001095
64,330,227,0,40000,0.25,0.005043
64,330,228,0,40000,0.25,0.00138
64,330,229,0,40000,0.25,0.004111
64,330,230,0,40000,0.25,0.003402
64,330,231,0,40000,0.25,0.005064
64,330,232,0,40000,0.25,0.002844
64,330,233,0,40000,0.25,0.000875
64,330,234,0,40000,0.25,0.001347
64,330,235,0,40000,0.25,0.001538
64,330,236,0,40000,0.25,0.001631
64,330,237,0,40000,0.25,0.003473
64,330,238,0,40000,0.25,0.002124
64,330,239,0,40000,0.25,0.002664
64,330,240,0,40000,0.25,0.000979
64,330,241,0,40000,0.25,0.001425
64,330,242,0,40000,0.25,0.001754
64,330,243,0,40000,0.25,0.002468
64,330,244,0,40000,0.25,0.0018
64,330,245,0,40000,0.25,0.001839
64,330,246,0,40000,0.25,0.001797
64,330,247,0,40000,0.25,0.001876
64,330,248,0,40000,0.25,0.000933
64,330,249,0,40000,0.25,0.01216
64,330,250,0,40000,0.25,0.001026
64,330,251,0,40000,0.25,0.000828
64,330,252,0,40000,0.25,0.002372
64,330,253,0,40000,0.25,0.001945
64,330,254,0,40000,0.25,0.001568
64,330,255,0,40000,0.25,0.001563
64,330,256,0,40000,0.25,0.001192
64,330,257,0,40000,0.25,0.002428
64,330,258,0,40000,0.25,0.001421
64,330,259,0,40000,0.25,0.001013
64,330,260,0,40000,0.25,0.001072
64,330,261,0,40000,0.25,0.004698
64,330,262,0,40000,0.25,0.001711
64,330,263,0,40000,0.25,0.001416
64,330,264,0,40000,0.25,0.005065
64,330,265,0,40000,0.25,0.002439
64,330,266,0,40000,0.25,0.001305
64,330,267,0,40000,0.25,0.002558
64,330,268,0,40000,0.25,0.005429
64,330,269,0,40000,0.25,0.000727
64,330,270,0,40000,0.25,0.0006
64,330,271,0,40000,0.25,0.001222
64,330,272,0,40000,0.25,0.00147
64,330,273,0,40000,0.25,0.001323
64,330,274,0,40000,0.25,0.004474
64,330,275,0,40000,0.25,0.001245
64,330,276,0,40000,0.25,0.002634
64,330,277,0,40000,0.25,0.002492
64,330,278,0,40000,0.25,0.002371
64,330,279,0,40000,0.25,0.000988
64,330,280,0,40000,0.25,0.001054
64,330,281,0,40000,0.25,0.003353
64,330,282,0,40000,0.25,0.001016
64,330,283,0,40000,0.25,0.00163
64,330,284,0,40000,0.25,0.002044
64,330,285,0,40000,0.25,0.005925
64,330,286,0,40000,0.25,0.000863
64,330,287,0,40000,0.25,0.001017
64,330,288,0,40000,0.25,0.003738
64,330,289,0,40000,0.25,0.002095
64,330,290,0,40000,0.25,0.001675
64,330,291,0,40000,0.25,0.00464
64,330,292,0,40000,0.25,0.000827
64,330,293,0,40000,0.25,0.000738
64,330,294,0,40000,0.25,0.001512
64,330,295,0,40000,0.25,0.00182
64,330,296,0,40000,0.25,0.000989
64,330,297,0,40000,0.25,0.000751
64,330,298,0,40000,0.25,0.00199
64,330,299,0,40000,0.25,0.001125
64,330,300,0,40000,0.25,0.002185
64,330,301,0,40000,0.25,0.005205
64,330,302,0,40000,0.25,0.004765
64,330,303,0,40000,0.25,0.002587
64,330,304,0,40000,0.25,0.00142
64,330,305,0,40000,0.25,0.001519
64,330,306,0,40000,0.25,0.003759
64,330,307,0,40000,0.25,0.001695
64,330,308,0,40000,0.25,0.004705
64,330,309,0,40000,0.25,0.001347
64,330,310,0,40000,0.25,0.001185
64,330,311,0,40000,0.25,0.001156
64,330,312,0,40000,0.25,0.002491
64,330,313,0,40000,0.25,0.005236
64,330,314,0,40000,0.25,0.000775
64,330,315,0,40000,0.25,0.00362
64,330,316,0,40000,0.25,0.001653
64,330,317,0,40000,0.25,0.001144
64,330,318,0,40000,0.25,0.002722
64,330,319,0,40000,0.25,0.002891
64,330,320,0,40000,0.25,0.003592
64,330,321,0,40000,0.25,0.003024
64,330,322,0,40000,0.25,0.000806
64,330,323,0,40000,0.25,0.001893
64,330,324,0,40000,0.25,0.001508
64,330,325,0,40000,0.25,0.001091
64,330,326,0,40000,0.25,0.001079
64,330,327,0,40000,0.25,0.000896
64,330,328,0,40000,0.25,0.001159
64,330,329,0,40000,0.25,0.01218
64,330,330,0,40000,0.25,0.000782
64,330,331,0,40000,0.25,0.001205
64,330,332,0,40000,0.25,0.001687
64,330,333,0,40000,0.25,0.001289
64,330,334,0,40000,0.25,0.001281
64,330,335,0,40000,0.25,0.00094
64,330,336,0,40000,0.25,0.001085
64,330,337,0,40000,0.25,0.001665
64,330,338,0,40000,0.25,0.001002
64,330,339,0,40000,0.25,0.005347
64,330,340,0,40000,0.25,0.001552
64,330,341,0,40000,0.25,0.001055
64,330,342,0,40000,0.25,0.006781
64,330,343,0,40000,0.25,0.000826
64,330,344,0,40000,0.25,0.002656
64,330,345,0,40000,0.25,0.000933
64,330,346,0,40000,0.25,0.002955
64,330,347,0,40000,0.25,0.001297
64,330,348,0,40000,0.25,0.001508
64,330,349,0,40000,0.25,0.000686
64,330,350,0,40000,0.25,0.004406
64,330,351,0,40000,0.25,0.000932
64,330,352,0,40000,0.25,0.002255
64,330,353,0,40000,0.25,0.001387
64,330,354,0,40000,0.25,0.001712
64,330,355,0,40000,0.25,0.001287
64,330,356,0,40000,0.25,0.001398
64,330,357,0,40000,0.25,0.001451
64,330,358,0,40000,0.25,0.002872
64,330,359,0,40000,0.25,0.004233
64,330,360,0,40000,0.25,0.001249
64,330,361,0,40000,0.25,0.001238
64,330,362,0,40000,0.25,0.001195
64,330,363,0,40000,0.25,0.001708
64,330,364,0,40000,0.25,0.003397
64,330,365,0,40000,0.25,0.001148
64,330,366,0,40000,0.25,0.002842
64,330,367,0,40000,0.25,0.00235
64,330,368,0,40000,0.25,0.001838
64,330,369,0,40000,0.25,0.005108
64,330,370,0,40000,0.25,0.001468
64,330,371,0,40000,0.25,0.001633
64,330,372,0,40000,0.25,0.002739
64,330,373,0,40000,0.25,0.00082
64,330,374,0,40000,0.25,0.005273
64,330,375,0,40000,0.25,0.003542
64,330,376,0,40000,0.25,0.000644
64,330,377,0,40000,0.25,0.000888
64,330,378,0,40000,0.25,0.00257
64,330,379,0,40000,0.25,0.001756
64,330,380,0,40000,0.25,0.002178
64,330,381,0,40000,0.25,0.00098
64,330,382,0,40000,0.25,0.004795
64,330,383,0,40000,0.25,0.001127
64,330,384,0,40000,0.25,0.002404
64,330,385,0,40000,0.25,0.003192
64,330,386,0,40000,0.25,0.00174
64,330,387,0,40000,0.25,0.001075
64,330,388,0,40000,0.25,0.002533
64,330,389,0,40000,0.25,0.00094
64,330,390,0,40000,0.25,0.00139
64,330,391,0,40000,0.25,0.00069
64,330,392,0,40000,0.25,0.000781
64,330,393,0,40000,0.25,0.001363
64,330,394,0,40000,0.25,0.000989
64,330,395,0,40000,0.25,0.001816
64,330,396,0,40000,0.25,0.001381
64,330,397,0,40000,0.25,0.001073
64,330,398,0,40000,0.25,0.001477
64,330,399,0,40000,0.25,0.00136
64,330,400,0,40000,0.25,0.00246
64,342,1,0,40000,0.25,0.000506
64,342,2,0,40000,0.25,0.00428
64,342,3,0,40000,0.25,0.004345
64,342,4,0,40000,0.25,0.004386
64,342,5,0,40000,0.25,0.006621
64,342,6,0,40000,0.25,0.004048
64,342,7,0,40000,0.25,0.001393
64,342,8,0,40000,0.25,0.002746
64,342,9,0,40000,0.25,0.003427
64,342,10,0,40000,0.25,0.002004
64,342,11,0,40000,0.25,0.002408
64,342,12,0,40000,0.25,0.001779
64,342,13,0,40000,0.25,0.003193
64,342,14,0,40000,0.25,0.000848
64,342,15,0,40000,0.25,0.003693
64,342,16,0,40000,0.25,0.002278
64,342,17,0,40000,0.25,0.005078
64,342,18,0,40000,0.25,0.00679
64,342,19,0,40000,0.25,0.002727
64,342,20,0,40000,0.25,0.004043
64,342,21,0,40000,0.25,0.001514
64,342,22,0,40000,0.25,0.002462
64,342,23,0,40000,0.25,0.001617
64,342,24,0,40000,0.25,0.0055
64,342,25,0,40000,0.25,0.001862
64,342,26,0,40000,0.25,0.019375
64,342,27,0,40000,0.25,0.002027
64,342,28,0,40000,0.25,0.001912
64,342,29,0,40000,0.25,0.001103
64,342,30,0,40000,0.25,0.00312
64,342,31,0,40000,0.25,0.001208
64,342,32,0,40000,0.25,0.001478
64,342,33,0,40000,0.25,0.001503
64,342,34,0,40000,0.25,0.001449
64,342,35,0,40000,0.25,0.001162
64,342,36,0,40000,0.25,0.00115
64,342,37,0,40000,0.25,0.002762
64,342,38,0,40000,0.25,0.00184
64,342,39,0,40000,0.25,0.001879
64,342,40,0,40000,0.25,0.00053
64,342,41,0,40000,0.25,0.00324
64,342,42,0,40000,0.25,0.002288
64,342,43,0,40000,0.25,0.000971
64,342,44,0,40000,0.25,0.005121
64,342,45,0,40000,0.25,0.002064
64,342,46,0,40000,0.25,0.002903
64,342,47,0,40000,0.25,0.00138
64,342,48,0,40000,0.25,0.001255
64,342,49,0,40000,0.25,0.001473
64,342,50,0,40000,0.25,0.000752
64,342,51,0,40000,0.25,0.003832
64,342,52,0,40000,0.25,0.000771
64,342,53,0,40000,0.25,0.001303
64,342,54,0,40000,0.25,0.001226
64,342,55,0,40000,0.25,0.001128
64,342,56,0,40000,0.25,0.002403
64,342,57,0,40000,0.25,0.003282
64,342,58,0,40000,0.25,0.001893
64,342,59,0,40000,0.25,0.001555
64,342,60,0,40000,0.25,0.001351
64,342,61,0,40000,0.25,0.003484
64,342,62,0,40000,0.25,0.003054
64,342,63,0,40000,0.25,0.000775
64,342,64,0,40000,0.25,0.005987
64,342,65,0,40000,0.25,0.003576
64,342,66,0,40000,0.25,0.007093
64,342,67,0,40000,0.25,0.014905
64,342,68,0,40000,0.25,0.002427
64,342,69,0,40000,0.25,0.003126
64,342,70,0,40000,0.25,0.004935
64,342,71,0,40000,0.25,0.012473
64,342,72,0,40000,0.25,0.001277
64,342,73,0,40000,0.25,0.000919
64,342,74,0,40000,0.25,0.001048
64,342,75,0,40000,0.25,0.006947
64,342,76,0,40000,0.25,0.001304
64,342,77,0,40000,0.25,0.004037
64,342,78,0,40000,0.25,0.002118
64,342,79,0,40000,0.25,0.006519
64,342,80,0,40000,0.25,0.001861
64,342,81,0,40000,0.25,0.001786
64,342,82,0,40000,0.25,0.002626
64,342,83,0,40000,0.25,0.003701
64,342,84,0,40000,0.25,0.002087
64,342,85,0,40000,0.25,0.007664
64,342,86,0,40000,0.25,0.001376
64,342,87,0,40000,0.25,0.000805
64,342,88,0,40000,0.25,0.005773
64,342,89,0,40000,0.25,0.006783
64,342,90,0,40000,0.25,0.00141
64,342,91,0,40000,0.25,0.008028
64,342,92,0,40000,0.25,0.002756
64,342,93,0,40000,0.25,0.001132
64,342,94,0,40000,0.25,0.002406
64,342,95,0,40000,0.25,0.004397
64,342,96,0,40000,0.25,0.00091
64,342,97,0,40000,0.25,0.003262
64,342,98,0,40000,0.25,0.003269
64,342,99,0,40000,0.25,0.001619
64,342,100,0,40000,0.25,0.00229
64,342,101,0,40000,0.25,0.003
64,342,102,0,40000,0.25,0.002124
64,342,103,0,40000,0.25,0.003358
64,342,104,0,40000,0.25,0.0021
64,342,105,0,40000,0.25,0.001508
64,342,106,0,40000,0.25,0.007672
64,342,107,0,40000,0.25,0.001722
64,342,108,0,40000,0.25,0.001004
64,342,109,0,40000,0.25,0.002104
64,342,110,0,40000,0.25,0.001758
64,342,111,0,40000,0.25,0.001616
64,342,112,0,40000,0.25,0.001543
64,342,113,0,40000,0.25,0.008732
64,342,114,0,40000,0.25,0.007186
64,342,115,0,40000,0.25,0.001309
64,342,116,0,40000,0.25,0.00242
64,342,117,0,40000,0.25,0.002499
64,342,118,0,40000,0.25,0.005864
64,342,119,0,40000,0.25,0.003146
64,342,120,0,40000,0.25,0.002228
64,342,121,0,40000,0.25,0.001233
64,342,122,0,40000,0.25,0.002105
64,342,123,0,40000,0.25,0.003001
64,342,124,0,40000,0.25,0.006342
64,342,125,0,40000,0.25,0.00123
64,342,126,0,40000,0.25,0.000978
64,342,127,0,40000,0.25,0.004294
64,342,128,0,40000,0.25,0.010845
64,342,129,0,40000,0.25,0.002271
64,342,130,0,40000,0.25,0.003561
64,342,131,0,40000,0.25,0.002045
64,342,132,0,40000,0.25,0.014435
64,342,133,0,40000,0.25,0.003356
64,342,134,0,40000,0.25,0.003882
64,342,135,0,40000,0.25,0.002101
64,342,136,0,40000,0.25,0.002666
64,342,137,0,40000,0.25,0.002417
64,342,138,0,40000,0.25,0.012518
64,342,139,0,40000,0.25,0.006714
64,342,140,0,40000,0.25,0.001097
64,342,141,0,40000,0.25,0.001055
64,342,142,0,40000,0.25,0.002295
64,342,143,0,40000,0.25,0.001218
64,342,144,0,40000,0.25,0.001795
64,342,145,0,40000,0.25,0.0011
64,342,146,0,40000,0.25,0.001001
64,342,147,0,40000,0.25,0.009196
64,342,148,0,40000,0.25,0.004609
64,342,149,0,40000,0.25,0.003021
64,342,150,0,40000,0.25,0.001211
64,342,151,0,40000,0.25,0.007532
64,342,152,0,40000,0.25,0.005532
64,342,153,0,40000,0.25,0.002787
64,342,154,0,40000,0.25,0.000669
64,342,155,0,40000,0.25,0.001795
64,342,156,0,40000,0.25,0.001324
64,342,157,0,40000,0.25,0.002738
64,342,158,0,40000,0.25,0.013481
64,342,159,0,40000,0.25,0.001699
64,342,160,0,40000,0.25,0.008069
64,342,161,0,40000,0.25,0.001241
64,342,162,0,40000,0.25,0.004706
64,342,163,0,40000,0.25,0.002553
64,342,164,0,40000,0.25,0.001347
64,342,165,0,40000,0.25,0.001011
64,342,166,0,40000,0.25,0.002645
64,342,167,0,40000,0.25,0.006631
64,342,168,0,40000,0.25,0.001525
64,342,169,0,40000,0.25,0.001719
64,342,170,0,40000,0.25,0.001258
64,342,171,0,40000,0.25,0.004256
64,342,172,0,40000,0.25,0.003508
64,342,173,0,40000,0.25,0.00886
64,342,174,0,40000,0.25,0.001878
64,342,175,0,40000,0.25,0.002074
64,342,176,0,40000,0.25,0.00133
64,342,177,0,40000,0.25,0.006342
64,342,178,0,40000,0.25,0.001802
64,342,179,0,40000,0.25,0.003866
64,342,180,0,40000,0.25,0.004293
64,342,181,0,40000,0.25,0.000882
64,342,182,0,40000,0.25,0.002178
64,342,183,0,40000,0.25,0.002345
64,342,184,0,40000,0.25,0.00851
64,342,185,0,40000,0.25,0.001135
64,342,186,0,40000,0.25,0.00222
64,342,187,0,40000,0.25,0.013217
64,342,188,0,40000,0.25,0.001711
64,342,189,0,40000,0.25,0.001903
64,342,190,0,40000,0.25,0.003135
64,342,191,0,40000,0.25,0.002884
64,342,192,0,40000,0.25,0.001012
64,342,193,0,40000,0.25,0.005226
64,342,194,0,40000,0.25,0.005376
64,342,195,0,40000,0.25,0.001238
64,342,196,0,40000,0.25,0.00332
64,342,197,0,40000,0.25,0.00177
64,342,198,0,40000,0.25,0.003895
64,342,199,0,40000,0.25,0.001347
64,342,200,0,40000,0.25,0.001531
64,342,201,0,40000,0.25,0.008436
64,342,202,0,40000,0.25,0.002016
64,342,203,0,40000,0.25,0.003541
64,342,204,0,40000,0.25,0.000844
64,342,205,0,40000,0.25,0.002058
64,342,206,0,40000,0.25,0.005038
64,342,207,0,40000,0.25,0.001299
64,342,208,0,40000,0.25,0.001899
64,342,209,0,40000,0.25,0.003087
64,342,210,0,40000,0.25,0.00197
64,342,211,0,40000,0.25,0.002734
64,342,212,0,40000,0.25,0.003502
64,342,213,0,40000,0.25,0.00456
64,342,214,0,40000,0.25,0.003368
64,342,215,0,40000,0.25,0.002087
64,342,216,0,40000,0.25,0.001589
64,342,217,0,40000,0.25,0.001908
64,342,218,0,40000,0.25,0.001066
64,342,219,0,40000,0.25,0.005399
64,342,220,0,40000,0.25,0.002435
64,342,221,0,40000,0.25,0.001925
64,342,222,0,40000,0.25,0.001973
64,342,223,0,40000,0.25,0.006817
64,342,224,0,40000,0.25,0.012157
64,342,225,0,40000,0.25,0.001032
64,342,226,0,40000,0.25,0.00128
64,342,227,0,40000,0.25,0.00268
64,342,228,0,40000,0.25,0.003429
64,342,229,0,40000,0.25,0.001872
64,342,230,0,40000,0.25,0.008978
64,342,231,0,40000,0.25,0.010635
64,342,232,0,40000,0.25,0.005552
64,342,233,0,40000,0.25,0.001925
64,342,234,0,40000,0.25,0.001787
64,342,235,0,40000,0.25,0.001427
64,342,236,0,40000,0.25,0.004267
64,342,237,0,40000,0.25,0.003381
64,342,238,0,40000,0.25,0.005674
64,342,239,0,40000,0.25,0.002799
64,342,240,0,40000,0.25,0.002529
64,342,241,0,40000,0.25,0.002989
64,342,242,0,40000,0.25,0.002426
64,342,243,0,40000,0.25,0.004171
64,342,244,0,40000,0.25,0.006431
64,342,245,0,40000,0.25,0.003183
64,342,246,0,40000,0.25,0.001895
64,342,247,0,40000,0.25,0.001702
64,342,248,0,40000,0.25,0.002309
64,342,249,0,40000,0.25,0.002421
64,342,250,0,40000,0.25,0.002586
64,342,251,0,40000,0.25,0.001717
64,342,252,0,40000,0.25,0.001604
64,342,253,0,40000,0.25,0.0045
64,342,254,0,40000,0.25,0.00138
64,342,255,0,40000,0.25,0.002365
64,342,256,0,40000,0.25,0.001382
64,342,257,0,40000,0.25,0.001686
64,342,258,0,40000,0.25,0.003872
64,342,259,0,40000,0.25,0.001084
64,342,260,0,40000,0.25,0.001567
64,342,261,0,40000,0.25,0.009581
64,342,262,0,40000,0.25,0.001006
64,342,263,0,40000,0.25,0.000472
64,342,264,0,40000,0.25,0.001469
64,342,265,0,40000,0.25,0.000603
64,342,266,0,40000,0.25,0.001901
64,342,267,0,40000,0.25,0.000745
64,342,268,0,40000,0.25,0.001025
64,342,269,0,40000,0.25,0.001287
64,342,270,0,40000,0.25,0.001194
64,342,271,0,40000,0.25,0.001762
64,342,272,0,40000,0.25,0.001707
64,342,273,0,40000,0.25,0.002589
64,342,274,0,40000,0.25,0.002236
64,342,275,0,40000,0.25,0.004707
64,342,276,0,40000,0.25,0.001857
64,342,277,0,40000,0.25,0.001128
64,342,278,0,40000,0.25,0.001121
64,342,279,0,40000,0.25,0.002189
64,342,280,0,40000,0.25,0.006556
64,342,281,0,40000,0.25,0.001213
64,342,282,0,40000,0.25,0.0011
64,342,283,0,40000,0.25,0.000809
64,342,284,0,40000,0.25,0.002923
64,342,285,0,40000,0.25,0.006399
64,342,286,0,40000,0.25,0.00457
64,342,287,0,40000,0.25,0.000752
64,342,288,0,40000,0.25,0.003468
64,342,289,0,40000,0.25,0.001563
64,342,290,0,40000,0.25,0.007539
64,342,291,0,40000,0.25,0.001748
64,342,292,0,40000,0.25,0.003664
64,342,293,0,40000,0.25,0.001269
64,342,294,0,40000,0.25,0.004814
64,342,295,0,40000,0.25,0.001407
64,342,296,0,40000,0.25,0.007352
64,342,297,0,40000,0.25,0.00122
64,342,298,0,40000,0.25,0.001162
64,342,299,0,40000,0.25,0.002231
64,342,300,0,40000,0.25,0.002359
64,342,301,0,40000,0.25,0.002859
64,342,302,0,40000,0.25,0.005701
64,342,303,0,40000,0.25,0.002922
64,342,304,0,40000,0.25,0.003092
64,342,305,0,40000,0.25,0.001574
64,342,306,0,40000,0.25,0.002403
64,342,307,0,40000,0.25,0.003884
64,342,308,0,40000,0.25,0.000883
64,342,309,0,40000,0.25,0.001381
64,342,310,0,40000,0.25,0.00615
64,342,311,0,40000,0.25,0.000968
64,342,312,0,40000,0.25,0.00267
64,342,313,0,40000,0.25,0.002185
64,342,314,0,40000,0.25,0.002972
64,342,315,0,40000,0.25,0.001365
64,342,316,0,40000,0.25,0.001806
64,342,317,0,40000,0.25,0.001845
64,342,318,0,40000,0.25,0.001323
64,342,319,0,40000,0.25,0.005176
64,342,320,0,40000,0.25,0.001191
64,342,321,0,40000,0.25,0.004472
64,342,322,0,40000,0.25,0.002145
64,342,323,0,40000,0.25,0.002581
64,342,324,0,40000,0.25,0.001243
64,342,325,0,40000,0.25,0.004842
64,342,326,0,40000,0.25,0.002577
64,342,327,0,40000,0.25,0.00205
64,342,328,0,40000,0.25,0.007035
64,342,329,0,40000,0.25,0.011473
64,342,330,0,40000,0.25,0.001332
64,342,331,0,40000,0.25,0.002209
64,342,332,0,40000,0.25,0.004847
64,342,333,0,40000,0.25,0.001135
64,342,334,0,40000,0.25,0.002457
64,342,335,0,40000,0.25,0.001156
64,342,336,0,40000,0.25,0.011451
64,342,337,0,40000,0.25,0.001727
64,342,338,0,40000,0.25,0.024216
64,342,339,0,40000,0.25,0.005796
64,342,340,0,40000,0.25,0.014018
64,342,341,0,40000,0.25,0.001805
64,342,342,0,40000,0.25,0.004497
64,342,343,0,40000,0.25,0.00193
64,342,344,0,40000,0.25,0.006159
64,342,345,0,40000,0.25,0.001282
64,342,346,0,40000,0.25,0.003034
64,342,347,0,40000,0.25,0.001123
64,342,348,0,40000,0.25,0.001828
64,342,349,0,40000,0.25,0.001657
64,342,350,0,40000,0.25,0.010803
64,342,351,0,40000,0.25,0.009412
64,342,352,0,40000,0.25,0.001505
64,342,353,0,40000,0.25,0.00101
64,342,354,0,40000,0.25,0.002865
64,342,355,0,40000,0.25,0.001596
64,342,356,0,40000,0.25,0.007621
64,342,357,0,40000,0.25,0.002876
64,342,358,0,40000,0.25,0.001518
64,342,359,0,40000,0.25,0.003892
64,342,360,0,40000,0.25,0.005805
64,342,361,0,40000,0.25,0.001994
64,342,362,0,40000,0.25,0.000981
64,342,363,0,40000,0.25,0.00286
64,342,364,0,40000,0.25,0.010035
64,342,365,0,40000,0.25,0.001616
64,342,366,0,40000,0.25,0.001743
64,342,367,0,40000,0.25,0.015272
64,342,368,0,40000,0.25,0.003719
64,342,369,0,40000,0.25,0.002107
64,342,370,0,40000,0.25,0.001035
64,342,371,0,40000,0.25,0.002053
64,342,372,0,40000,0.25,0.004322
64,342,373,0,40000,0.25,0.001967
64,342,374,0,40000,0.25,0.000902
64,342,375,0,40000,0.25,0.00198
64,342,376,0,40000,0.25,0.000852
64,342,377,0,40000,0.25,0.002792
64,342,378,0,40000,0.25,0.005416
64,342,379,0,40000,0.25,0.001482
64,342,380,0,40000,0.25,0.002695
64,342,381,0,40000,0.25,0.002289
64,342,382,0,40000,0.25,0.001158
64,342,383,0,40000,0.25,0.002659
64,342,384,0,40000,0.25,0.000984
64,342,385,0,40000,0.25,0.00913
64,342,386,0,40000,0.25,0.000795
64,342,387,0,40000,0.25,0.001805
64,342,388,0,40000,0.25,0.002896
64,342,389,0,40000,0.25,0.006249
64,342,390,0,40000,0.25,0.002282
64,342,391,0,40000,0.25,0.005809
64,342,392,0,40000,0.25,0.002183
64,342,393,0,40000,0.25,0.005053
64,342,394,0,40000,0.25,0.001494
64,342,395,0,40000,0.25,0.002588
64,342,396,0,40000,0.25,0.00352
64,342,397,0,40000,0.25,0.003571
64,342,398,0,40000,0.25,0.007883
64,342,399,0,40000,0.25,0.004974
64,342,400,0,40000,0.25,0.005345
64,355,1,0,40000,0.25,0.001304
64,355,2,0,40000,0.25,0.01009
64,355,3,0,40000,0.25,0.014185
64,355,4,0,40000,0.25,0.002375
64,355,5,0,40000,0.25,0.001741
64,355,6,0,40000,0.25,0.001553
64,355,7,0,40000,0.25,0.003498
64,355,8,0,40000,0.25,0.001944
64,355,9,0,40000,0.25,0.016552
64,355,10,0,40000,0.25,0.003058
64,355,11,0,40000,0.25,0.010794
64,355,12,0,40000,0.25,0.003958
64,355,13,0,40000,0.25,0.013391
64,355,14,0,40000,0.25,0.002317
64,355,15,0,40000,0.25,0.003172
64,355,16,0,40000,0.25,0.010738
64,355,17,0,40000,0.25,0.001887
64,355,18,0,40000,0.25,0.002287
64,355,19,0,40000,0.25,0.001666
64,355,20,0,40000,0.25,0.007544
64,355,21,0,40000,0.25,0.002632
64,355,22,0,40000,0.25,0.00318
64,355,23,0,40000,0.25,0.007042
64,355,24,0,40000,0.25,0.00131
64,355,25,0,40000,0.25,0.018641
64,355,26,0,40000,0.25,0.003867
64,355,27,0,40000,0.25,0.002465
64,355,28,0,40000,0.25,0.00753
64,355,29,0,40000,0.25,0.004519
64,355,30,0,40000,0.25,0.001341
64,355,31,0,40000,0.25,0.001387
64,355,32,1,40000,0.25,0.381083
64,355,33,0,40000,0.25,0.002465
64,355,34,0,40000,0.25,0.02825
64,355,35,0,40000,0.25,0.000892
64,355,36,0,40000,0.25,0.003403
64,355,37,0,40000,0.25,0.010228
64,355,38,0,40000,0.25,0.001532
64,355,39,0,40000,0.25,0.003403
64,355,40,0,40000,0.25,0.004004
64,355,41,0,40000,0.25,0.003642
64,355,42,0,40000,0.25,0.001716
64,355,43,0,40000,0.25,0.003841
64,355,44,0,40000,0.25,0.001842
64,355,45,0,40000,0.25,0.001292
64,355,46,0,40000,0.25,0.008235
64,355,47,0,40000,0.25,0.002275
64,355,48,0,40000,0.25,0.000649
64,355,49,0,40000,0.25,0.007711
64,355,50,0,40000,0.25,0.00522
64,355,51,0,40000,0.25,0.004188
64,355,52,0,40000,0.25,0.00351
64,355,53,0,40000,0.25,0.002051
64,355,54,0,40000,0.25,0.001323
64,355,55,0,40000,0.25,0.001327
64,355,56,0,40000,0.25,0.002106
64,355,57,0,40000,0.25,0.022551
64,355,58,0,40000,0.25,0.005381
64,355,59,0,40000,0.25,0.000701
64,355,60,0,40000,0.25,0.012237
64,355,61,0,40000,0.25,0.008183
64,355,62,0,40000,0.25,0.00077
64,355,63,0,40000,0.25,0.001821
64,355,64,0,40000,0.25,0.016262
64,355,65,0,40000,0.25,0.00584
64,355,66,0,40000,0.25,0.007171
64,355,67,0,40000,0.25,0.002973
64,355,68,0,40000,0.25,0.005934
64,355,69,0,40000,0.25,0.008341
64,355,70,0,40000,0.25,0.0302
64,355,71,0,40000,0.25,0.002265
64,355,72,0,40000,0.25,0.00199
64,355,73,0,40000,0.25,0.024662
64,355,74,0,40000,0.25,0.000636
64,355,75,0,40000,0.25,0.001327
64,355,76,0,40000,0.25,0.000992
64,355,77,0,40000,0.25,0.002365
64,355,78,0,40000,0.25,0.002794
64,355,79,0,40000,0.25,0.010351
64,355,80,0,40000,0.25,0.003977
64,355,81,0,40000,0.25,0.005937
64,355,82,0,40000,0.25,0.011321
64,355,83,0,40000,0.25,0.001582
64,355,84,0,40000,0.25,0.007534
64,355,85,0,40000,0.25,0.001751
64,355,86,0,40000,0.25,0.004086
64,355,87,0,40000,0.25,0.00256
64,355,88,0,40000,0.25,0.003019
64,355,89,0,40000,0.25,0.002889
64,355,90,0,40000,0.25,0.003755
64,355,91,0,40000,0.25,0.004827
64,355,92,0,40000,0.25,0.001063
64,355,93,0,40000,0.25,0.008234
64,355,94,0,40000,0.25,0.00323
64,355,95,0,40000,0.25,0.02192
64,355,96,0,40000,0.25,0.01552
64,355,97,0,40000,0.25,0.002768
64,355,98,0,40000,0.25,0.001006
64,355,99,0,40000,0.25,0.001462
64,355,100,0,40000,0.25,0.002466
64,355,101,0,40000,0.25,0.012053
64,355,102,0,40000,0.25,0.011642
64,355,103,0,40000,0.25,0.028291
64,355,104,0,40000,0.25,0.00153
64,355,105,0,40000,0.25,0.017532
64,355,106,0,40000,0.25,0.003787
64,355,107,0,40000,0.25,0.003548
64,355,108,0,40000,0.25,0.002609
64,355,109,0,40000,0.25,0.003057
64,355,110,0,40000,0.25,0.002487
64,355,111,0,40000,0.25,0.00206
64,355,112,0,40000,0.25,0.005899
64,355,113,0,40000,0.25,0.003331
64,355,114,0,40000,0.25,0.004226
64,355,115,0,40000,0.25,0.012788
64,355,116,0,40000,0.25,0.002686
64,355,117,0,40000,0.25,0.002237
64,355,118,0,40000,0.25,0.093692
64,355,119,0,40000,0.25,0.002012
64,355,120,0,40000,0.25,0.002792
64,355,121,0,40000,0.25,0.007125
64,355,122,0,40000,0.25,0.0045
64,355,123,0,40000,0.25,0.005169
64,355,124,0,40000,0.25,0.001961
64,355,125,0,40000,0.25,0.010953
64,355,126,0,40000,0.25,0.003294
64,355,127,0,40000,0.25,0.01469
64,355,128,0,40000,0.25,0.016591
64,355,129,0,40000,0.25,0.001898
64,355,130,0,40000,0.25,0.001361
64,355,131,0,40000,0.25,0.002324
64,355,132,0,40000,0.25,0.009476
64,355,133,0,40000,0.25,0.091975
64,355,134,0,40000,0.25,0.002163
64,355,135,0,40000,0.25,0.007491
64,355,136,0,40000,0.25,0.00208
64,355,137,0,40000,0.25,0.002618
64,355,138,0,40000,0.25,0.003171
64,355,139,0,40000,0.25,0.001128
64,355,140,0,40000,0.25,0.017189
64,355,141,0,40000,0.25,0.005976
64,355,142,0,40000,0.25,0.014303
64,355,143,0,40000,0.25,0.001585
64,355,144,0,40000,0.25,0.009858
64,355,145,0,40000,0.25,0.002235
64,355,146,0,40000,0.25,0.002449
64,355,147,0,40000,0.25,0.002555
64,355,148,0,40000,0.25,0.006431
64,355,149,0,40000,0.25,0.003453
64,355,150,0,40000,0.25,0.001331
64,355,151,0,40000,0.25,0.003321
64,355,152,0,40000,0.25,0.001642
64,355,153,0,40000,0.25,0.001434
64,355,154,0,40000,0.25,0.001713
64,355,155,0,40000,0.25,0.0013
64,355,156,0,40000,0.25,0.001729
64,355,157,0,40000,0.25,0.004736
64,355,158,0,40000,0.25,0.014531
64,355,159,0,40000,0.25,0.008363
64,355,160,0,40000,0.25,0.009523
64,355,161,0,40000,0.25,0.006265
64,355,162,0,40000,0.25,0.00141
64,355,163,0,40000,0.25,0.005995
64,355,164,0,40000,0.25,0.008473
64,355,165,0,40000,0.25,0.008748
64,355,166,0,40000,0.25,0.014794
64,355,167,0,40000,0.25,0.003519
64,355,168,0,40000,0.25,0.005581
64,355,169,0,40000,0.25,0.004594
64,355,170,0,40000,0.25,0.017594
64,355,171,0,40000,0.25,0.013148
64,355,172,0,40000,0.25,0.001892
64,355,173,0,40000,0.25,0.00226
64,355,174,0,40000,0.25,0.007298
64,355,175,0,40000,0.25,0.026721
64,355,176,0,40000,0.25,0.003676
64,355,177,0,40000,0.25,0.009831
64,355,178,0,40000,0.25,0.001775
64,355,179,0,40000,0.25,0.004051
64,355,180,0,40000,0.25,0.036403
64,355,181,0,40000,0.25,0.005062
64,355,182,0,40000,0.25,0.002293
64,355,183,0,40000,0.25,0.007803
64,355,184,0,40000,0.25,0.001609
64,355,185,0,40000,0.25,0.021397
64,355,186,0,40000,0.25,0.013754
64,355,187,0,40000,0.25,0.002169
64,355,188,0,40000,0.25,0.004433
64,355,189,0,40000,0.25,0.001379
64,355,190,0,40000,0.25,0.008115
64,355,191,0,40000,0.25,0.001351
64,355,192,0,40000,0.25,0.005559
64,355,193,0,40000,0.25,0.003864
64,355,194,0,40000,0.25,0.003073
64,355,195,0,40000,0.25,0.01298
64,355,196,0,40000,0.25,0.002154
64,355,197,0,40000,0.25,0.001912
64,355,198,0,40000,0.25,0.001169
64,355,199,0,40000,0.25,0.003359
64,355,200,0,40000,0.25,0.010977
64,355,201,0,40000,0.25,0.015374
64,355,202,0,40000,0.25,0.003514
64,355,203,0,40000,0.25,0.003375
64,355,204,0,40000,0.25,0.00109
64,355,205,0,40000,0.25,0.007828
64,355,206,0,40000,0.25,0.004189
64,355,207,0,40000,0.25,0.001879
64,355,208,0,40000,0.25,0.011085
64,355,209,0,40000,0.25,0.003066
64,355,210,0,40000,0.25,0.010093
64,355,211,0,40000,0.25,0.00442
64,355,212,0,40000,0.25,0.005352
64,355,213,0,40000,0.25,0.002162
64,355,214,0,40000,0.25,0.006808
64,355,215,0,40000,0.25,0.001674
64,355,216,0,40000,0.25,0.000684
64,355,217,0,40000,0.25,0.00434
64,355,218,0,40000,0.25,0.001216
64,355,219,0,40000,0.25,0.005755
64,355,220,0,40000,0.25,0.010674
64,355,221,0,40000,0.25,0.008663
64,355,222,0,40000,0.25,0.002642
64,355,223,0,40000,0.25,0.000857
64,355,224,0,40000,0.25,0.000708
64,355,225,0,40000,0.25,0.005336
64,355,226,0,40000,0.25,0.00597
64,355,227,0,40000,0.25,0.010434
64,355,228,0,40000,0.25,0.002646
64,355,229,0,40000,0.25,0.00556
64,355,230,0,40000,0.25,0.007089
64,355,231,0,40000,0.25,0.015623
64,355,232,0,40000,0.25,0.005044
64,355,233,0,40000,0.25,0.002007
64,355,234,0,40000,0.25,0.006927
64,355,235,0,40000,0.25,0.005643
64,355,236,0,40000,0.25,0.003823
64,355,237,0,40000,0.25,0.007538
64,355,238,0,40000,0.25,0.001672
64,355,239,0,40000,0.25,0.001217
64,355,240,0,40000,0.25,0.00568
64,355,241,0,40000,0.25,0.002446
64,355,242,0,40000,0.25,0.001106
64,355,243,0,40000,0.25,0.022311
64,355,244,0,40000,0.25,0.022748
64,355,245,0,40000,0.25,0.001623
64,355,246,0,40000,0.25,0.002396
64,355,247,0,40000,0.25,0.023901
64,355,248,0,40000,0.25,0.005694
64,355,249,0,40000,0.25,0.002444
64,355,250,0,40000,0.25,0.003196
64,355,251,0,40000,0.25,0.004508
64,355,252,0,40000,0.25,0.002346
64,355,253,0,40000,0.25,0.003681
64,355,254,0,40000,0.25,0.004837
64,355,255,0,40000,0.25,0.013446
64,355,256,0,40000,0.25,0.022739
64,355,257,0,40000,0.25,0.001169
64,355,258,0,40000,0.25,0.006198
64,355,259,0,40000,0.25,0.001642
64,355,260,0,40000,0.25,0.006148
64,355,261,0,40000,0.25,0.004892
64,355,262,0,40000,0.25,0.001564
64,355,263,0,40000,0.25,0.006873
64,355,264,0,40000,0.25,0.014864
64,355,265,0,40000,0.25,0.008135
64,355,266,0,40000,0.25,0.000894
64,355,267,0,40000,0.25,0.006284
64,355,268,0,40000,0.25,0.003667
64,355,269,1,40000,0.25,0.376425
64,355,270,0,40000,0.25,0.00131
64,355,271,0,40000,0.25,0.001638
64,355,272,0,40000,0.25,0.001585
64,355,273,0,40000,0.25,0.012011
64,355,274,0,40000,0.25,0.002991
64,355,275,0,40000,0.25,0.001583
64,355,276,0,40000,0.25,0.001649
64,355,277,0,40000,0.25,0.013156
64,355,278,0,40000,0.25,0.006355
64,355,279,0,40000,0.25,0.000961
64,355,280,0,40000,0.25,0.008656
64,355,281,0,40000,0.25,0.001059
64,355,282,0,40000,0.25,0.003488
64,355,283,0,40000,0.25,0.005803
64,355,284,0,40000,0.25,0.006023
64,355,285,0,40000,0.25,0.001177
64,355,286,0,40000,0.25,0.001583
64,355,287,0,40000,0.25,0.005444
64,355,288,0,40000,0.25,0.002361
64,355,289,0,40000,0.25,0.002146
64,355,290,0,40000,0.25,0.016948
64,355,291,0,40000,0.25,0.001724
64,355,292,0,40000,0.25,0.003127
64,355,293,0,40000,0.25,0.00277
64,355,294,0,40000,0.25,0.007246
64,355,295,0,40000,0.25,0.0078
64,355,296,0,40000,0.25,0.00865
64,355,297,0,40000,0.25,0.002533
64,355,298,0,40000,0.25,0.013901
64,355,299,0,40000,0.25,0.00117
64,355,300,0,40000,0.25,0.001701
64,355,301,0,40000,0.25,0.000946
64,355,302,0,40000,0.25,0.002783
64,355,303,0,40000,0.25,0.004604
64,355,304,0,40000,0.25,0.003374
64,355,305,0,40000,0.25,0.007447
64,355,306,0,40000,0.25,0.003101
64,355,307,0,40000,0.25,0.011194
64,355,308,0,40000,0.25,0.009923
64,355,309,0,40000,0.25,0.001805
64,355,310,0,40000,0.25,0.009581
64,355,311,0,40000,0.25,0.010139
64,355,312,0,40000,0.25,0.003689
64,355,313,0,40000,0.25,0.014653
64,355,314,0,40000,0.25,0.002767
64,355,315,0,40000,0.25,0.01629
64,355,316,0,40000,0.25,0.005058
64,355,317,0,40000,0.25,0.004445
64,355,318,0,40000,0.25,0.004627
64,355,319,0,40000,0.25,0.00316
64,355,320,0,40000,0.25,0.004585
64,355,321,0,40000,0.25,0.00832
64,355,322,0,40000,0.25,0.008808
64,355,323,0,40000,0.25,0.01803
64,355,324,0,40000,0.25,0.006519
64,355,325,0,40000,0.25,0.004186
64,355,326,0,40000,0.25,0.008966
64,355,327,0,40000,0.25,0.00167
64,355,328,0,40000,0.25,0.001235
64,355,329,0,40000,0.25,0.00176
64,355,330,0,40000,0.25,0.029863
64,355,331,0,40000,0.25,0.003747
64,355,332,0,40000,0.25,0.017492
64,355,333,0,40000,0.25,0.004816
64,355,334,0,40000,0.25,0.007084
64,355,335,0,40000,0.25,0.007625
64,355,336,0,40000,0.25,0.025282
64,355,337,0,40000,0.25,0.002763
64,355,338,0,40000,0.25,0.00202
64,355,339,0,40000,0.25,0.005753
64,355,340,0,40000,0.25,0.001019
64,355,341,0,40000,0.25,0.002538
64,355,342,0,40000,0.25,0.00854
64,355,343,0,40000,0.25,0.00503
64,355,344,0,40000,0.25,0.00864
64,355,345,0,40000,0.25,0.002659
64,355,346,0,40000,0.25,0.008824
64,355,347,0,40000,0.25,0.006887
64,355,348,0,40000,0.25,0.004534
64,355,349,0,40000,0.25,0.053728
64,355,350,0,40000,0.25,0.003112
64,355,351,0,40000,0.25,0.009234
64,355,352,0,40000,0.25,0.005626
64,355,353,0,40000,0.25,0.001063
64,355,354,0,40000,0.25,0.018892
64,355,355,0,40000,0.25,0.011677
64,355,356,0,40000,0.25,0.00138
64,355,357,0,40000,0.25,0.00453
64,355,358,0,40000,0.25,0.012463
64,355,359,0,40000,0.25,0.020908
64,355,360,0,40000,0.25,0.000982
64,355,361,0,40000,0.25,0.025437
64,355,362,0,40000,0.25,0.001834
64,355,363,0,40000,0.25,0.005968
64,355,364,1,40000,0.25,0.37413
64,355,365,0,40000,0.25,0.003052
64,355,366,0,40000,0.25,0.274627
64,355,367,0,40000,0.25,0.003077
64,355,368,0,40000,0.25,0.004031
64,355,369,0,40000,0.25,0.003263
64,355,370,0,40000,0.25,0.003153
64,355,371,0,40000,0.25,0.003378
64,355,372,0,40000,0.25,0.017068
64,355,373,0,40000,0.25,0.012054
64,355,374,0,40000,0.25,0.005403
64,355,375,0,40000,0.25,0.004163
64,355,376,0,40000,0.25,0.011153
64,355,377,0,40000,0.25,0.003847
64,355,378,0,40000,0.25,0.004109
64,355,379,0,40000,0.25,0.004489
64,355,380,0,40000,0.25,0.004763
64,355,381,0,40000,0.25,0.007685
64,355,382,0,40000,0.25,0.012892
64,355,383,0,40000,0.25,0.00814
64,355,384,0,40000,0.25,0.002853
64,355,385,0,40000,0.25,0.003668
64,355,386,0,40000,0.25,0.029286
64,355,387,0,40000,0.25,0.002692
64,355,388,0,40000,0.25,0.002064
64,355,389,0,40000,0.25,0.005825
64,355,390,0,40000,0.25,0.00332
64,355,391,0,40000,0.25,0.002676
64,355,392,0,40000,0.25,0.010581
64,355,393,0,40000,0.25,0.005232
64,355,394,0,40000,0.25,0.003227
64,355,395,0,40000,0.25,0.005822
64,355,396,0,40000,0.25,0.003182
64,355,397,0,40000,0.25,0.004317
64,355,398,0,40000,0.25,0.002067
64,355,399,0,40000,0.25,0.010989
64,355,400,0,40000,0.25,0.006145
64,368,1,1,40000,0.25,0.376205
64,368,2,0,40000,0.25,0.013103
64,368,3,0,40000,0.25,0.084589
64,368,4,1,40000,0.25,0.369453
64,368,5,0,40000,0.25,0.007516
64,368,6,0,40000,0.25,0.000574
64,368,7,0,40000,0.25,0.004197
64,368,8,0,40000,0.25,0.000826
64,368,9,0,40000,0.25,0.016422
64,368,10,0,40000,0.25,0.021906
64,368,11,0,40000,0.25,0.036775
64,368,12,0,40000,0.25,0.00183
64,368,13,0,40000,0.25,0.009625
64,368,14,0,40000,0.25,0.34381
64,368,15,0,40000,0.25,0.003643
64,368,16,0,40000,0.25,0.009355
64,368,17,1,40000,0.25,0.372528
64,368,18,0,40000,0.25,0.002107
64,368,19,0,40000,0.25,0.018752
64,368,20,1,40000,0.25,0.372079
64,368,21,0,40000,0.25,0.055528
64,368,22,0,40000,0.25,0.002695
64,368,23,0,40000,0.25,0.0085
64,368,24,0,40000,0.25,0.026609
64,368,25,1,40000,0.25,0.376846
64,368,26,0,40000,0.25,0.002518
64,368,27,0,40000,0.25,0.010696
64,368,28,0,40000,0.25,0.003667
64,368,29,0,40000,0.25,0.004093
64,368,30,0,40000,0.25,0.007963
64,368,31,0,40000,0.25,0.077286
64,368,32,0,40000,0.25,0.000585
64,368,33,0,40000,0.25,0.049197
64,368,34,0,40000,0.25,0.010767
64,368,35,0,40000,0.25,0.001277
64,368,36,0,40000,0.25,0.001667
64,368,37,0,40000,0.25,0.000739
64,368,38,1,40000,0.25,0.366836
64,368,39,0,40000,0.25,0.034557
64,368,40,0,40000,0.25,0.018242
64,368,41,1,40000,0.25,0.370219
64,368,42,0,40000,0.25,0.002057
64,368,43,0,40000,0.25,0.000912
64,368,44,0,40000,0.25,0.000476
64,368,45,0,40000,0.25,0.003906
64,368,46,1,40000,0.25,0.36877
64,368,47,0,40000,0.25,0.00467
64,368,48,1,40000,0.25,0.369888
64,368,49,1,40000,0.25,0.370931
64,368,50,0,40000,0.25,0.024164
64,368,51,0,40000,0.25,0.001102
64,368,52,0,40000,0.25,0.006201
64,368,53,0,40000,0.25,0.005266
64,368,54,1,40000,0.25,0.370171
64,368,55,1,40000,0.25,0.371822
64,368,56,1,40000,0.25,0.373701
64,368,57,0,40000,0.25,0.032517
64,368,58,0,40000,0.25,0.003313
64,368,59,0,40000,0.25,0.000862
64,368,60,0,40000,0.25,0.017886
64,368,61,0,40000,0.25,0.01017
64,368,62,0,40000,0.25,0.000988
64,368,63,1,40000,0.25,0.374742
64,368,64,1,40000,0.25,0.370154
64,368,65,0,40000,0.25,0.003335
64,368,66,0,40000,0.25,0.075762
64,368,67,0,40000,0.25,0.037013
64,368,68,0,40000,0.25,0.000565
64,368,69,0,40000,0.25,0.005545
64,368,70,0,40000,0.25,0.001536
64,368,71,0,40000,0.25,0.149726
64,368,72,0,40000,0.25,0.008539
64,368,73,0,40000,0.25,0.110712
64,368,74,0,40000,0.25,0.010308
64,368,75,0,40000,0.25,0.003925
64,368,76,0,40000,0.25,0.18401
64,368,77,0,40000,0.25,0.000677
64,368,78,0,40000,0.25,0.094799
64,368,79,1,40000,0.25,0.371815
64,368,80,0,40000,0.25,0.003014
64,368,81,0,40000,0.25,0.00419
64,368,82,0,40000,0.25,0.213192
64,368,83,0,40000,0.25,0.018713
64,368,84,0,40000,0.25,0.012854
64,368,85,0,40000,0.25,0.001419
64,368,86,0,40000,0.25,0.016392
64,368,87,0,40000,0.25,0.005742
64,368,88,0,40000,0.25,0.053789
64,368,89,0,40000,0.25,0.003469
64,368,90,0,40000,0.25,0.000541
64,368,91,0,40000,0.25,0.00144
64,368,92,0,40000,0.25,0.01796
64,368,93,0,40000,0.25,0.000649
64,368,94,0,40000,0.25,0.005135
64,368,95,0,40000,0.25,0.003834
64,368,96,0,40000,0.25,0.04511
64,368,97,0,40000,0.25,0.001885
64,368,98,1,40000,0.25,0.368492
64,368,99,0,40000,0.25,0.002225
64,368,100,0,40000,0.25,0.002317
64,368,101,0,40000,0.25,0.004696
64,368,102,0,40000,0.25,0.00981
64,368,103,0,40000,0.25,0.153929
64,368,104,0,40000,0.25,0.009345
64,368,105,0,40000,0.25,0.01204
64,368,106,0,40000,0.25,0.006166
64,368,107,0,40000,0.25,0.004709
64,368,108,0,40000,0.25,0.008107
64,368,109,1,40000,0.25,0.376543
64,368,110,0,40000,0.25,0.005794
64,368,111,0,40000,0.25,0.012294
64,368,112,0,40000,0.25,0.008198
64,368,113,0,40000,0.25,0.004337
64,368,114,0,40000,0.25,0.015717
64,368,115,0,40000,0.25,0.091999
64,368,116,0,40000,0.25,0.023044
64,368,117,0,40000,0.25,0.024827
64,368,118,1,40000,0.25,0.379407
64,368,119,0,40000,0.25,0.010788
64,368,120,2,40000,0.25,0.384147
64,368,121,0,40000,0.25,0.031427
64,368,122,0,40000,0.25,0.010613
64,368,123,0,40000,0.25,0.011967
64,368,124,0,40000,0.25,0.008057
64,368,125,0,40000,0.25,0.002422
64,368,126,1,40000,0.25,0.381174
64,368,127,0,40000,0.25,0.011896
64,368,128,1,40000,0.25,0.38122
64,368,129,0,40000,0.25,0.023127
64,368,130,0,40000,0.25,0.004228
64,368,131,0,40000,0.25,0.008242
64,368,132,0,40000,0.25,0.018573
64,368,133,0,40000,0.25,0.057179
64,368,134,0,40000,0.25,0.007138
64,368,135,0,40000,0.25,0.000969
64,368,136,0,40000,0.25,0.006546
64,368,137,0,40000,0.25,0.027726
64,368,138,0,40000,0.25,0.002763
64,368,139,0,40000,0.25,0.021817
64,368,140,0,40000,0.25,0.003633
64,368,141,0,40000,0.25,0.016126
64,368,142,0,40000,0.25,0.001626
64,368,143,0,40000,0.25,0.020085
64,368,144,0,40000,0.25,0.007407
64,368,145,0,40000,0.25,0.00379
64,368,146,0,40000,0.25,0.006924
64,368,147,0,40000,0.25,0.008052
64,368,148,0,40000,0.25,0.028794
64,368,149,0,40000,0.25,0.013636
64,368,150,0,40000,0.25,0.009241
64,368,151,0,40000,0.25,0.00128
64,368,152,1,40000,0.25,0.383452
64,368,153,0,40000,0.25,0.01244
64,368,154,0,40000,0.25,0.001519
64,368,155,1,40000,0.25,0.380424
64,368,156,0,40000,0.25,0.003435
64,368,157,0,40000,0.25,0.001515
64,368,158,0,40000,0.25,0.012208
64,368,159,0,40000,0.25,0.057199
64,368,160,0,40000,0.25,0.013153
64,368,161,0,40000,0.25,0.05912
64,368,162,0,40000,0.25,0.007634
64,368,163,0,40000,0.25,0.045214
64,368,164,0,40000,0.25,0.007737
64,368,165,1,40000,0.25,0.378948
64,368,166,1,40000,0.25,0.378735
64,368,167,0,40000,0.25,0.001877
64,368,168,0,40000,0.25,0.02534
64,368,169,0,40000,0.25,0.077249
64,368,170,1,40000,0.25,0.375193
64,368,171,0,40000,0.25,0.021753
64,368,172,0,40000,0.25,0.006532
64,368,173,0,40000,0.25,0.021371
64,368,174,1,40000,0.25,0.373258
64,368,175,0,40000,0.25,0.002055
64,368,176,0,40000,0.25,0.01122
64,368,177,0,40000,0.25,0.04169
64,368,178,1,40000,0.25,0.378784
64,368,179,0,40000,0.25,0.007736
64,368,180,0,40000,0.25,0.002615
64,368,181,0,40000,0.25,0.002849
64,368,182,0,40000,0.25,0.005735
64,368,183,1,40000,0.25,0.381046
64,368,184,0,40000,0.25,0.091746
64,368,185,0,40000,0.25,0.006049
64,368,186,0,40000,0.25,0.072877
64,368,187,0,40000,0.25,0.005476
64,368,188,0,40000,0.25,0.025847
64,368,189,0,40000,0.25,0.001777
64,368,190,0,40000,0.25,0.046069
64,368,191,0,40000,0.25,0.000925
64,368,192,0,40000,0.25,0.011946
64,368,193,0,40000,0.25,0.014541
64,368,194,0,40000,0.25,0.017997
64,368,195,0,40000,0.25,0.008732
64,368,196,0,40000,0.25,0.009823
64,368,197,0,40000,0.25,0.014517
64,368,198,1,40000,0.25,0.376571
64,368,199,0,40000,0.25,0.003114
64,368,200,0,40000,0.25,0.041917
64,368,201,0,40000,0.25,0.023048
64,368,202,0,40000,0.25,0.038592
64,368,203,0,40000,0.25,0.019173
64,368,204,0,40000,0.25,0.013042
64,368,205,1,40000,0.25,0.380464
64,368,206,0,40000,0.25,0.026383
64,368,207,0,40000,0.25,0.001167
64,368,208,0,40000,0.25,0.070905
64,368,209,0,40000,0.25,0.007623
64,368,210,0,40000,0.25,0.061589
64,368,211,0,40000,0.25,0.00297
64,368,212,0,40000,0.25,0.022842
64,368,213,1,40000,0.25,0.380066
64,368,214,0,40000,0.25,0.001574
64,368,215,0,40000,0.25,0.018805
64,368,216,0,40000,0.25,0.010559
64,368,217,0,40000,0.25,0.003987
64,368,218,0,40000,0.25,0.004622
64,368,219,0,40000,0.25,0.003788
64,368,220,0,40000,0.25,0.007946
64,368,221,0,40000,0.25,0.049316
64,368,222,0,40000,0.25,0.019634
64,368,223,1,40000,0.25,0.375391
64,368,224,0,40000,0.25,0.002381
64,368,225,0,40000,0.25,0.121702
64,368,226,0,40000,0.25,0.004334
64,368,227,0,40000,0.25,0.005746
64,368,228,0,40000,0.25,0.014841
64,368,229,0,40000,0.25,0.002979
64,368,230,0,40000,0.25,0.002274
64,368,231,0,40000,0.25,0.019536
64,368,232,0,40000,0.25,0.001833
64,368,233,0,40000,0.25,0.011939
64,368,234,1,40000,0.25,0.374768
64,368,235,0,40000,0.25,0.004767
64,368,236,0,40000,0.25,0.008605
64,368,237,0,40000,0.25,0.015058
64,368,238,0,40000,0.25,0.000722
64,368,239,0,40000,0.25,0.011454
64,368,240,0,40000,0.25,0.001111
64,368,241,0,40000,0.25,0.034456
64,368,242,1,40000,0.25,0.372194
64,368,243,0,40000,0.25,0.045126
64,368,244,0,40000,0.25,0.000694
64,368,245,0,40000,0.25,0.014597
64,368,246,0,40000,0.25,0.042799
64,368,247,0,40000,0.25,0.017828
64,368,248,0,40000,0.25,0.007909
64,368,249,0,40000,0.25,0.003524
64,368,250,0,40000,0.25,0.001792
64,368,251,0,40000,0.25,0.001171
64,368,252,0,40000,0.25,0.001268
64,368,253,0,40000,0.25,0.005378
64,368,254,0,40000,0.25,0.007269
64,368,255,1,40000,0.25,0.374994
64,368,256,0,40000,0.25,0.002643
64,368,257,0,40000,0.25,0.003126
64,368,258,0,40000,0.25,0.010999
64,368,259,0,40000,0.25,0.069171
64,368,260,0,40000,0.25,0.007161
64,368,261,0,40000,0.25,0.001608
64,368,262,0,40000,0.25,0.088786
64,368,263,0,40000,0.25,0.027782
64,368,264,0,40000,0.25,0.002774
64,368,265,0,40000,0.25,0.05781
64,368,266,0,40000,0.25,0.02389
64,368,267,0,40000,0.25,0.003336
64,368,268,0,40000,0.25,0.025074
64,368,269,1,40000,0.25,0.371303
64,368,270,0,40000,0.25,0.005739
64,368,271,1,40000,0.25,0.377012
64,368,272,0,40000,0.25,0.002251
64,368,273,1,40000,0.25,0.376309
64,368,274,0,40000,0.25,0.003347
64,368,275,0,40000,0.25,0.001679
64,368,276,0,40000,0.25,0.003319
64,368,277,0,40000,0.25,0.033674
64,368,278,0,40000,0.25,0.011711
64,368,279,0,40000,0.25,0.001647
64,368,280,0,40000,0.25,0.017413
64,368,281,0,40000,0.25,0.001822
64,368,282,0,40000,0.25,0.001112
64,368,283,0,40000,0.25,0.004475
64,368,284,1,40000,0.25,0.373827
64,368,285,1,40000,0.25,0.36179
64,368,286,0,40000,0.25,0.035867
64,368,287,0,40000,0.25,0.004609
64,368,288,0,40000,0.25,0.033894
64,368,289,1,40000,0.25,0.374305
64,368,290,0,40000,0.25,0.002973
64,368,291,0,40000,0.25,0.026565
64,368,292,1,40000,0.25,0.373752
64,368,293,0,40000,0.25,0.001313
64,368,294,0,40000,0.25,0.003768
64,368,295,1,40000,0.25,0.370467
64,368,296,0,40000,0.25,0.059214
64,368,297,0,40000,0.25,0.002751
64,368,298,0,40000,0.25,0.030972
64,368,299,1,40000,0.25,0.373111
64,368,300,0,40000,0.25,0.008323
64,368,301,0,40000,0.25,0.009618
64,368,302,0,40000,0.25,0.002574
64,368,303,0,40000,0.25,0.083894
64,368,304,0,40000,0.25,0.020643
64,368,305,0,40000,0.25,0.00129
64,368,306,0,40000,0.25,0.000724
64,368,307,0,40000,0.25,0.027964
64,368,308,1,40000,0.25,0.375563
64,368,309,0,40000,0.25,0.001956
64,368,310,0,40000,0.25,0.006598
64,368,311,0,40000,0.25,0.000696
64,368,312,1,40000,0.25,0.373379
64,368,313,0,40000,0.25,0.004741
64,368,314,0,40000,0.25,0.011409
64,368,315,1,40000,0.25,0.37175
64,368,316,0,40000,0.25,0.000801
64,368,317,0,40000,0.25,0.001967
64,368,318,1,40000,0.25,0.377821
64,368,319,1,40000,0.25,0.371426
64,368,320,0,40000,0.25,0.001776
64,368,321,0,40000,0.25,0.008275
64,368,322,0,40000,0.25,0.011527
64,368,323,0,40000,0.25,0.007933
64,368,324,0,40000,0.25,0.006595
64,368,325,0,40000,0.25,0.000605
64,368,326,0,40000,0.25,0.004252
64,368,327,0,40000,0.25,0.01592
64,368,328,0,40000,0.25,0.002148
64,368,329,0,40000,0.25,0.001538
64,368,330,0,40000,0.25,0.001184
64,368,331,0,40000,0.25,0.00256
64,368,332,1,40000,0.25,0.375733
64,368,333,1,40000,0.25,0.369624
64,368,334,0,40000,0.25,0.016388
64,368,335,1,40000,0.25,0.371074
64,368,336,1,40000,0.25,0.371304
64,368,337,1,40000,0.25,0.372333
64,368,338,1,40000,0.25,0.370845
64,368,339,0,40000,0.25,0.000383
64,368,340,0,40000,0.25,0.004462
64,368,341,0,40000,0.25,0.132587
64,368,342,0,40000,0.25,0.019382
64,368,343,0,40000,0.25,0.001875
64,368,344,0,40000,0.25,0.010614
64,368,345,0,40000,0.25,0.000954
64,368,346,0,40000,0.25,0.024455
64,368,347,0,40000,0.25,0.013534
64,368,348,0,40000,0.25,0.001341
64,368,349,1,40000,0.25,0.370724
64,368,350,1,40000,0.25,0.369742
64,368,351,1,40000,0.25,0.370371
64,368,352,1,40000,0.25,0.372112
64,368,353,0,40000,0.25,0.00868
64,368,354,0,40000,0.25,0.00061
64,368,355,0,40000,0.25,0.008209
64,368,356,0,40000,0.25,0.016241
64,368,357,1,40000,0.25,0.368868
64,368,358,0,40000,0.25,0.021582
64,368,359,0,40000,0.25,0.021664
64,368,360,1,40000,0.25,0.368899
64,368,361,0,40000,0.25,0.001411
64,368,362,0,40000,0.25,0.005853
64,368,363,0,40000,0.25,0.002715
64,368,364,0,40000,0.25,0.002328
64,368,365,0,40000,0.25,0.003273
64,368,366,0,40000,0.25,0.017531
64,368,367,0,40000,0.25,0.008824
64,368,368,0,40000,0.25,0.001591
64,368,369,1,40000,0.25,0.369327
64,368,370,1,40000,0.25,0.374549
64,368,371,1,40000,0.25,0.369729
64,368,372,0,40000,0.25,0.031968
64,368,373,0,40000,0.25,0.000806
64,368,374,0,40000,0.25,0.001085
64,368,375,0,40000,0.25,0.010757
64,368,376,0,40000,0.25,0.008102
64,368,377,0,40000,0.25,0.00293
64,368,378,0,40000,0.25,0.000733
64,368,379,0,40000,0.25,0.004601
64,368,380,0,40000,0.25,0.000378
64,368,381,0,40000,0.25,0.007869
64,368,382,0,40000,0.25,0.001043
64,368,383,1,40000,0.25,0.370552
64,368,384,0,40000,0.25,0.005404
64,368,385,0,40000,0.25,0.000592
64,368,386,1,40000,0.25,0.371387
64,368,387,0,40000,0.25,0.016371
64,368,388,0,40000,0.25,0.000793
64,368,389,0,40000,0.25,0.000976
64,368,390,0,40000,0.25,0.009192
64,368,391,0,40000,0.25,0.002792
64,368,392,0,40000,0.25,0.001125
64,368,393,0,40000,0.25,0.004802
64,368,394,1,40000,0.25,0.368033
64,368,395,0,40000,0.25,0.078439
64,368,396,0,40000,0.25,0.013367
64,368,397,0,40000,0.25,0.005858
64,368,398,0,40000,0.25,0.006295
64,368,399,1,40000,0.25,0.370003
64,368,400,0,40000,0.25,0.012559
64,381,1,1,40000,0.25,0.369721
64,381,2,1,40000,0.25,0.374495
64,381,3,1,40000,0.25,0.369858
64,381,4,1,40000,0.25,0.374065
64,381,5,0,40000,0.25,0.001242
64,381,6,0,40000,0.25,0.016052
64,381,7,1,40000,0.25,0.376994
64,381,8,1,40000,0.25,0.371667
64,381,9,1,40000,0.25,0.368389
64,381,10,1,40000,0.25,0.374732
64,381,11,1,40000,0.25,0.384123
64,381,12,2,40000,0.25,0.38929
64,381,13,0,40000,0.25,0.012951
64,381,14,0,40000,0.25,0.003758
64,381,15,1,40000,0.25,0.381796
64,381,16,0,40000,0.25,0.001489
64,381,17,0,40000,0.25,0.00586
64,381,18,0,40000,0.25,0.001899
64,381,19,1,40000,0.25,0.379859
64,381,20,2,40000,0.25,0.376456
64,381,21,0,40000,0.25,0.001242
64,381,22,1,40000,0.25,0.365936
64,381,23,1,40000,0.25,0.37014
64,381,24,1,40000,0.25,0.370666
64,381,25,0,40000,0.25,0.000674
64,381,26,0,40000,0.25,0.002094
64,381,27,1,40000,0.25,0.368
64,381,28,1,40000,0.25,0.369656
64,381,29,1,40000,0.25,0.368187
64,381,30,1,40000,0.25,0.381578
64,381,31,0,40000,0.25,0.020429
64,381,32,0,40000,0.25,0.09737
64,381,33,0,40000,0.25,0.00152
64,381,34,1,40000,0.25,0.374534
64,381,35,0,40000,0.25,0.000638
64,381,36,0,40000,0.25,0.051359
64,381,37,1,40000,0.25,0.371881
64,381,38,1,40000,0.25,0.369961
64,381,39,1,40000,0.25,0.370056
64,381,40,0,40000,0.25,0.009918
64,381,41,0,40000,0.25,0.007291
64,381,42,2,40000,0.25,0.374153
64,381,43,1,40000,0.25,0.369909
64,381,44,1,40000,0.25,0.365978
64,381,45,1,40000,0.25,0.373238
64,381,46,0,40000,0.25,0.004125
64,381,47,2,40000,0.25,0.374821
64,381,48,1,40000,0.25,0.373044
64,381,49,0,40000,0.25,0.001584
64,381,50,0,40000,0.25,0.001364
64,381,51,2,40000,0.25,0.37702
64,381,52,1,40000,0.25,0.367683
64,381,53,1,40000,0.25,0.375309
64,381,54,1,40000,0.25,0.376968
64,381,55,1,40000,0.25,0.370776
64,381,56,0,40000,0.25,0.001222
64,381,57,0,40000,0.25,0.027377
64,381,58,1,40000,0.25,0.370746
64,381,59,1,40000,0.25,0.370771
64,381,60,1,40000,0.25,0.371669
64,381,61,1,40000,0.25,0.373104
64,381,62,0,40000,0.25,0.00168
64,381,63,1,40000,0.25,0.371847
64,381,64,0,40000,0.25,0.004781
64,381,65,1,40000,0.25,0.374764
64,381,66,1,40000,0.25,0.371473
64,381,67,0,40000,0.25,0.000808
64,381,68,0,40000,0.25,0.000343
64,381,69,2,40000,0.25,0.377996
64,381,70,1,40000,0.25,0.371302
64,381,71,1,40000,0.25,0.373232
64,381,72,0,40000,0.25,0.002682
64,381,73,2,40000,0.25,0.37671
64,381,74,0,40000,0.25,0.002315
64,381,75,2,40000,0.25,0.377237
64,381,76,2,40000,0.25,0.375073
64,381,77,1,40000,0.25,0.374433
64,381,78,0,40000,0.25,0.006756
64,381,79,2,40000,0.25,0.379769
64,381,80,1,40000,0.25,0.370402
64,381,81,1,40000,0.25,0.373203
64,381,82,1,40000,0.25,0.37041
64,381,83,0,40000,0.25,0.001063
64,381,84,0,40000,0.25,0.005421
64,381,85,0,40000,0.25,0.000385
64,381,86,1,40000,0.25,0.371539
64,381,87,0,40000,0.25,0.004481
64,381,88,1,40000,0.25,0.371949
64,381,89,1,40000,0.25,0.36527
64,381,90,1,40000,0.25,0.373939
64,381,91,1,40000,0.25,0.368369
64,381,92,1,40000,0.25,0.36853
64,381,93,0,40000,0.25,0.004061
64,381,94,1,40000,0.25,0.37461
64,381,95,1,40000,0.25,0.371294
64,381,96,1,40000,0.25,0.371458
64,381,97,0,40000,0.25,0.006189
64,381,98,1,40000,0.25,0.367034
64,381,99,0,40000,0.25,0.001802
64,381,100,1,40000,0.25,0.384757
64,381,101,1,40000,0.25,0.380453
64,381,102,1,40000,0.25,0.376941
64,381,103,1,40000,0.25,0.377211
64,381,104,1,40000,0.25,0.377707
64,381,105,1,40000,0.25,0.378899
64,381,106,1,40000,0.25,0.378008
64,381,107,2,40000,0.25,0.391334
64,381,108,1,40000,0.25,0.377983
64,381,109,1,40000,0.25,0.378316
64,381,110,1,40000,0.25,0.379204
64,381,111,1,40000,0.25,0.379765
64,381,112,0,40000,0.25,0.2055
64,381,113,0,40000,0.25,0.007371
64,381,114,0,40000,0.25,0.028459
64,381,115,1,40000,0.25,0.386923
64,381,116,0,40000,0.25,0.021134
64,381,117,1,40000,0.25,0.379417
64,381,118,1,40000,0.25,0.377979
64,381,119,1,40000,0.25,0.377632
64,381,120,0,40000,0.25,0.197681
64,381,121,1,40000,0.25,0.376762
64,381,122,1,40000,0.25,0.384196
64,381,123,1,40000,0.25,0.382043
64,381,124,1,40000,0.25,0.377049
64,381,125,0,40000,0.25,0.010936
64,381,126,0,40000,0.25,0.01585
64,381,127,0,40000,0.25,0.006888
64,381,128,0,40000,0.25,0.036922
64,381,129,0,40000,0.25,0.007606
64,381,130,0,40000,0.25,0.020662
64,381,131,0,40000,0.25,0.005366
64,381,132,0,40000,0.25,0.006146
64,381,133,1,40000,0.25,0.376279
64,381,134,1,40000,0.25,0.379043
64,381,135,1,40000,0.25,0.385934
64,381,136,1,40000,0.25,0.377077
64,381,137,0,40000,0.25,0.006122
64,381,138,0,40000,0.25,0.010279
64,381,139,0,40000,0.25,0.005913
64,381,140,0,40000,0.25,0.002001
64,381,141,1,40000,0.25,0.380691
64,381,142,2,40000,0.25,0.385843
64,381,143,1,40000,0.25,0.380367
64,381,144,0,40000,0.25,0.006741
64,381,145,1,40000,0.25,0.379454
64,381,146,0,40000,0.25,0.047857
64,381,147,1,40000,0.25,0.380272
64,381,148,1,40000,0.25,0.382105
64,381,149,1,40000,0.25,0.377501
64,381,150,0,40000,0.25,0.006268
64,381,151,1,40000,0.25,0.379524
64,381,152,1,40000,0.25,0.37784
64,381,153,1,40000,0.25,0.377599
64,381,154,1,40000,0.25,0.372439
64,381,155,0,40000,0.25,0.007551
64,381,156,0,40000,0.25,0.014864
64,381,157,1,40000,0.25,0.375472
64,381,158,1,40000,0.25,0.375111
64,381,159,1,40000,0.25,0.380831
64,381,160,1,40000,0.25,0.382373
64,381,161,0,40000,0.25,0.003035
64,381,162,0,40000,0.25,0.036988
64,381,163,1,40000,0.25,0.374526
64,381,164,1,40000,0.25,0.371758
64,381,165,0,40000,0.25,0.069256
64,381,166,2,40000,0.25,0.384829
64,381,167,1,40000,0.25,0.378942
64,381,168,0,40000,0.25,0.012803
64,381,169,2,40000,0.25,0.386552
64,381,170,0,40000,0.25,0.012212
64,381,171,1,40000,0.25,0.380649
64,381,172,0,40000,0.25,0.009886
64,381,173,0,40000,0.25,0.026327
64,381,174,1,40000,0.25,0.378684
64,381,175,0,40000,0.25,0.006662
64,381,176,1,40000,0.25,0.381326
64,381,177,1,40000,0.25,0.376481
64,381,178,1,40000,0.25,0.382307
64,381,179,0,40000,0.25,0.003705
64,381,180,1,40000,0.25,0.379837
64,381,181,0,40000,0.25,0.00429
64,381,182,1,40000,0.25,0.382068
64,381,183,0,40000,0.25,0.036655
64,381,184,0,40000,0.25,0.007781
64,381,185,1,40000,0.25,0.370526
64,381,186,1,40000,0.25,0.374206
64,381,187,1,40000,0.25,0.376364
64,381,188,0,40000,0.25,0.007476
64,381,189,0,40000,0.25,0.009768
64,381,190,0,40000,0.25,0.004225
64,381,191,0,40000,0.25,0.016498
64,381,192,0,40000,0.25,0.009058
64,381,193,0,40000,0.25,0.038894
64,381,194,1,40000,0.25,0.376038
64,381,195,2,40000,0.25,0.378456
64,381,196,0,40000,0.25,0.001589
64,381,197,1,40000,0.25,0.373311
64,381,198,1,40000,0.25,0.370499
64,381,199,0,40000,0.25,0.122451
64,381,200,1,40000,0.25,0.37069
64,381,201,0,40000,0.25,0.034918
64,381,202,1,40000,0.25,0.375174
64,381,203,0,40000,0.25,0.009627
64,381,204,0,40000,0.25,0.007836
64,381,205,0,40000,0.25,0.030762
64,381,206,0,40000,0.25,0.000373
64,381,207,1,40000,0.25,0.371846
64,381,208,0,40000,0.25,0.043145
64,381,209,1,40000,0.25,0.372291
64,381,210,1,40000,0.25,0.369307
64,381,211,0,40000,0.25,0.010544
64,381,212,1,40000,0.25,0.369513
64,381,213,0,40000,0.25,0.00329
64,381,214,0,40000,0.25,0.007391
64,381,215,0,40000,0.25,0.014732
64,381,216,1,40000,0.25,0.370685
64,381,217,1,40000,0.25,0.375477
64,381,218,0,40000,0.25,0.003153
64,381,219,0,40000,0.25,0.006359
64,381,220,0,40000,0.25,0.017765
64,381,221,1,40000,0.25,0.370868
64,381,222,1,40000,0.25,0.37697
64,381,223,1,40000,0.25,0.375534
64,381,224,2,40000,0.25,0.375963
64,381,225,1,40000,0.25,0.369305
64,381,226,1,40000,0.25,0.373646
64,381,227,0,40000,0.25,0.001173
64,381,228,1,40000,0.25,0.377191
64,381,229,1,40000,0.25,0.371829
64,381,230,1,40000,0.25,0.371182
64,381,231,1,40000,0.25,0.367968
64,381,232,0,40000,0.25,0.001517
64,381,233,0,40000,0.25,0.028467
64,381,234,1,40000,0.25,0.383399
64,381,235,1,40000,0.25,0.368128
64,381,236,1,40000,0.25,0.367043
64,381,237,1,40000,0.25,0.371631
64,381,238,1,40000,0.25,0.367987
64,381,239,1,40000,0.25,0.371734
64,381,240,1,40000,0.25,0.368705
64,381,241,0,40000,0.25,0.017152
64,381,242,1,40000,0.25,0.372899
64,381,243,1,40000,0.25,0.370263
64,381,244,0,40000,0.25,0.031566
64,381,245,0,40000,0.25,0.002951
64,381,246,1,40000,0.25,0.373164
64,381,247,1,40000,0.25,0.37003
64,381,248,1,40000,0.25,0.377761
64,381,249,2,40000,0.25,0.373382
64,381,250,1,40000,0.25,0.373056
64,381,251,0,40000,0.25,0.011597
64,381,252,1,40000,0.25,0.368654
64,381,253,1,40000,0.25,0.370286
64,381,254,0,40000,0.25,0.010061
64,381,255,0,40000,0.25,0.030964
64,381,256,1,40000,0.25,0.373173
64,381,257,1,40000,0.25,0.368233
64,381,258,1,40000,0.25,0.367618
64,381,259,0,40000,0.25,0.041682
64,381,260,0,40000,0.25,0.00203
64,381,261,1,40000,0.25,0.371536
64,381,262,0,40000,0.25,0.004813
64,381,263,2,40000,0.25,0.37623
64,381,264,1,40000,0.25,0.376159
64,381,265,0,40000,0.25,0.000821
64,381,266,1,40000,0.25,0.371703
64,381,267,1,40000,0.25,0.37059
64,381,268,1,40000,0.25,0.373714
64,381,269,0,40000,0.25,0.002708
64,381,270,0,40000,0.25,0.006749
64,381,271,1,40000,0.25,0.372403
64,381,272,1,40000,0.25,0.37202
64,381,273,0,40000,0.25,0.004274
64,381,274,1,40000,0.25,0.370798
64,381,275,1,40000,0.25,0.370838
64,381,276,0,40000,0.25,0.020185
64,381,277,1,40000,0.25,0.36884
64,381,278,0,40000,0.25,0.001455
64,381,279,0,40000,0.25,0.001286
64,381,280,0,40000,0.25,0.036897
64,381,281,1,40000,0.25,0.372287
64,381,282,1,40000,0.25,0.367948
64,381,283,0,40000,0.25,0.159659
64,381,284,1,40000,0.25,0.370986
64,381,285,1,40000,0.25,0.369554
64,381,286,1,40000,0.25,0.373947
64,381,287,1,40000,0.25,0.369871
64,381,288,0,40000,0.25,0.007825
64,381,289,0,40000,0.25,0.011745
64,381,290,1,40000,0.25,0.373056
64,381,291,0,40000,0.25,0.004045
64,381,292,1,40000,0.25,0.36556
64,381,293,0,40000,0.25,0.013384
64,381,294,1,40000,0.25,0.372262
64,381,295,1,40000,0.25,0.364987
64,381,296,0,40000,0.25,0.001095
64,381,297,1,40000,0.25,0.373254
64,381,298,0,40000,0.25,0.353327
64,381,299,1,40000,0.25,0.367328
64,381,300,1,40000,0.25,0.370934
64,381,301,0,40000,0.25,0.004861
64,381,302,1,40000,0.25,0.371429
64,381,303,1,40000,0.25,0.37403
64,381,304,0,40000,0.25,0.005005
64,381,305,1,40000,0.25,0.371322
64,381,306,2,40000,0.25,0.377583
64,381,307,1,40000,0.25,0.373986
64,381,308,1,40000,0.25,0.369829
64,381,309,0,40000,0.25,0.002835
64,381,310,0,40000,0.25,0.021094
64,381,311,2,40000,0.25,0.376891
64,381,312,2,40000,0.25,0.376111
64,381,313,0,40000,0.25,0.008181
64,381,314,0,40000,0.25,0.000622
64,381,315,2,40000,0.25,0.374306
64,381,316,1,40000,0.25,0.37613
64,381,317,0,40000,0.25,0.003315
64,381,318,1,40000,0.25,0.369096
64,381,319,0,40000,0.25,0.030142
64,381,320,1,40000,0.25,0.374177
64,381,321,1,40000,0.25,0.368619
64,381,322,1,40000,0.25,0.370631
64,381,323,1,40000,0.25,0.369094
64,381,324,1,40000,0.25,0.37126
64,381,325,1,40000,0.25,0.369376
64,381,326,2,40000,0.25,0.374482
64,381,327,1,40000,0.25,0.366682
64,381,328,0,40000,0.25,0.00677
64,381,329,1,40000,0.25,0.364065
64,381,330,0,40000,0.25,0.008325
64,381,331,1,40000,0.25,0.372408
64,381,332,1,40000,0.25,0.371925
64,381,333,1,40000,0.25,0.373232
64,381,334,0,40000,0.25,0.017463
64,381,335,0,40000,0.25,0.002645
64,381,336,2,40000,0.25,0.375866
64,381,337,1,40000,0.25,0.369707
64,381,338,1,40000,0.25,0.371241
64,381,339,1,40000,0.25,0.367002
64,381,340,0,40000,0.25,0.005129
64,381,341,1,40000,0.25,0.369974
64,381,342,1,40000,0.25,0.370177
64,381,343,0,40000,0.25,0.083478
64,381,344,1,40000,0.25,0.369724
64,381,345,1,40000,0.25,0.373066
64,381,346,0,40000,0.25,0.018788
64,381,347,1,40000,0.25,0.372173
64,381,348,1,40000,0.25,0.373231
64,381,349,0,40000,0.25,0.006703
64,381,350,1,40000,0.25,0.367227
64,381,351,1,40000,0.25,0.372818
64,381,352,0,40000,0.25,0.005811
64,381,353,1,40000,0.25,0.373958
64,381,354,1,40000,0.25,0.370689
64,381,355,1,40000,0.25,0.37444
64,381,356,1,40000,0.25,0.37351
64,381,357,2,40000,0.25,0.374554
64,381,358,1,40000,0.25,0.37549
64,381,359,1,40000,0.25,0.371499
64,381,360,0,40000,0.25,0.014644
64,381,361,1,40000,0.25,0.370619
64,381,362,0,40000,0.25,0.00722
64,381,363,2,40000,0.25,0.377708
64,381,364,1,40000,0.25,0.372339
64,381,365,0,40000,0.25,0.014334
64,381,366,1,40000,0.25,0.372032
64,381,367,1,40000,0.25,0.371454
64,381,368,0,40000,0.25,0.034171
64,381,369,0,40000,0.25,0.016498
64,381,370,0,40000,0.25,0.000922
64,381,371,1,40000,0.25,0.368615
64,381,372,1,40000,0.25,0.369984
64,381,373,2,40000,0.25,0.376552
64,381,374,0,40000,0.25,0.049981
64,381,375,1,40000,0.25,0.367811
64,381,376,1,40000,0.25,0.375878
64,381,377,0,40000,0.25,0.010968
64,381,378,1,40000,0.25,0.367437
64,381,379,2,40000,0.25,0.374247
64,381,380,1,40000,0.25,0.365753
64,381,381,1,40000,0.25,0.371534
64,381,382,1,40000,0.25,0.367194
64,381,383,0,40000,0.25,0.008042
64,381,384,1,40000,0.25,0.377879
64,381,385,1,40000,0.25,0.369881
64,381,386,1,40000,0.25,0.370296
64,381,387,0,40000,0.25,0.005772
64,381,388,0,40000,0.25,0.003096
64,381,389,2,40000,0.25,0.375938
64,381,390,0,40000,0.25,0.005828
64,381,391,2,40000,0.25,0.377427
64,381,392,1,40000,0.25,0.366903
64,381,393,0,40000,0.25,0.009033
64,381,394,1,40000,0.25,0.370052
64,381,395,0,40000,0.25,0.020792
64,381,396,0,40000,0.25,0.002972
64,381,397,0,40000,0.25,0.016264
64,381,398,1,40000,0.25,0.37396
64,381,399,1,40000,0.25,0.366489
64,381,400,0,40000,0.25,0.004961
64,394,1,2,40000,0.25,0.373627
64,394,2,2,40000,0.25,0.378958
64,394,3,1,40000,0.25,0.372554
64,394,4,2,40000,0.25,0.376318
64,394,5,1,40000,0.25,0.371756
64,394,6,1,40000,0.25,0.373148
64,394,7,2,40000,0.25,0.37433
64,394,8,2,40000,0.25,0.377201
64,394,9,1,40000,0.25,0.372145
64,394,10,1,40000,0.25,0.379658
64,394,11,2,40000,0.25,0.387069
64,394,12,2,40000,0.25,0.38892
64,394,13,0,40000,0.25,0.009799
64,394,14,1,40000,0.25,0.378121
64,394,15,2,40000,0.25,0.3805
64,394,16,2,40000,0.25,0.384636
64,394,17,1,40000,0.25,0.376042
64,394,18,1,40000,0.25,0.375232
64,394,19,1,40000,0.25,0.369616
64,394,20,2,40000,0.25,0.378266
64,394,21,2,40000,0.25,0.380081
64,394,22,1,40000,0.25,0.371338
64,394,23,2,40000,0.25,0.379449
64,394,24,1,40000,0.25,0.369361
64,394,25,2,40000,0.25,0.37481
64,394,26,2,40000,0.25,0.380639
64,394,27,1,40000,0.25,0.368261
64,394,28,2,40000,0.25,0.373968
64,394,29,2,40000,0.25,0.378853
64,394,30,1,40000,0.25,0.375283
64,394,31,1,40000,0.25,0.369919
64,394,32,1,40000,0.25,0.37552
64,394,33,2,40000,0.25,0.374623
64,394,34,0,40000,0.25,0.011376
64,394,35,1,40000,0.25,0.364995
64,394,36,2,40000,0.25,0.376348
64,394,37,2,40000,0.25,0.376243
64,394,38,2,40000,0.25,0.377997
64,394,39,2,40000,0.25,0.375983
64,394,40,2,40000,0.25,0.374415
64,394,41,2,40000,0.25,0.374697
64,394,42,2,40000,0.25,0.376576
64,394,43,1,40000,0.25,0.371539
64,394,44,2,40000,0.25,0.377542
64,394,45,0,40000,0.25,0.000876
64,394,46,2,40000,0.25,0.379182
64,394,47,1,40000,0.25,0.370853
64,394,48,1,40000,0.25,0.371177
64,394,49,0,40000,0.25,0.003068
64,394,50,1,40000,0.25,0.372082
64,394,51,3,40000,0.25,0.379641
64,394,52,2,40000,0.25,0.379
64,394,53,1,40000,0.25,0.373445
64,394,54,1,40000,0.25,0.370263
64,394,55,1,40000,0.25,0.371741
64,394,56,2,40000,0.25,0.377111
64,394,57,2,40000,0.25,0.378193
64,394,58,2,40000,0.25,0.381022
64,394,59,1,40000,0.25,0.372757
64,394,60,3,40000,0.25,0.38189
64,394,61,1,40000,0.25,0.363309
64,394,62,1,40000,0.25,0.373227
64,394,63,1,40000,0.25,0.37214
64,394,64,2,40000,0.25,0.377204
64,394,65,2,40000,0.25,0.375545
64,394,66,2,40000,0.25,0.373541
64,394,67,1,40000,0.25,0.375321
64,394,68,1,40000,0.25,0.370007
64,394,69,1,40000,0.25,0.370363
64,394,70,1,40000,0.25,0.37334
64,394,71,2,40000,0.25,0.379548
64,394,72,2,40000,0.25,0.37382
64,394,73,1,40000,0.25,0.372558
64,394,74,2,40000,0.25,0.376593
64,394,75,2,40000,0.25,0.375501
64,394,76,0,40000,0.25,0.00335
64,394,77,1,40000,0.25,0.369777
64,394,78,1,40000,0.25,0.376847
64,394,79,1,40000,0.25,0.374049
64,394,80,1,40000,0.25,0.373939
64,394,81,1,40000,0.25,0.375781
64,394,82,1,40000,0.25,0.380885
64,394,83,2,40000,0.25,0.377461
64,394,84,2,40000,0.25,0.374986
64,394,85,2,40000,0.25,0.377109
64,394,86,0,40000,0.25,0.007531
64,394,87,1,40000,0.25,0.371035
64,394,88,1,40000,0.25,0.371211
64,394,89,2,40000,0.25,0.378577
64,394,90,2,40000,0.25,0.377864
64,394,91,1,40000,0.25,0.37069
64,394,92,2,40000,0.25,0.376657
64,394,93,2,40000,0.25,0.374508
64,394,94,1,40000,0.25,0.376592
64,394,95,1,40000,0.25,0.364797
64,394,96,1,40000,0.25,0.371617
64,394,97,1,40000,0.25,0.373824
64,394,98,1,40000,0.25,0.371566
64,394,99,1,40000,0.25,0.370075
64,394,100,1,40000,0.25,0.374349
64,394,101,1,40000,0.25,0.375831
64,394,102,1,40000,0.25,0.377025
64,394,103,2,40000,0.25,0.385563
64,394,104,1,40000,0.25,0.375796
64,394,105,2,40000,0.25,0.381204
64,394,106,1,40000,0.25,0.378924
64,394,107,2,40000,0.25,0.382775
64,394,108,0,40000,0.25,0.007537
64,394,109,1,40000,0.25,0.381569
64,394,110,1,40000,0.25,0.379492
64,394,111,3,40000,0.25,0.387356
64,394,112,1,40000,0.25,0.385745
64,394,113,1,40000,0.25,0.383818
64,394,114,2,40000,0.25,0.386715
64,394,115,1,40000,0.25,0.381121
64,394,116,1,40000,0.25,0.379146
64,394,117,2,40000,0.25,0.388706
64,394,118,3,40000,0.25,0.388922
64,394,119,2,40000,0.25,0.381812
64,394,120,1,40000,0.25,0.37466
64,394,121,1,40000,0.25,0.383094
64,394,122,1,40000,0.25,0.378438
64,394,123,2,40000,0.25,0.385103
64,394,124,1,40000,0.25,0.378055
64,394,125,1,40000,0.25,0.384421
64,394,126,1,40000,0.25,0.382025
64,394,127,1,40000,0.25,0.385523
64,394,128,2,40000,0.25,0.386735
64,394,129,0,40000,0.25,0.045822
64,394,130,2,40000,0.25,0.379493
64,394,131,1,40000,0.25,0.384284
64,394,132,1,40000,0.25,0.385028
64,394,133,1,40000,0.25,0.383669
64,394,134,1,40000,0.25,0.381329
64,394,135,1,40000,0.25,0.371122
64,394,136,2,40000,0.25,0.384652
64,394,137,3,40000,0.25,0.390256
64,394,138,1,40000,0.25,0.385994
64,394,139,1,40000,0.25,0.383143
64,394,140,1,40000,0.25,0.382602
64,394,141,3,40000,0.25,0.384736
64,394,142,2,40000,0.25,0.385163
64,394,143,2,40000,0.25,0.376446
64,394,144,1,40000,0.25,0.382043
64,394,145,1,40000,0.25,0.382185
64,394,146,1,40000,0.25,0.377835
64,394,147,1,40000,0.25,0.381202
64,394,148,1,40000,0.25,0.381732
64,394,149,2,40000,0.25,0.386676
64,394,150,1,40000,0.25,0.385554
64,394,151,2,40000,0.25,0.381871
64,394,152,0,40000,0.25,0.004457
64,394,153,2,40000,0.25,0.383634
64,394,154,2,40000,0.25,0.378835
64,394,155,1,40000,0.25,0.377642
64,394,156,2,40000,0.25,0.384443
64,394,157,1,40000,0.25,0.376633
64,394,158,1,40000,0.25,0.376025
64,394,159,1,40000,0.25,0.379805
64,394,160,1,40000,0.25,0.386133
64,394,161,2,40000,0.25,0.377665
64,394,162,1,40000,0.25,0.377685
64,394,163,3,40000,0.25,0.383295
64,394,164,1,40000,0.25,0.376748
64,394,165,1,40000,0.25,0.375698
64,394,166,2,40000,0.25,0.382086
64,394,167,1,40000,0.25,0.370969
64,394,168,1,40000,0.25,0.376244
64,394,169,2,40000,0.25,0.373654
64,394,170,2,40000,0.25,0.375118
64,394,171,2,40000,0.25,0.379459
64,394,172,1,40000,0.25,0.379133
64,394,173,1,40000,0.25,0.372791
64,394,174,2,40000,0.25,0.378486
64,394,175,0,40000,0.25,0.005212
64,394,176,1,40000,0.25,0.378093
64,394,177,1,40000,0.25,0.373889
64,394,178,1,40000,0.25,0.374184
64,394,179,0,40000,0.25,0.023433
64,394,180,1,40000,0.25,0.369232
64,394,181,2,40000,0.25,0.375109
64,394,182,1,40000,0.25,0.37478
64,394,183,0,40000,0.25,0.012051
64,394,184,2,40000,0.25,0.374175
64,394,185,0,40000,0.25,0.043552
64,394,186,3,40000,0.25,0.384713
64,394,187,1,40000,0.25,0.3738
64,394,188,2,40000,0.25,0.38018
64,394,189,2,40000,0.25,0.374287
64,394,190,2,40000,0.25,0.377495
64,394,191,1,40000,0.25,0.378411
64,394,192,1,40000,0.25,0.367843
64,394,193,2,40000,0.25,0.376752
64,394,194,2,40000,0.25,0.376507
64,394,195,1,40000,0.25,0.37632
64,394,196,1,40000,0.25,0.372912
64,394,197,2,40000,0.25,0.378238
64,394,198,1,40000,0.25,0.373939
64,394,199,1,40000,0.25,0.372068
64,394,200,1,40000,0.25,0.378448
64,394,201,1,40000,0.25,0.376221
64,394,202,0,40000,0.25,0.002616
64,394,203,1,40000,0.25,0.369097
64,394,204,1,40000,0.25,0.375278
64,394,205,2,40000,0.25,0.381109
64,394,206,1,40000,0.25,0.376553
64,394,207,1,40000,0.25,0.375206
64,394,208,2,40000,0.25,0.376577
64,394,209,2,40000,0.25,0.376467
64,394,210,1,40000,0.25,0.36999
64,394,211,2,40000,0.25,0.377021
64,394,212,1,40000,0.25,0.373272
64,394,213,1,40000,0.25,0.373755
64,394,214,1,40000,0.25,0.37843
64,394,215,2,40000,0.25,0.380871
64,394,216,2,40000,0.25,0.378804
64,394,217,1,40000,0.25,0.370685
64,394,218,1,40000,0.25,0.375393
64,394,219,1,40000,0.25,0.372046
64,394,220,2,40000,0.25,0.376898
64,394,221,1,40000,0.25,0.376775
64,394,222,0,40000,0.25,0.000946
64,394,223,2,40000,0.25,0.375365
64,394,224,2,40000,0.25,0.376661
64,394,225,1,40000,0.25,0.372112
64,394,226,1,40000,0.25,0.367195
64,394,227,3,40000,0.25,0.380108
64,394,228,2,40000,0.25,0.374819
64,394,229,1,40000,0.25,0.375989
64,394,230,1,40000,0.25,0.375631
64,394,231,1,40000,0.25,0.368011
64,394,232,2,40000,0.25,0.376118
64,394,233,2,40000,0.25,0.386122
64,394,234,1,40000,0.25,0.375896
64,394,235,1,40000,0.25,0.375916
64,394,236,1,40000,0.25,0.374943
64,394,237,1,40000,0.25,0.373324
64,394,238,1,40000,0.25,0.373016
64,394,239,2,40000,0.25,0.375282
64,394,240,1,40000,0.25,0.374043
64,394,241,1,40000,0.25,0.367398
64,394,242,1,40000,0.25,0.374758
64,394,243,1,40000,0.25,0.373475
64,394,244,2,40000,0.25,0.378589
64,394,245,1,40000,0.25,0.373374
64,394,246,1,40000,0.25,0.375668
64,394,247,1,40000,0.25,0.377282
64,394,248,2,40000,0.25,0.376403
64,394,249,1,40000,0.25,0.37197
64,394,250,2,40000,0.25,0.379075
64,394,251,2,40000,0.25,0.377801
64,394,252,2,40000,0.25,0.374846
64,394,253,0,40000,0.25,0.001071
64,394,254,2,40000,0.25,0.376114
64,394,255,1,40000,0.25,0.373796
64,394,256,1,40000,0.25,0.37429
64,394,257,2,40000,0.25,0.372159
64,394,258,2,40000,0.25,0.375627
64,394,259,1,40000,0.25,0.369597
64,394,260,1,40000,0.25,0.375975
64,394,261,1,40000,0.25,0.370939
64,394,262,1,40000,0.25,0.372462
64,394,263,1,40000,0.25,0.37399
64,394,264,2,40000,0.25,0.371549
64,394,265,3,40000,0.25,0.380392
64,394,266,0,40000,0.25,0.018321
64,394,267,1,40000,0.25,0.371849
64,394,268,1,40000,0.25,0.372884
64,394,269,0,40000,0.25,0.006465
64,394,270,2,40000,0.25,0.374249
64,394,271,1,40000,0.25,0.372029
64,394,272,2,40000,0.25,0.375087
64,394,273,2,40000,0.25,0.375815
64,394,274,1,40000,0.25,0.368617
64,394,275,2,40000,0.25,0.374224
64,394,276,1,40000,0.25,0.375488
64,394,277,2,40000,0.25,0.374152
64,394,278,2,40000,0.25,0.377333
64,394,279,2,40000,0.25,0.373544
64,394,280,1,40000,0.25,0.372571
64,394,281,3,40000,0.25,0.378279
64,394,282,2,40000,0.25,0.375141
64,394,283,1,40000,0.25,0.374286
64,394,284,3,40000,0.25,0.378871
64,394,285,1,40000,0.25,0.371915
64,394,286,1,40000,0.25,0.373054
64,394,287,1,40000,0.25,0.371727
64,394,288,2,40000,0.25,0.380535
64,394,289,2,40000,0.25,0.375784
64,394,290,1,40000,0.25,0.373383
64,394,291,2,40000,0.25,0.374805
64,394,292,2,40000,0.25,0.378101
64,394,293,1,40000,0.25,0.370072
64,394,294,1,40000,0.25,0.381742
64,394,295,2,40000,0.25,0.377287
64,394,296,2,40000,0.25,0.378286
64,394,297,1,40000,0.25,0.374487
64,394,298,1,40000,0.25,0.373744
64,394,299,2,40000,0.25,0.372978
64,394,300,1,40000,0.25,0.372701
64,394,301,2,40000,0.25,0.379514
64,394,302,1,40000,0.25,0.375468
64,394,303,1,40000,0.25,0.374617
64,394,304,2,40000,0.25,0.377206
64,394,305,1,40000,0.25,0.377248
64,394,306,2,40000,0.25,0.375034
64,394,307,1,40000,0.25,0.374124
64,394,308,2,40000,0.25,0.377155
64,394,309,1,40000,0.25,0.371515
64,394,310,1,40000,0.25,0.372087
64,394,311,2,40000,0.25,0.372684
64,394,312,1,40000,0.25,0.372443
64,394,313,1,40000,0.25,0.373848
64,394,314,2,40000,0.25,0.377923
64,394,315,2,40000,0.25,0.375645
64,394,316,1,40000,0.25,0.371907
64,394,317,1,40000,0.25,0.372879
64,394,318,1,40000,0.25,0.372131
64,394,319,2,40000,0.25,0.376792
64,394,320,1,40000,0.25,0.374395
64,394,321,1,40000,0.25,0.369116
64,394,322,1,40000,0.25,0.374411
64,394,323,1,40000,0.25,0.371662
64,394,324,1,40000,0.25,0.369794
64,394,325,2,40000,0.25,0.37535
64,394,326,1,40000,0.25,0.371712
64,394,327,1,40000,0.25,0.372383
64,394,328,1,40000,0.25,0.37341
64,394,329,1,40000,0.25,0.36856
64,394,330,1,40000,0.25,0.376749
64,394,331,2,40000,0.25,0.375653
64,394,332,1,40000,0.25,0.374568
64,394,333,1,40000,0.25,0.375179
64,394,334,1,40000,0.25,0.372481
64,394,335,1,40000,0.25,0.374938
64,394,336,1,40000,0.25,0.36949
64,394,337,1,40000,0.25,0.36765
64,394,338,0,40000,0.25,0.009869
64,394,339,1,40000,0.25,0.373349
64,394,340,2,40000,0.25,0.381379
64,394,341,2,40000,0.25,0.37674
64,394,342,2,40000,0.25,0.3778
64,394,343,2,40000,0.25,0.377565
64,394,344,3,40000,0.25,0.384321
64,394,345,1,40000,0.25,0.375031
64,394,346,1,40000,0.25,0.372959
64,394,347,1,40000,0.25,0.369145
64,394,348,1,40000,0.25,0.3719
64,394,349,2,40000,0.25,0.372417
64,394,350,3,40000,0.25,0.378757
64,394,351,2,40000,0.25,0.37263
64,394,352,2,40000,0.25,0.37866
64,394,353,1,40000,0.25,0.371976
64,394,354,1,40000,0.25,0.376172
64,394,355,2,40000,0.25,0.377027
64,394,356,1,40000,0.25,0.37111
64,394,357,2,40000,0.25,0.373343
64,394,358,2,40000,0.25,0.378592
64,394,359,2,40000,0.25,0.374422
64,394,360,2,40000,0.25,0.375895
64,394,361,2,40000,0.25,0.38
64,394,362,1,40000,0.25,0.373823
64,394,363,1,40000,0.25,0.37442
64,394,364,1,40000,0.25,0.367991
64,394,365,1,40000,0.25,0.377288
64,394,366,1,40000,0.25,0.373651
64,394,367,1,40000,0.25,0.373173
64,394,368,2,40000,0.25,0.375692
64,394,369,0,40000,0.25,0.005684
64,394,370,2,40000,0.25,0.371128
64,394,371,1,40000,0.25,0.37165
64,394,372,1,40000,0.25,0.377019
64,394,373,0,40000,0.25,0.005211
64,394,374,1,40000,0.25,0.374326
64,394,375,1,40000,0.25,0.380467
64,394,376,2,40000,0.25,0.371037
64,394,377,1,40000,0.25,0.364492
64,394,378,2,40000,0.25,0.37672
64,394,379,1,40000,0.25,0.376863
64,394,380,1,40000,0.25,0.377007
64,394,381,1,40000,0.25,0.375933
64,394,382,1,40000,0.25,0.375128
64,394,383,1,40000,0.25,0.372247
64,394,384,2,40000,0.25,0.374304
64,394,385,2,40000,0.25,0.374747
64,394,386,2,40000,0.25,0.376987
64,394,387,3,40000,0.25,0.376682
64,394,388,2,40000,0.25,0.374752
64,394,389,2,40000,0.25,0.382404
64,394,390,0,40000,0.25,0.012966
64,394,391,1,40000,0.25,0.373414
64,394,392,2,40000,0.25,0.376334
64,394,393,2,40000,0.25,0.372784
64,394,394,1,40000,0.25,0.375261
64,394,395,2,40000,0.25,0.376487
64,394,396,3,40000,0.25,0.382326
64,394,397,1,40000,0.25,0.375906
64,394,398,1,40000,0.25,0.3764
64,394,399,2,40000,0.25,0.377227
64,394,400,2,40000,0.25,0.374662
64,406,1,2,40000,0.25,0.379598
64,406,2,0,40000,0.25,0.001359
64,406,3,3,40000,0.25,0.379736
64,406,4,1,40000,0.25,0.375242
64,406,5,2,40000,0.25,0.374238
64,406,6,1,40000,0.25,0.374851
64,406,7,1,40000,0.25,0.374023
64,406,8,3,40000,0.25,0.382063
64,406,9,1,40000,0.25,0.376563
64,406,10,3,40000,0.25,0.393093
64,406,11,3,40000,0.25,0.387233
64,406,12,2,40000,0.25,0.386274
64,406,13,2,40000,0.25,0.387297
64,406,14,2,40000,0.25,0.379343
64,406,15,2,40000,0.25,0.38593
64,406,16,1,40000,0.25,0.373829
64,406,17,2,40000,0.25,0.374823
64,406,18,2,40000,0.25,0.375953
64,406,19,2,40000,0.25,0.38047
64,406,20,2,40000,0.25,0.377484
64,406,21,2,40000,0.25,0.378887
64,406,22,1,40000,0.25,0.375058
64,406,23,0,40000,0.25,0.001815
64,406,24,1,40000,0.25,0.370587
64,406,25,2,40000,0.25,0.377806
64,406,26,2,40000,0.25,0.374497
64,406,27,2,40000,0.25,0.376023
64,406,28,3,40000,0.25,0.379568
64,406,29,1,40000,0.25,0.373804
64,406,30,2,40000,0.25,0.37911
64,406,31,2,40000,0.25,0.379054
64,406,32,3,40000,0.25,0.383251
64,406,33,2,40000,0.25,0.374911
64,406,34,1,40000,0.25,0.3726
64,406,35,2,40000,0.25,0.378129
64,406,36,2,40000,0.25,0.379569
64,406,37,2,40000,0.25,0.373476
64,406,38,2,40000,0.25,0.381798
64,406,39,2,40000,0.25,0.379168
64,406,40,2,40000,0.25,0.37466
64,406,41,2,40000,0.25,0.379796
64,406,42,2,40000,0.25,0.377333
64,406,43,1,40000,0.25,0.377372
64,406,44,3,40000,0.25,0.378097
64,406,45,1,40000,0.25,0.37582
64,406,46,2,40000,0.25,0.379401
64,406,47,3,40000,0.25,0.380896
64,406,48,3,40000,0.25,0.378524
64,406,49,2,40000,0.25,0.378965
64,406,50,3,40000,0.25,0.379565
64,406,51,2,40000,0.25,0.377324
64,406,52,2,40000,0.25,0.378772
64,406,53,2,40000,0.25,0.376068
64,406,54,2,40000,0.25,0.377955
64,406,55,3,40000,0.25,0.378827
64,406,56,4,40000,0.25,0.385855
64,406,57,3,40000,0.25,0.379488
64,406,58,2,40000,0.25,0.375959
64,406,59,2,40000,0.25,0.378768
64,406,60,2,40000,0.25,0.376491
64,406,61,1,40000,0.25,0.372629
64,406,62,3,40000,0.25,0.379583
64,406,63,3,40000,0.25,0.385457
64,406,64,3,40000,0.25,0.38214
64,406,65,2,40000,0.25,0.375927
64,406,66,1,40000,0.25,0.364349
64,406,67,2,40000,0.25,0.3796
64,406,68,3,40000,0.25,0.396039
64,406,69,2,40000,0.25,0.371037
64,406,70,3,40000,0.25,0.382105
64,406,71,3,40000,0.25,0.383531
64,406,72,2,40000,0.25,0.37911
64,406,73,2,40000,0.25,0.376231
64,406,74,2,40000,0.25,0.378089
64,406,75,4,40000,0.25,0.388514
64,406,76,1,40000,0.25,0.37152
64,406,77,0,40000,0.25,0.00154
64,406,78,2,40000,0.25,0.377448
64,406,79,3,40000,0.25,0.378206
64,406,80,2,40000,0.25,0.379643
64,406,81,1,40000,0.25,0.368184
64,406,82,3,40000,0.25,0.380937
64,406,83,2,40000,0.25,0.373372
64,406,84,2,40000,0.25,0.374601
64,406,85,2,40000,0.25,0.377002
64,406,86,3,40000,0.25,0.381323
64,406,87,2,40000,0.25,0.378428
64,406,88,1,40000,0.25,0.372979
64,406,89,3,40000,0.25,0.378685
64,406,90,2,40000,0.25,0.378319
64,406,91,3,40000,0.25,0.38147
64,406,92,2,40000,0.25,0.374161
64,406,93,3,40000,0.25,0.380542
64,406,94,2,40000,0.25,0.374626
64,406,95,2,40000,0.25,0.376577
64,406,96,2,40000,0.25,0.380632
64,406,97,2,40000,0.25,0.376879
64,406,98,2,40000,0.25,0.377239
64,406,99,2,40000,0.25,0.376904
64,406,100,1,40000,0.25,0.378113
64,406,101,2,40000,0.25,0.387617
64,406,102,1,40000,0.25,0.378452
64,406,103,3,40000,0.25,0.391871
64,406,104,2,40000,0.25,0.387109
64,406,105,2,40000,0.25,0.381444
64,406,106,2,40000,0.25,0.384719
64,406,107,2,40000,0.25,0.388225
64,406,108,2,40000,0.25,0.389197
64,406,109,2,40000,0.25,0.382519
64,406,110,2,40000,0.25,0.389336
64,406,111,2,40000,0.25,0.390073
64,406,112,2,40000,0.25,0.385464
64,406,113,3,40000,0.25,0.394381
64,406,114,3,40000,0.25,0.387274
64,406,115,2,40000,0.25,0.390711
64,406,116,2,40000,0.25,0.386127
64,406,117,2,40000,0.25,0.387456
64,406,118,2,40000,0.25,0.381883
64,406,119,2,40000,0.25,0.385354
64,406,120,2,40000,0.25,0.385499
64,406,121,2,40000,0.25,0.385412
64,406,122,1,40000,0.25,0.380443
64,406,123,2,40000,0.25,0.387976
64,406,124,3,40000,0.25,0.389253
64,406,125,2,40000,0.25,0.387359
64,406,126,2,40000,0.25,0.392132
64,406,127,1,40000,0.25,0.377816
64,406,128,1,40000,0.25,0.384961
64,406,129,1,40000,0.25,0.379415
64,406,130,2,40000,0.25,0.385628
64,406,131,1,40000,0.25,0.384319
64,406,132,3,40000,0.25,0.384313
64,406,133,2,40000,0.25,0.383522
64,406,134,3,40000,0.25,0.390733
64,406,135,2,40000,0.25,0.388212
64,406,136,2,40000,0.25,0.387286
64,406,137,1,40000,0.25,0.38102
64,406,138,3,40000,0.25,0.394786
64,406,139,1,40000,0.25,0.383435
64,406,140,1,40000,0.25,0.381901
64,406,141,2,40000,0.25,0.385551
64,406,142,2,40000,0.25,0.382117
64,406,143,2,40000,0.25,0.378518
64,406,144,3,40000,0.25,0.39273
64,406,145,3,40000,0.25,0.388116
64,406,146,2,40000,0.25,0.391854
64,406,147,1,40000,0.25,0.384078
64,406,148,2,40000,0.25,0.391062
64,406,149,3,40000,0.25,0.389372
64,406,150,2,40000,0.25,0.383033
64,406,151,3,40000,0.25,0.388208
64,406,152,4,40000,0.25,0.388399
64,406,153,3,40000,0.25,0.384976
64,406,154,1,40000,0.25,0.375068
64,406,155,2,40000,0.25,0.380804
64,406,156,3,40000,0.25,0.388316
64,406,157,2,40000,0.25,0.385449
64,406,158,3,40000,0.25,0.386491
64,406,159,1,40000,0.25,0.38154
64,406,160,3,40000,0.25,0.387584
64,406,161,3,40000,0.25,0.383803
64,406,162,2,40000,0.25,0.382534
64,406,163,0,40000,0.25,0.010996
64,406,164,2,40000,0.25,0.380361
64,406,165,2,40000,0.25,0.379542
64,406,166,3,40000,0.25,0.385904
64,406,167,2,40000,0.25,0.376334
64,406,168,3,40000,0.25,0.384321
64,406,169,2,40000,0.25,0.372447
64,406,170,3,40000,0.25,0.379436
64,406,171,1,40000,0.25,0.372852
64,406,172,2,40000,0.25,0.377909
64,406,173,1,40000,0.25,0.378105
64,406,174,1,40000,0.25,0.375133
64,406,175,2,40000,0.25,0.37667
64,406,176,2,40000,0.25,0.382002
64,406,177,1,40000,0.25,0.37875
64,406,178,2,40000,0.25,0.381218
64,406,179,2,40000,0.25,0.379217
64,406,180,3,40000,0.25,0.382025
64,406,181,2,40000,0.25,0.378982
64,406,182,2,40000,0.25,0.378268
64,406,183,2,40000,0.25,0.377658
64,406,184,2,40000,0.25,0.37918
64,406,185,2,40000,0.25,0.376915
64,406,186,1,40000,0.25,0.372062
64,406,187,2,40000,0.25,0.379561
64,406,188,2,40000,0.25,0.37957
64,406,189,1,40000,0.25,0.374557
64,406,190,3,40000,0.25,0.381517
64,406,191,3,40000,0.25,0.382835
64,406,192,2,40000,0.25,0.376972
64,406,193,1,40000,0.25,0.377058
64,406,194,1,40000,0.25,0.369786
64,406,195,1,40000,0.25,0.373228
64,406,196,1,40000,0.25,0.370603
64,406,197,1,40000,0.25,0.370223
64,406,198,3,40000,0.25,0.384389
64,406,199,3,40000,0.25,0.382239
64,406,200,2,40000,0.25,0.375757
64,406,201,2,40000,0.25,0.377279
64,406,202,2,40000,0.25,0.379218
64,406,203,1,40000,0.25,0.371779
64,406,204,2,40000,0.25,0.376476
64,406,205,1,40000,0.25,0.373277
64,406,206,2,40000,0.25,0.376423
64,406,207,2,40000,0.25,0.376604
64,406,208,2,40000,0.25,0.37766
64,406,209,2,40000,0.25,0.377061
64,406,210,1,40000,0.25,0.374598
64,406,211,3,40000,0.25,0.383154
64,406,212,2,40000,0.25,0.375577
64,406,213,2,40000,0.25,0.379048
64,406,214,3,40000,0.25,0.380748
64,406,215,1,40000,0.25,0.370684
64,406,216,2,40000,0.25,0.374514
64,406,217,0,40000,0.25,0.005034
64,406,218,2,40000,0.25,0.377179
64,406,219,2,40000,0.25,0.376175
64,406,220,2,40000,0.25,0.380033
64,406,221,1,40000,0.25,0.371447
64,406,222,2,40000,0.25,0.378039
64,406,223,3,40000,0.25,0.380339
64,406,224,3,40000,0.25,0.382712
64,406,225,2,40000,0.25,0.373407
64,406,226,2,40000,0.25,0.376373
64,406,227,3,40000,0.25,0.381057
64,406,228,1,40000,0.25,0.372941
64,406,229,1,40000,0.25,0.382208
64,406,230,2,40000,0.25,0.378521
64,406,231,3,40000,0.25,0.38107
64,406,232,3,40000,0.25,0.38296
64,406,233,2,40000,0.25,0.376551
64,406,234,2,40000,0.25,0.375301
64,406,235,3,40000,0.25,0.381933
64,406,236,2,40000,0.25,0.379264
64,406,237,1,40000,0.25,0.372506
64,406,238,3,40000,0.25,0.384339
64,406,239,2,40000,0.25,0.37506
64,406,240,2,40000,0.25,0.378678
64,406,241,2,40000,0.25,0.375442
64,406,242,2,40000,0.25,0.378519
64,406,243,2,40000,0.25,0.37597
64,406,244,2,40000,0.25,0.376599
64,406,245,3,40000,0.25,0.385014
64,406,246,3,40000,0.25,0.384059
64,406,247,1,40000,0.25,0.37033
64,406,248,1,40000,0.25,0.375369
64,406,249,2,40000,0.25,0.375852
64,406,250,2,40000,0.25,0.376413
64,406,251,2,40000,0.25,0.375944
64,406,252,1,40000,0.25,0.371687
64,406,253,2,40000,0.25,0.374929
64,406,254,4,40000,0.25,0.382736
64,406,255,3,40000,0.25,0.377153
64,406,256,3,40000,0.25,0.377586
64,406,257,2,40000,0.25,0.372601
64,406,258,2,40000,0.25,0.378485
64,406,259,2,40000,0.25,0.377227
64,406,260,1,40000,0.25,0.372725
64,406,261,3,40000,0.25,0.379413
64,406,262,2,40000,0.25,0.379283
64,406,263,3,40000,0.25,0.383214
64,406,264,3,40000,0.25,0.385461
64,406,265,2,40000,0.25,0.378974
64,406,266,3,40000,0.25,0.377913
64,406,267,2,40000,0.25,0.374735
64,406,268,2,40000,0.25,0.375922
64,406,269,2,40000,0.25,0.378681
64,406,270,2,40000,0.25,0.375918
64,406,271,2,40000,0.25,0.378408
64,406,272,3,40000,0.25,0.382297
64,406,273,2,40000,0.25,0.374704
64,406,274,2,40000,0.25,0.375739
64,406,275,2,40000,0.25,0.379014
64,406,276,3,40000,0.25,0.382622
64,406,277,2,40000,0.25,0.377263
64,406,278,3,40000,0.25,0.38346
64,406,279,2,40000,0.25,0.382117
64,406,280,2,40000,0.25,0.375995
64,406,281,2,40000,0.25,0.376463
64,406,282,2,40000,0.25,0.380072
64,406,283,2,40000,0.25,0.375666
64,406,284,2,40000,0.25,0.378072
64,406,285,3,40000,0.25,0.383078
64,406,286,3,40000,0.25,0.381531
64,406,287,1,40000,0.25,0.377709
64,406,288,3,40000,0.25,0.38039
64,406,289,3,40000,0.25,0.380168
64,406,290,1,40000,0.25,0.376841
64,406,291,1,40000,0.25,0.368179
64,406,292,1,40000,0.25,0.373627
64,406,293,2,40000,0.25,0.378682
64,406,294,2,40000,0.25,0.379122
64,406,295,1,40000,0.25,0.373063
64,406,296,2,40000,0.25,0.375335
64,406,297,2,40000,0.25,0.376486
64,406,298,3,40000,0.25,0.381148
64,406,299,2,40000,0.25,0.374971
64,406,300,2,40000,0.25,0.374348
64,406,301,3,40000,0.25,0.384856
64,406,302,2,40000,0.25,0.380427
64,406,303,3,40000,0.25,0.374302
64,406,304,2,40000,0.25,0.380387
64,406,305,2,40000,0.25,0.379448
64,406,306,3,40000,0.25,0.381901
64,406,307,2,40000,0.25,0.375765
64,406,308,3,40000,0.25,0.378165
64,406,309,2,40000,0.25,0.375835
64,406,310,3,40000,0.25,0.381192
64,406,311,2,40000,0.25,0.388734
64,406,312,1,40000,0.25,0.373667
64,406,313,1,40000,0.25,0.374611
64,406,314,2,40000,0.25,0.372301
64,406,315,2,40000,0.25,0.378065
64,406,316,1,40000,0.25,0.375215
64,406,317,1,40000,0.25,0.371377
64,406,318,1,40000,0.25,0.37288
64,406,319,1,40000,0.25,0.375414
64,406,320,0,40000,0.25,0.000917
64,406,321,2,40000,0.25,0.375874
64,406,322,3,40000,0.25,0.376304
64,406,323,2,40000,0.25,0.379034
64,406,324,2,40000,0.25,0.37921
64,406,325,2,40000,0.25,0.377349
64,406,326,1,40000,0.25,0.369546
64,406,327,3,40000,0.25,0.378774
64,406,328,2,40000,0.25,0.375845
64,406,329,3,40000,0.25,0.381248
64,406,330,2,40000,0.25,0.379451
64,406,331,2,40000,0.25,0.37518
64,406,332,1,40000,0.25,0.375773
64,406,333,2,40000,0.25,0.376821
64,406,334,2,40000,0.25,0.377475
64,406,335,1,40000,0.25,0.37441
64,406,336,2,40000,0.25,0.37878
64,406,337,3,40000,0.25,0.380781
64,406,338,3,40000,0.25,0.383529
64,406,339,3,40000,0.25,0.382355
64,406,340,1,40000,0.25,0.380195
64,406,341,2,40000,0.25,0.374617
64,406,342,2,40000,0.25,0.377506
64,406,343,3,40000,0.25,0.380123
64,406,344,2,40000,0.25,0.376703
64,406,345,3,40000,0.25,0.379068
64,406,346,2,40000,0.25,0.381499
64,406,347,2,40000,0.25,0.375369
64,406,348,1,40000,0.25,0.371654
64,406,349,2,40000,0.25,0.375798
64,406,350,3,40000,0.25,0.380124
64,406,351,2,40000,0.25,0.376785
64,406,352,2,40000,0.25,0.373262
64,406,353,4,40000,0.25,0.385204
64,406,354,2,40000,0.25,0.379229
64,406,355,2,40000,0.25,0.375856
64,406,356,3,40000,0.25,0.38241
64,406,357,2,40000,0.25,0.372345
64,406,358,3,40000,0.25,0.379173
64,406,359,2,40000,0.25,0.380235
64,406,360,2,40000,0.25,0.379231
64,406,361,2,40000,0.25,0.37919
64,406,362,2,40000,0.25,0.377118
64,406,363,2,40000,0.25,0.373174
64,406,364,3,40000,0.25,0.384739
64,406,365,2,40000,0.25,0.375014
64,406,366,1,40000,0.25,0.372814
64,406,367,2,40000,0.25,0.375452
64,406,368,3,40000,0.25,0.392464
64,406,369,2,40000,0.25,0.375778
64,406,370,2,40000,0.25,0.379859
64,406,371,3,40000,0.25,0.383424
64,406,372,3,40000,0.25,0.379115
64,406,373,3,40000,0.25,0.378887
64,406,374,3,40000,0.25,0.379754
64,406,375,3,40000,0.25,0.378546
64,406,376,3,40000,0.25,0.380064
64,406,377,1,40000,0.25,0.371895
64,406,378,3,40000,0.25,0.378834
64,406,379,1,40000,0.25,0.375563
64,406,380,3,40000,0.25,0.379656
64,406,381,3,40000,0.25,0.383657
64,406,382,2,40000,0.25,0.37741
64,406,383,2,40000,0.25,0.369441
64,406,384,1,40000,0.25,0.370066
64,406,385,2,40000,0.25,0.378117
64,406,386,2,40000,0.25,0.378274
64,406,387,2,40000,0.25,0.377351
64,406,388,3,40000,0.25,0.382664
64,406,389,2,40000,0.25,0.377046
64,406,390,3,40000,0.25,0.38145
64,406,391,2,40000,0.25,0.376076
64,406,392,2,40000,0.25,0.375821
64,406,393,1,40000,0.25,0.382356
64,406,394,3,40000,0.25,0.37956
64,406,395,2,40000,0.25,0.370047
64,406,396,2,40000,0.25,0.378655
64,406,397,2,40000,0.25,0.37404
64,406,398,3,40000,0.25,0.382198
64,406,399,2,40000,0.25,0.377131
64,406,400,3,40000,0.25,0.384961
64,419,1,3,40000,0.25,0.382292
64,419,2,2,40000,0.25,0.377529
64,419,3,3,40000,0.25,0.381441
64,419,4,3,40000,0.25,0.381391
64,419,5,2,40000,0.25,0.380552
64,419,6,3,40000,0.25,0.37782
64,419,7,3,40000,0.25,0.379486
64,419,8,3,40000,0.25,0.379784
64,419,9,4,40000,0.25,0.385221
64,419,10,3,40000,0.25,0.388492
64,419,11,4,40000,0.25,0.395769
64,419,12,3,40000,0.25,0.39388
64,419,13,4,40000,0.25,0.393753
64,419,14,3,40000,0.25,0.394605
64,419,15,3,40000,0.25,0.385609
64,419,16,3,40000,0.25,0.382542
64,419,17,4,40000,0.25,0.386194
64,419,18,5,40000,0.25,0.38963
64,419,19,3,40000,0.25,0.381701
64,419,20,2,40000,0.25,0.378018
64,419,21,4,40000,0.25,0.387039
64,419,22,3,40000,0.25,0.38116
64,419,23,4,40000,0.25,0.383745
64,419,24,4,40000,0.25,0.388236
64,419,25,3,40000,0.25,0.37639
64,419,26,2,40000,0.25,0.375135
64,419,27,4,40000,0.25,0.386968
64,419,28,4,40000,0.25,0.38474
64,419,29,2,40000,0.25,0.378758
64,419,30,3,40000,0.25,0.385046
64,419,31,3,40000,0.25,0.384822
64,419,32,1,40000,0.25,0.376277
64,419,33,4,40000,0.25,0.383083
64,419,34,4,40000,0.25,0.383634
64,419,35,3,40000,0.25,0.382801
64,419,36,1,40000,0.25,0.374994
64,419,37,4,40000,0.25,0.389134
64,419,38,4,40000,0.25,0.389582
64,419,39,3,40000,0.25,0.383797
64,419,40,4,40000,0.25,0.385788
64,419,41,4,40000,0.25,0.384192
64,419,42,3,40000,0.25,0.385715
64,419,43,3,40000,0.25,0.386193
64,419,44,3,40000,0.25,0.378223
64,419,45,3,40000,0.25,0.38151
64,419,46,4,40000,0.25,0.385321
64,419,47,4,40000,0.25,0.385874
64,419,48,4,40000,0.25,0.387146
64,419,49,3,40000,0.25,0.381294
64,419,50,3,40000,0.25,0.384928
64,419,51,4,40000,0.25,0.384218
64,419,52,5,40000,0.25,0.386359
64,419,53,3,40000,0.25,0.382256
64,419,54,4,40000,0.25,0.385035
64,419,55,3,40000,0.25,0.384383
64,419,56,3,40000,0.25,0.385096
64,419,57,3,40000,0.25,0.380928
64,419,58,3,40000,0.25,0.384372
64,419,59,2,40000,0.25,0.378369
64,419,60,3,40000,0.25,0.382327
64,419,61,4,40000,0.25,0.384805
64,419,62,4,40000,0.25,0.383029
64,419,63,3,40000,0.25,0.384247
64,419,64,3,40000,0.25,0.383204
64,419,65,3,40000,0.25,0.388423
64,419,66,3,40000,0.25,0.381721
64,419,67,2,40000,0.25,0.377299
64,419,68,4,40000,0.25,0.384955
64,419,69,4,40000,0.25,0.382712
64,419,70,3,40000,0.25,0.383923
64,419,71,4,40000,0.25,0.386497
64,419,72,3,40000,0.25,0.384119
64,419,73,4,40000,0.25,0.386084
64,419,74,4,40000,0.25,0.385945
64,419,75,3,40000,0.25,0.383254
64,419,76,3,40000,0.25,0.382322
64,419,77,3,40000,0.25,0.382598
64,419,78,2,40000,0.25,0.378791
64,419,79,4,40000,0.25,0.388004
64,419,80,3,40000,0.25,0.381471
64,419,81,4,40000,0.25,0.384573
64,419,82,2,40000,0.25,0.380064
64,419,83,3,40000,0.25,0.381671
64,419,84,3,40000,0.25,0.38022
64,419,85,3,40000,0.25,0.378406
64,419,86,3,40000,0.25,0.38091
64,419,87,2,40000,0.25,0.374923
64,419,88,3,40000,0.25,0.378761
64,419,89,3,40000,0.25,0.385743
64,419,90,4,40000,0.25,0.388175
64,419,91,3,40000,0.25,0.380214
64,419,92,4,40000,0.25,0.385535
64,419,93,4,40000,0.25,0.384939
64,419,94,3,40000,0.25,0.382548
64,419,95,3,40000,0.25,0.384079
64,419,96,3,40000,0.25,0.382512
64,419,97,2,40000,0.25,0.374343
64,419,98,3,40000,0.25,0.380542
64,419,99,4,40000,0.25,0.383838
64,419,100,4,40000,0.25,0.397983
64,419,101,2,40000,0.25,0.392233
64,419,102,2,40000,0.25,0.387538
64,419,103,3,40000,0.25,0.391066
64,419,104,5,40000,0.25,0.397339
64,419,105,3,40000,0.25,0.38989
64,419,106,3,40000,0.25,0.391029
64,419,107,3,40000,0.25,0.387895
64,419,108,3,40000,0.25,0.390701
64,419,109,3,40000,0.25,0.389195
64,419,110,4,40000,0.25,0.394325
64,419,111,3,40000,0.25,0.394031
64,419,112,3,40000,0.25,0.393456
64,419,113,1,40000,0.25,0.38151
64,419,114,3,40000,0.25,0.389521
64,419,115,4,40000,0.25,0.393394
64,419,116,4,40000,0.25,0.393853
64,419,117,4,40000,0.25,0.393047
64,419,118,3,40000,0.25,0.38837
64,419,119,3,40000,0.25,0.39379
64,419,120,2,40000,0.25,0.389486
64,419,121,2,40000,0.25,0.387816
64,419,122,2,40000,0.25,0.39144
64,419,123,2,40000,0.25,0.389407
64,419,124,4,40000,0.25,0.391775
64,419,125,3,40000,0.25,0.391798
64,419,126,4,40000,0.25,0.395972
64,419,127,3,40000,0.25,0.390595
64,419,128,4,40000,0.25,0.396443
64,419,129,4,40000,0.25,0.395475
64,419,130,1,40000,0.25,0.382173
64,419,131,3,40000,0.25,0.394886
64,419,132,4,40000,0.25,0.391351
64,419,133,3,40000,0.25,0.39172
64,419,134,3,40000,0.25,0.393385
64,419,135,2,40000,0.25,0.386692
64,419,136,1,40000,0.25,0.386913
64,419,137,2,40000,0.25,0.388795
64,419,138,4,40000,0.25,0.387042
64,419,139,4,40000,0.25,0.393991
64,419,140,3,40000,0.25,0.387658
64,419,141,4,40000,0.25,0.393337
64,419,142,2,40000,0.25,0.377798
64,419,143,4,40000,0.25,0.387046
64,419,144,3,40000,0.25,0.388717
64,419,145,4,40000,0.25,0.392338
64,419,146,4,40000,0.25,0.392118
64,419,147,3,40000,0.25,0.385474
64,419,148,4,40000,0.25,0.393949
64,419,149,2,40000,0.25,0.382395
64,419,150,2,40000,0.25,0.387339
64,419,151,4,40000,0.25,0.399816
64,419,152,4,40000,0.25,0.390458
64,419,153,3,40000,0.25,0.383394
64,419,154,3,40000,0.25,0.388335
64,419,155,2,40000,0.25,0.385536
64,419,156,3,40000,0.25,0.385288
64,419,157,3,40000,0.25,0.379619
64,419,158,3,40000,0.25,0.384058
64,419,159,3,40000,0.25,0.384403
64,419,160,3,40000,0.25,0.383097
64,419,161,3,40000,0.25,0.385996
64,419,162,3,40000,0.25,0.384203
64,419,163,2,40000,0.25,0.38022
64,419,164,2,40000,0.25,0.380065
64,419,165,4,40000,0.25,0.385062
64,419,166,2,40000,0.25,0.379325
64,419,167,2,40000,0.25,0.376063
64,419,168,4,40000,0.25,0.382801
64,419,169,3,40000,0.25,0.379944
64,419,170,4,40000,0.25,0.384679
64,419,171,2,40000,0.25,0.379315
64,419,172,2,40000,0.25,0.379787
64,419,173,4,40000,0.25,0.383997
64,419,174,4,40000,0.25,0.390708
64,419,175,3,40000,0.25,0.382426
64,419,176,4,40000,0.25,0.387279
64,419,177,3,40000,0.25,0.383345
64,419,178,4,40000,0.25,0.386864
64,419,179,2,40000,0.25,0.378056
64,419,180,2,40000,0.25,0.379962
64,419,181,3,40000,0.25,0.380499
64,419,182,3,40000,0.25,0.381732
64,419,183,3,40000,0.25,0.383943
64,419,184,4,40000,0.25,0.389028
64,419,185,2,40000,0.25,0.376049
64,419,186,2,40000,0.25,0.378462
64,419,187,3,40000,0.25,0.385036
64,419,188,3,40000,0.25,0.381145
64,419,189,3,40000,0.25,0.384313
64,419,190,3,40000,0.25,0.379232
64,419,191,3,40000,0.25,0.386563
64,419,192,4,40000,0.25,0.380943
64,419,193,3,40000,0.25,0.385748
64,419,194,3,40000,0.25,0.383163
64,419,195,4,40000,0.25,0.385101
64,419,196,2,40000,0.25,0.377432
64,419,197,3,40000,0.25,0.380438
64,419,198,1,40000,0.25,0.372919
64,419,199,2,40000,0.25,0.374242
64,419,200,3,40000,0.25,0.383801
64,419,201,4,40000,0.25,0.385078
64,419,202,3,40000,0.25,0.382564
64,419,203,3,40000,0.25,0.381111
64,419,204,0,40000,0.25,0.001642
64,419,205,4,40000,0.25,0.385694
64,419,206,2,40000,0.25,0.374554
64,419,207,4,40000,0.25,0.385589
64,419,208,4,40000,0.25,0.386949
64,419,209,4,40000,0.25,0.384542
64,419,210,4,40000,0.25,0.382495
64,419,211,4,40000,0.25,0.387058
64,419,212,3,40000,0.25,0.379957
64,419,213,3,40000,0.25,0.382236
64,419,214,3,40000,0.25,0.380875
64,419,215,3,40000,0.25,0.381531
64,419,216,2,40000,0.25,0.375658
64,419,217,3,40000,0.25,0.380115
64,419,218,2,40000,0.25,0.372496
64,419,219,3,40000,0.25,0.379709
64,419,220,3,40000,0.25,0.382168
64,419,221,3,40000,0.25,0.383901
64,419,222,2,40000,0.25,0.375118
64,419,223,4,40000,0.25,0.38449
64,419,224,3,40000,0.25,0.385053
64,419,225,2,40000,0.25,0.378232
64,419,226,3,40000,0.25,0.381346
64,419,227,3,40000,0.25,0.383569
64,419,228,2,40000,0.25,0.375925
64,419,229,2,40000,0.25,0.379313
64,419,230,3,40000,0.25,0.382161
64,419,231,3,40000,0.25,0.378771
64,419,232,3,40000,0.25,0.380326
64,419,233,4,40000,0.25,0.388674
64,419,234,3,40000,0.25,0.381697
64,419,235,3,40000,0.25,0.382634
64,419,236,3,40000,0.25,0.382689
64,419,237,2,40000,0.25,0.368238
64,419,238,2,40000,0.25,0.37368
64,419,239,3,40000,0.25,0.385736
64,419,240,3,40000,0.25,0.383496
64,419,241,4,40000,0.25,0.386038
64,419,242,2,40000,0.25,0.375277
64,419,243,4,40000,0.25,0.384948
64,419,244,3,40000,0.25,0.383432
64,419,245,2,40000,0.25,0.379596
64,419,246,3,40000,0.25,0.383325
64,419,247,3,40000,0.25,0.378831
64,419,248,3,40000,0.25,0.381376
64,419,249,2,40000,0.25,0.381771
64,419,250,3,40000,0.25,0.38459
64,419,251,2,40000,0.25,0.375775
64,419,252,3,40000,0.25,0.38392
64,419,253,2,40000,0.25,0.379806
64,419,254,4,40000,0.25,0.3882
64,419,255,4,40000,0.25,0.386974
64,419,256,3,40000,0.25,0.374781
64,419,257,3,40000,0.25,0.383851
64,419,258,3,40000,0.25,0.382065
64,419,259,2,40000,0.25,0.375864
64,419,260,4,40000,0.25,0.384801
64,419,261,2,40000,0.25,0.382111
64,419,262,3,40000,0.25,0.382451
64,419,263,3,40000,0.25,0.385609
64,419,264,3,40000,0.25,0.38366
64,419,265,3,40000,0.25,0.385385
64,419,266,3,40000,0.25,0.379472
64,419,267,3,40000,0.25,0.381176
64,419,268,2,40000,0.25,0.379213
64,419,269,4,40000,0.25,0.385903
64,419,270,3,40000,0.25,0.383833
64,419,271,3,40000,0.25,0.378332
64,419,272,4,40000,0.25,0.383147
64,419,273,4,40000,0.25,0.38294
64,419,274,3,40000,0.25,0.382875
64,419,275,2,40000,0.25,0.37
64,419,276,4,40000,0.25,0.384826
64,419,277,2,40000,0.25,0.375212
64,419,278,3,40000,0.25,0.379443
64,419,279,3,40000,0.25,0.381476
64,419,280,3,40000,0.25,0.381538
64,419,281,2,40000,0.25,0.374876
64,419,282,3,40000,0.25,0.387633
64,419,283,3,40000,0.25,0.388316
64,419,284,5,40000,0.25,0.385942
64,419,285,1,40000,0.25,0.374555
64,419,286,3,40000,0.25,0.382319
64,419,287,3,40000,0.25,0.380353
64,419,288,3,40000,0.25,0.383054
64,419,289,3,40000,0.25,0.383726
64,419,290,4,40000,0.25,0.38632
64,419,291,4,40000,0.25,0.384067
64,419,292,3,40000,0.25,0.38135
64,419,293,4,40000,0.25,0.386413
64,419,294,3,40000,0.25,0.384072
64,419,295,4,40000,0.25,0.383787
64,419,296,4,40000,0.25,0.386763
64,419,297,2,40000,0.25,0.38107
64,419,298,3,40000,0.25,0.382771
64,419,299,4,40000,0.25,0.379722
64,419,300,4,40000,0.25,0.386432
64,419,301,2,40000,0.25,0.380524
64,419,302,1,40000,0.25,0.369797
64,419,303,4,40000,0.25,0.386381
64,419,304,4,40000,0.25,0.388354
64,419,305,3,40000,0.25,0.382664
64,419,306,4,40000,0.25,0.383658
64,419,307,3,40000,0.25,0.378262
64,419,308,3,40000,0.25,0.380698
64,419,309,4,40000,0.25,0.38803
64,419,310,3,40000,0.25,0.379803
64,419,311,4,40000,0.25,0.383879
64,419,312,4,40000,0.25,0.385154
64,419,313,2,40000,0.25,0.381071
64,419,314,2,40000,0.25,0.381055
64,419,315,2,40000,0.25,0.377523
64,419,316,2,40000,0.25,0.37278
64,419,317,2,40000,0.25,0.376748
64,419,318,3,40000,0.25,0.38068
64,419,319,3,40000,0.25,0.383789
64,419,320,5,40000,0.25,0.38813
64,419,321,5,40000,0.25,0.386178
64,419,322,3,40000,0.25,0.380574
64,419,323,4,40000,0.25,0.383994
64,419,324,2,40000,0.25,0.376367
64,419,325,3,40000,0.25,0.379593
64,419,326,5,40000,0.25,0.391431
64,419,327,1,40000,0.25,0.36597
64,419,328,3,40000,0.25,0.383489
64,419,329,4,40000,0.25,0.381817
64,419,330,4,40000,0.25,0.383882
64,419,331,3,40000,0.25,0.383165
64,419,332,2,40000,0.25,0.377499
64,419,333,3,40000,0.25,0.38219
64,419,334,3,40000,0.25,0.380513
64,419,335,3,40000,0.25,0.381027
64,419,336,4,40000,0.25,0.385591
64,419,337,4,40000,0.25,0.382019
64,419,338,2,40000,0.25,0.378996
64,419,339,3,40000,0.25,0.380789
64,419,340,2,40000,0.25,0.373517
64,419,341,4,40000,0.25,0.387603
64,419,342,3,40000,0.25,0.383039
64,419,343,3,40000,0.25,0.381422
64,419,344,3,40000,0.25,0.381284
64,419,345,2,40000,0.25,0.37543
64,419,346,3,40000,0.25,0.381587
64,419,347,3,40000,0.25,0.385065
64,419,348,2,40000,0.25,0.379043
64,419,349,3,40000,0.25,0.380324
64,419,350,3,40000,0.25,0.386174
64,419,351,3,40000,0.25,0.382517
64,419,352,4,40000,0.25,0.386069
64,419,353,3,40000,0.25,0.38373
64,419,354,2,40000,0.25,0.378928
64,419,355,2,40000,0.25,0.378746
64,419,356,3,40000,0.25,0.383586
64,419,357,2,40000,0.25,0.377936
64,419,358,3,40000,0.25,0.390461
64,419,359,3,40000,0.25,0.382565
64,419,360,3,40000,0.25,0.390733
64,419,361,4,40000,0.25,0.385992
64,419,362,5,40000,0.25,0.38923
64,419,363,4,40000,0.25,0.38638
64,419,364,2,40000,0.25,0.373736
64,419,365,4,40000,0.25,0.385045
64,419,366,1,40000,0.25,0.37457
64,419,367,3,40000,0.25,0.382033
64,419,368,3,40000,0.25,0.384204
64,419,369,3,40000,0.25,0.3814
64,419,370,1,40000,0.25,0.374023
64,419,371,3,40000,0.25,0.378364
64,419,372,4,40000,0.25,0.385182
64,419,373,2,40000,0.25,0.380336
64,419,374,3,40000,0.25,0.38392
64,419,375,4,40000,0.25,0.382901
64,419,376,3,40000,0.25,0.382815
64,419,377,4,40000,0.25,0.384418
64,419,378,4,40000,0.25,0.383227
64,419,379,3,40000,0.25,0.377226
64,419,380,3,40000,0.25,0.383304
64,419,381,3,40000,0.25,0.380988
64,419,382,2,40000,0.25,0.380579
64,419,383,3,40000,0.25,0.378262
64,419,384,3,40000,0.25,0.378902
64,419,385,2,40000,0.25,0.383987
64,419,386,3,40000,0.25,0.382637
64,419,387,4,40000,0.25,0.387554
64,419,388,4,40000,0.25,0.384163
64,419,389,3,40000,0.25,0.382071
64,419,390,4,40000,0.25,0.386607
64,419,391,3,40000,0.25,0.37956
64,419,392,4,40000,0.25,0.380828
64,419,393,2,40000,0.25,0.3764
64,419,394,2,40000,0.25,0.379227
64,419,395,3,40000,0.25,0.379739
64,419,396,4,40000,0.25,0.384659
64,419,397,1,40000,0.25,0.362085
64,419,398,3,40000,0.25,0.380993
64,419,399,2,40000,0.25,0.374594
64,419,400,3,40000,0.25,0.380622
64,432,1,4,40000,0.25,0.384855
64,432,2,3,40000,0.25,0.381998
64,432,3,4,40000,0.25,0.384708
64,432,4,3,40000,0.25,0.383201
64,432,5,4,40000,0.25,0.388244
64,432,6,4,40000,0.25,0.384729
64,432,7,4,40000,0.25,0.389468
64,432,8,5,40000,0.25,0.386815
64,432,9,4,40000,0.25,0.386208
64,432,10,5,40000,0.25,0.398609
64,432,11,4,40000,0.25,0.39482
64,432,12,4,40000,0.25,0.397122
64,432,13,4,40000,0.25,0.395267
64,432,14,5,40000,0.25,0.398523
64,432,15,4,40000,0.25,0.391668
64,432,16,4,40000,0.25,0.385437
64,432,17,5,40000,0.25,0.389422
64,432,18,4,40000,0.25,0.390799
64,432,19,4,40000,0.25,0.387579
64,432,20,5,40000,0.25,0.387875
64,432,21,4,40000,0.25,0.385746
64,432,22,5,40000,0.25,0.390768
64,432,23,5,40000,0.25,0.389316
64,432,24,3,40000,0.25,0.382519
64,432,25,3,40000,0.25,0.379824
64,432,26,5,40000,0.25,0.391172
64,432,27,4,40000,0.25,0.383484
64,432,28,5,40000,0.25,0.383618
64,432,29,4,40000,0.25,0.38332
64,432,30,4,40000,0.25,0.387701
64,432,31,3,40000,0.25,0.37874
64,432,32,4,40000,0.25,0.384907
64,432,33,5,40000,0.25,0.389776
64,432,34,4,40000,0.25,0.387092
64,432,35,2,40000,0.25,0.379041
64,432,36,3,40000,0.25,0.38607
64,432,37,4,40000,0.25,0.38364
64,432,38,4,40000,0.25,0.385513
64,432,39,4,40000,0.25,0.38408
64,432,40,3,40000,0.25,0.382092
64,432,41,5,40000,0.25,0.390158
64,432,42,3,40000,0.25,0.384885
64,432,43,4,40000,0.25,0.387676
64,432,44,5,40000,0.25,0.39179
64,432,45,4,40000,0.25,0.385483
64,432,46,4,40000,0.25,0.387994
64,432,47,5,40000,0.25,0.389058
64,432,48,4,40000,0.25,0.386877
64,432,49,3,40000,0.25,0.377772
64,432,50,5,40000,0.25,0.38743
64,432,51,4,40000,0.25,0.383015
64,432,52,4,40000,0.25,0.38501
64,432,53,4,40000,0.25,0.381388
64,432,54,6,40000,0.25,0.390604
64,432,55,3,40000,0.25,0.373567
64,432,56,3,40000,0.25,0.379843
64,432,57,3,40000,0.25,0.381956
64,432,58,5,40000,0.25,0.390224
64,432,59,5,40000,0.25,0.396169
64,432,60,5,40000,0.25,0.387625
64,432,61,4,40000,0.25,0.385624
64,432,62,4,40000,0.25,0.386923
64,432,63,3,40000,0.25,0.38549
64,432,64,4,40000,0.25,0.385008
64,432,65,5,40000,0.25,0.388735
64,432,66,5,40000,0.25,0.385708
64,432,67,5,40000,0.25,0.387453
64,432,68,4,40000,0.25,0.38005
64,432,69,4,40000,0.25,0.38779
64,432,70,5,40000,0.25,0.391794
64,432,71,3,40000,0.25,0.379193
64,432,72,4,40000,0.25,0.381662
64,432,73,4,40000,0.25,0.384691
64,432,74,4,40000,0.25,0.386566
64,432,75,4,40000,0.25,0.385404
64,432,76,4,40000,0.25,0.381998
64,432,77,4,40000,0.25,0.386856
64,432,78,4,40000,0.25,0.386431
64,432,79,5,40000,0.25,0.386954
64,432,80,4,40000,0.25,0.38766
64,432,81,4,40000,0.25,0.382285
64,432,82,4,40000,0.25,0.386512
64,432,83,5,40000,0.25,0.385119
64,432,84,4,40000,0.25,0.385815
64,432,85,5,40000,0.25,0.389178
64,432,86,4,40000,0.25,0.384872
64,432,87,5,40000,0.25,0.388271
64,432,88,3,40000,0.25,0.385154
64,432,89,4,40000,0.25,0.38872
64,432,90,5,40000,0.25,0.388083
64,432,91,4,40000,0.25,0.385292
64,432,92,3,40000,0.25,0.381801
64,432,93,4,40000,0.25,0.385728
64,432,94,2,40000,0.25,0.371809
64,432,95,3,40000,0.25,0.384335
64,432,96,5,40000,0.25,0.386707
64,432,97,4,40000,0.25,0.387026
64,432,98,4,40000,0.25,0.386415
64,432,99,4,40000,0.25,0.387609
64,432,100,4,40000,0.25,0.395862
64,432,101,4,40000,0.25,0.39399
64,432,102,4,40000,0.25,0.392173
64,432,103,4,40000,0.25,0.395019
64,432,104,4,40000,0.25,0.394149
64,432,105,5,40000,0.25,0.396393
64,432,106,5,40000,0.25,0.397872
64,432,107,4,40000,0.25,0.397519
64,432,108,4,40000,0.25,0.392914
64,432,109,4,40000,0.25,0.391117
64,432,110,4,40000,0.25,0.392838
64,432,111,5,40000,0.25,0.396238
64,432,112,3,40000,0.25,0.393617
64,432,113,4,40000,0.25,0.392722
64,432,114,4,40000,0.25,0.394489
64,432,115,4,40000,0.25,0.393916
64,432,116,4,40000,0.25,0.394222
64,432,117,4,40000,0.25,0.39257
64,432,118,4,40000,0.25,0.394387
64,432,119,4,40000,0.25,0.392084
64,432,120,5,40000,0.25,0.396127
64,432,121,5,40000,0.25,0.400201
64,432,122,5,40000,0.25,0.398677
64,432,123,3,40000,0.25,0.390114
64,432,124,2,40000,0.25,0.379901
64,432,125,5,40000,0.25,0.399339
64,432,126,3,40000,0.25,0.396851
64,432,127,5,40000,0.25,0.396001
64,432,128,4,40000,0.25,0.395326
64,432,129,5,40000,0.25,0.40014
64,432,130,4,40000,0.25,0.397074
64,432,131,4,40000,0.25,0.386198
64,432,132,4,40000,0.25,0.396968
64,432,133,5,40000,0.25,0.400065
64,432,134,2,40000,0.25,0.388148
64,432,135,5,40000,0.25,0.398955
64,432,136,4,40000,0.25,0.392935
64,432,137,5,40000,0.25,0.39487
64,432,138,5,40000,0.25,0.395715
64,432,139,5,40000,0.25,0.402497
64,432,140,4,40000,0.25,0.395218
64,432,141,4,40000,0.25,0.395789
64,432,142,4,40000,0.25,0.401268
64,432,143,4,40000,0.25,0.395818
64,432,144,4,40000,0.25,0.390729
64,432,145,5,40000,0.25,0.394032
64,432,146,5,40000,0.25,0.393623
64,432,147,4,40000,0.25,0.398778
64,432,148,4,40000,0.25,0.396319
64,432,149,5,40000,0.25,0.395054
64,432,150,2,40000,0.25,0.386963
64,432,151,4,40000,0.25,0.393131
64,432,152,2,40000,0.25,0.375192
64,432,153,5,40000,0.25,0.389929
64,432,154,4,40000,0.25,0.389011
64,432,155,5,40000,0.25,0.394231
64,432,156,4,40000,0.25,0.386845
64,432,157,4,40000,0.25,0.3921
64,432,158,4,40000,0.25,0.38863
64,432,159,4,40000,0.25,0.385644
64,432,160,3,40000,0.25,0.383535
64,432,161,4,40000,0.25,0.389473
64,432,162,4,40000,0.25,0.386657
64,432,163,5,40000,0.25,0.387174
64,432,164,4,40000,0.25,0.388709
64,432,165,3,40000,0.25,0.381808
64,432,166,4,40000,0.25,0.386452
64,432,167,4,40000,0.25,0.388129
64,432,168,4,40000,0.25,0.387036
64,432,169,5,40000,0.25,0.392372
64,432,170,3,40000,0.25,0.38899
64,432,171,3,40000,0.25,0.389737
64,432,172,5,40000,0.25,0.387177
64,432,173,4,40000,0.25,0.388293
64,432,174,4,40000,0.25,0.382672
64,432,175,3,40000,0.25,0.388648
64,432,176,4,40000,0.25,0.380481
64,432,177,5,40000,0.25,0.390836
64,432,178,5,40000,0.25,0.395084
64,432,179,3,40000,0.25,0.381988
64,432,180,3,40000,0.25,0.388241
64,432,181,3,40000,0.25,0.378097
64,432,182,3,40000,0.25,0.382631
64,432,183,3,40000,0.25,0.382399
64,432,184,4,40000,0.25,0.385738
64,432,185,5,40000,0.25,0.392126
64,432,186,4,40000,0.25,0.387354
64,432,187,5,40000,0.25,0.389042
64,432,188,5,40000,0.25,0.389597
64,432,189,4,40000,0.25,0.390669
64,432,190,3,40000,0.25,0.383803
64,432,191,5,40000,0.25,0.387878
64,432,192,5,40000,0.25,0.390385
64,432,193,5,40000,0.25,0.390728
64,432,194,5,40000,0.25,0.387797
64,432,195,4,40000,0.25,0.387217
64,432,196,3,40000,0.25,0.384659
64,432,197,4,40000,0.25,0.388207
64,432,198,4,40000,0.25,0.38461
64,432,199,3,40000,0.25,0.381899
64,432,200,4,40000,0.25,0.385574
64,432,201,4,40000,0.25,0.384356
64,432,202,4,40000,0.25,0.390577
64,432,203,3,40000,0.25,0.381428
64,432,204,4,40000,0.25,0.386823
64,432,205,4,40000,0.25,0.385225
64,432,206,3,40000,0.25,0.384125
64,432,207,5,40000,0.25,0.38741
64,432,208,4,40000,0.25,0.386658
64,432,209,4,40000,0.25,0.386965
64,432,210,4,40000,0.25,0.38694
64,432,211,3,40000,0.25,0.380584
64,432,212,4,40000,0.25,0.387179
64,432,213,4,40000,0.25,0.387734
64,432,214,3,40000,0.25,0.376865
64,432,215,4,40000,0.25,0.383755
64,432,216,4,40000,0.25,0.384063
64,432,217,3,40000,0.25,0.383192
64,432,218,5,40000,0.25,0.389957
64,432,219,5,40000,0.25,0.386704
64,432,220,4,40000,0.25,0.384543
64,432,221,3,40000,0.25,0.382365
64,432,222,4,40000,0.25,0.381776
64,432,223,3,40000,0.25,0.380432
64,432,224,5,40000,0.25,0.388943
64,432,225,4,40000,0.25,0.388815
64,432,226,4,40000,0.25,0.386059
64,432,227,4,40000,0.25,0.386303
64,432,228,4,40000,0.25,0.384035
64,432,229,5,40000,0.25,0.389685
64,432,230,4,40000,0.25,0.382947
64,432,231,4,40000,0.25,0.385198
64,432,232,5,40000,0.25,0.391463
64,432,233,5,40000,0.25,0.389625
64,432,234,4,40000,0.25,0.38551
64,432,235,5,40000,0.25,0.387457
64,432,236,4,40000,0.25,0.38738
64,432,237,3,40000,0.25,0.383177
64,432,238,5,40000,0.25,0.389774
64,432,239,4,40000,0.25,0.387496
64,432,240,4,40000,0.25,0.391602
64,432,241,4,40000,0.25,0.385556
64,432,242,4,40000,0.25,0.386114
64,432,243,4,40000,0.25,0.386332
64,432,244,4,40000,0.25,0.389546
64,432,245,4,40000,0.25,0.378673
64,432,246,4,40000,0.25,0.385437
64,432,247,4,40000,0.25,0.386097
64,432,248,5,40000,0.25,0.390213
64,432,249,2,40000,0.25,0.379712
64,432,250,5,40000,0.25,0.387317
64,432,251,3,40000,0.25,0.38253
64,432,252,4,40000,0.25,0.385707
64,432,253,3,40000,0.25,0.381312
64,432,254,5,40000,0.25,0.389779
64,432,255,4,40000,0.25,0.386264
64,432,256,4,40000,0.25,0.387099
64,432,257,3,40000,0.25,0.380937
64,432,258,4,40000,0.25,0.385167
64,432,259,3,40000,0.25,0.380803
64,432,260,5,40000,0.25,0.390449
64,432,261,6,40000,0.25,0.391005
64,432,262,4,40000,0.25,0.382125
64,432,263,5,40000,0.25,0.388876
64,432,264,5,40000,0.25,0.386807
64,432,265,3,40000,0.25,0.382349
64,432,266,6,40000,0.25,0.391286
64,432,267,5,40000,0.25,0.390984
64,432,268,3,40000,0.25,0.384735
64,432,269,4,40000,0.25,0.389204
64,432,270,4,40000,0.25,0.382716
64,432,271,4,40000,0.25,0.383532
64,432,272,3,40000,0.25,0.380937
64,432,273,2,40000,0.25,0.37511
64,432,274,4,40000,0.25,0.38782
64,432,275,4,40000,0.25,0.385311
64,432,276,3,40000,0.25,0.375028
64,432,277,5,40000,0.25,0.389837
64,432,278,4,40000,0.25,0.3799
64,432,279,3,40000,0.25,0.37601
64,432,280,4,40000,0.25,0.381745
64,432,281,4,40000,0.25,0.399013
64,432,282,4,40000,0.25,0.387648
64,432,283,5,40000,0.25,0.3905
64,432,284,4,40000,0.25,0.388979
64,432,285,4,40000,0.25,0.388738
64,432,286,5,40000,0.25,0.387532
64,432,287,4,40000,0.25,0.388885
64,432,288,4,40000,0.25,0.385982
64,432,289,4,40000,0.25,0.386089
64,432,290,5,40000,0.25,0.391138
64,432,291,3,40000,0.25,0.386921
64,432,292,4,40000,0.25,0.386131
64,432,293,4,40000,0.25,0.38423
64,432,294,3,40000,0.25,0.384912
64,432,295,4,40000,0.25,0.383862
64,432,296,3,40000,0.25,0.381219
64,432,297,5,40000,0.25,0.387945
64,432,298,3,40000,0.25,0.380165
64,432,299,5,40000,0.25,0.388408
64,432,300,5,40000,0.25,0.387129
64,432,301,3,40000,0.25,0.383407
64,432,302,5,40000,0.25,0.388038
64,432,303,4,40000,0.25,0.384581
64,432,304,3,40000,0.25,0.378687
64,432,305,2,40000,0.25,0.375658
64,432,306,4,40000,0.25,0.386355
64,432,307,3,40000,0.25,0.383833
64,432,308,5,40000,0.25,0.389052
64,432,309,6,40000,0.25,0.393921
64,432,310,4,40000,0.25,0.386967
64,432,311,5,40000,0.25,0.388065
64,432,312,4,40000,0.25,0.386589
64,432,313,2,40000,0.25,0.378583
64,432,314,3,40000,0.25,0.384712
64,432,315,5,40000,0.25,0.388872
64,432,316,2,40000,0.25,0.37699
64,432,317,5,40000,0.25,0.38889
64,432,318,4,40000,0.25,0.384995
64,432,319,3,40000,0.25,0.382026
64,432,320,4,40000,0.25,0.387532
64,432,321,4,40000,0.25,0.380378
64,432,322,4,40000,0.25,0.38474
64,432,323,4,40000,0.25,0.384179
64,432,324,5,40000,0.25,0.388673
64,432,325,4,40000,0.25,0.389712
64,432,326,5,40000,0.25,0.38743
64,432,327,3,40000,0.25,0.382987
64,432,328,3,40000,0.25,0.383132
64,432,329,5,40000,0.25,0.385775
64,432,330,2,40000,0.25,0.369305
64,432,331,5,40000,0.25,0.390653
64,432,332,4,40000,0.25,0.386446
64,432,333,4,40000,0.25,0.386838
64,432,334,3,40000,0.25,0.380989
64,432,335,2,40000,0.25,0.380019
64,432,336,5,40000,0.25,0.389696
64,432,337,4,40000,0.25,0.386883
64,432,338,4,40000,0.25,0.386474
64,432,339,4,40000,0.25,0.386509
64,432,340,5,40000,0.25,0.386728
64,432,341,6,40000,0.25,0.388672
64,432,342,4,40000,0.25,0.387985
64,432,343,4,40000,0.25,0.382159
64,432,344,4,40000,0.25,0.385793
64,432,345,4,40000,0.25,0.383218
64,432,346,4,40000,0.25,0.388415
64,432,347,3,40000,0.25,0.376135
64,432,348,4,40000,0.25,0.3874
64,432,349,6,40000,0.25,0.392911
64,432,350,4,40000,0.25,0.383174
64,432,351,4,40000,0.25,0.387372
64,432,352,3,40000,0.25,0.383051
64,432,353,4,40000,0.25,0.38803
64,432,354,5,40000,0.25,0.394015
64,432,355,4,40000,0.25,0.386582
64,432,356,3,40000,0.25,0.383085
64,432,357,5,40000,0.25,0.391474
64,432,358,4,40000,0.25,0.386374
64,432,359,4,40000,0.25,0.386444
64,432,360,4,40000,0.25,0.391623
64,432,361,4,40000,0.25,0.38421
64,432,362,5,40000,0.25,0.38883
64,432,363,4,40000,0.25,0.386659
64,432,364,4,40000,0.25,0.388376
64,432,365,4,40000,0.25,0.384487
64,432,366,4,40000,0.25,0.383767
64,432,367,4,40000,0.25,0.386419
64,432,368,4,40000,0.25,0.385422
64,432,369,4,40000,0.25,0.385089
64,432,370,4,40000,0.25,0.387199
64,432,371,4,40000,0.25,0.3899
64,432,372,4,40000,0.25,0.38917
64,432,373,4,40000,0.25,0.38511
64,432,374,5,40000,0.25,0.390103
64,432,375,5,40000,0.25,0.390758
64,432,376,3,40000,0.25,0.378767
64,432,377,5,40000,0.25,0.390286
64,432,378,6,40000,0.25,0.390521
64,432,379,4,40000,0.25,0.387584
64,432,380,5,40000,0.25,0.389781
64,432,381,5,40000,0.25,0.386979
64,432,382,1,40000,0.25,0.376885
64,432,383,5,40000,0.25,0.389369
64,432,384,4,40000,0.25,0.386344
64,432,385,4,40000,0.25,0.384664
64,432,386,5,40000,0.25,0.390977
64,432,387,3,40000,0.25,0.376546
64,432,388,3,40000,0.25,0.381833
64,432,389,3,40000,0.25,0.380392
64,432,390,4,40000,0.25,0.385112
64,432,391,3,40000,0.25,0.381996
64,432,392,3,40000,0.25,0.381362
64,432,393,5,40000,0.25,0.39909
64,432,394,4,40000,0.25,0.379595
64,432,395,4,40000,0.25,0.38681
64,432,396,4,40000,0.25,0.386139
64,432,397,3,40000,0.25,0.379233
64,432,398,4,40000,0.25,0.384129
64,432,399,5,40000,0.25,0.391311
64,432,400,3,40000,0.25,0.381093
128,634,1,0,80000,0.25,0.000825
128,634,2,0,80000,0.25,0.001389
128,634,3,0,80000,0.25,0.00199
128,634,4,0,80000,0.25,0.001682
128,634,5,0,80000,0.25,0.001152
128,634,6,0,80000,0.25,0.001789
128,634,7,0,80000,0.25,0.001517
128,634,8,0,80000,0.25,0.001514
128,634,9,0,80000,0.25,0.001528
128,634,10,0,80000,0.25,0.002172
128,634,11,0,80000,0.25,0.001149
128,634,12,0,80000,0.25,0.001691
128,634,13,0,80000,0.25,0.002486
128,634,14,0,80000,0.25,0.001475
128,634,15,0,80000,0.25,0.001938
128,634,16,0,80000,0.25,0.00107
128,634,17,0,80000,0.25,0.001809
128,634,18,0,80000,0.25,0.002007
128,634,19,0,80000,0.25,0.001309
128,634,20,0,80000,0.25,0.003027
128,634,21,0,80000,0.25,0.001355
128,634,22,0,80000,0.25,0.001313
128,634,23,0,80000,0.25,0.001795
128,634,24,0,80000,0.25,0.001854
128,634,25,0,80000,0.25,0.001419
128,634,26,0,80000,0.25,0.001653
128,634,27,0,80000,0.25,0.001552
128,634,28,0,80000,0.25,0.002413
128,634,29,0,80000,0.25,0.001641
128,634,30,0,80000,0.25,0.000509
128,634,31,0,80000,0.25,0.002321
128,634,32,0,80000,0.25,0.001295
128,634,33,0,80000,0.25,0.001586
128,634,34,0,80000,0.25,0.0013
128,634,35,0,80000,0.25,0.001308
128,634,36,0,80000,0.25,0.001598
128,634,37,0,80000,0.25,0.002865
128,634,38,0,80000,0.25,0.00143
128,634,39,0,80000,0.25,0.001675
128,634,40,0,80000,0.25,0.001123
128,634,41,0,80000,0.25,0.001319
128,634,42,0,80000,0.25,0.001976
128,634,43,0,80000,0.25,0.001319
128,634,44,0,80000,0.25,0.00182
128,634,45,0,80000,0.25,0.001418
128,634,46,0,80000,0.25,0.001302
128,634,47,0,80000,0.25,0.001574
128,634,48,0,80000,0.25,0.002168
128,634,49,0,80000,0.25,0.002734
128,634,50,0,80000,0.25,0.00213
128,634,51,0,80000,0.25,0.001522
128,634,52,0,80000,0.25,0.001296
128,634,53,0,80000,0.25,0.002038
128,634,54,0,80000,0.25,0.001674
128,634,55,0,80000,0.25,0.001194
128,634,56,0,80000,0.25,0.001687
128,634,57,0,80000,0.25,0.000993
128,634,58,0,80000,0.25,0.00229
128,634,59,0,80000,0.25,0.00221
128,634,60,0,80000,0.25,0.001737
128,634,61,0,80000,0.25,0.001034
128,634,62,0,80000,0.25,0.00185
128,634,63,0,80000,0.25,0.001035
128,634,64,0,80000,0.25,0.001745
128,634,65,0,80000,0.25,0.001658
128,634,66,0,80000,0.25,0.004373
128,634,67,0,80000,0.25,0.001744
128,634,68,0,80000,0.25,0.001651
128,634,69,0,80000,0.25,0.001355
128,634,70,0,80000,0.25,0.001489
128,634,71,0,80000,0.25,0.001943
128,634,72,0,80000,0.25,0.001805
128,634,73,0,80000,0.25,0.001964
128,634,74,0,80000,0.25,0.001603
128,634,75,0,80000,0.25,0.002065
128,634,76,0,80000,0.25,0.001586
128,634,77,0,80000,0.25,0.001446
128,634,78,0,80000,0.25,0.001058
128,634,79,0,80000,0.25,0.00236
128,634,80,0,80000,0.25,0.001613
128,634,81,0,80000,0.25,0.001322
128,634,82,0,80000,0.25,0.002068
128,634,83,0,80000,0.25,0.001077
128,634,84,0,80000,0.25,0.001864
128,634,85,0,80000,0.25,0.00129
128,634,86,0,80000,0.25,0.001381
128,634,87,0,80000,0.25,0.001497
128,634,88,0,80000,0.25,0.001454
128,634,89,0,80000,0.25,0.001668
128,634,90,0,80000,0.25,0.002048
128,634,91,0,80000,0.25,0.002486
128,634,92,0,80000,0.25,0.002542
128,634,93,0,80000,0.25,0.001222
128,634,94,0,80000,0.25,0.002792
128,634,95,0,80000,0.25,0.001523
128,634,96,0,80000,0.25,0.001953
128,634,97,0,80000,0.25,0.002006
128,634,98,0,80000,0.25,0.001434
128,634,99,0,80000,0.25,0.001195
128,634,100,0,80000,0.25,0.001699
128,634,101,0,80000,0.25,0.003096
128,634,102,0,80000,0.25,0.001746
128,634,103,0,80000,0.25,0.001308
128,634,104,0,80000,0.25,0.002353
128,634,105,0,80000,0.25,0.001487
128,634,106,0,80000,0.25,0.001593
128,634,107,0,80000,0.25,0.001794
128,634,108,0,80000,0.25,0.001587
128,634,109,0,80000,0.25,0.001854
128,634,110,0,80000,0.25,0.001989
128,634,111,0,80000,0.25,0.001239
128,634,112,0,80000,0.25,0.001714
128,634,113,0,80000,0.25,0.001411
128,634,114,0,80000,0.25,0.002078
128,634,115,0,80000,0.25,0.001201
128,634,116,0,80000,0.25,0.002204
128,634,117,0,80000,0.25,0.001761
128,634,118,0,80000,0.25,0.00157
128,634,119,0,80000,0.25,0.002074
128,634,120,0,80000,0.25,0.002002
128,634,121,0,80000,0.25,0.0015
128,634,122,0,80000,0.25,0.001231
128,634,123,0,80000,0.25,0.001201
128,634,124,0,80000,0.25,0.001375
128,634,125,0,80000,0.25,0.001616
128,634,126,0,80000,0.25,0.001226
128,634,127,0,80000,0.25,0.00262
128,634,128,0,80000,0.25,0.001505
128,634,129,0,80000,0.25,0.002798
128,634,130,0,80000,0.25,0.002119
128,634,131,0,80000,0.25,0.001329
128,634,132,0,80000,0.25,0.002563
128,634,133,0,80000,0.25,0.001771
128,634,134,0,80000,0.25,0.001853
128,634,135,0,80000,0.25,0.001556
128,634,136,0,80000,0.25,0.002164
128,634,137,0,80000,0.25,0.002261
128,634,138,0,80000,0.25,0.001851
128,634,139,0,80000,0.25,0.001381
128,634,140,0,80000,0.25,0.001454
128,634,141,0,80000,0.25,0.002915
128,634,142,0,80000,0.25,0.001813
128,634,143,0,80000,0.25,0.001623
128,634,144,0,80000,0.25,0.001223
128,634,145,0,80000,0.25,0.001019
128,634,146,0,80000,0.25,0.00199
128,634,147,0,80000,0.25,0.001918
128,634,148,0,80000,0.25,0.00184
128,634,149,0,80000,0.25,0.002194
128,634,150,0,80000,0.25,0.002074
128,634,151,0,80000,0.25,0.002356
128,634,152,0,80000,0.25,0.001925
128,634,153,0,80000,0.25,0.001416
128,634,154,0,80000,0.25,0.002885
128,634,155,0,80000,0.25,0.00148
128,634,156,0,80000,0.25,0.002734
128,634,157,0,80000,0.25,0.002202
128,634,158,0,80000,0.25,0.001309
128,634,159,0,80000,0.25,0.002173
128,634,160,0,80000,0.25,0.00138
128,634,161,0,80000,0.25,0.002079
128,634,162,0,80000,0.25,0.001964
128,634,163,0,80000,0.25,0.001462
128,634,164,0,80000,0.25,0.001489
128,634,165,0,80000,0.25,0.002514
128,634,166,0,80000,0.25,0.002054
128,634,167,0,80000,0.25,0.002095
128,634,168,0,80000,0.25,0.001452
128,634,169,0,80000,0.25,0.001276
128,634,170,0,80000,0.25,0.001397
128,634,171,0,80000,0.25,0.001376
128,634,172,0,80000,0.25,0.001759
128,634,173,0,80000,0.25,0.001779
128,634,174,0,80000,0.25,0.001304
128,634,175,0,80000,0.25,0.001915
128,634,176,0,80000,0.25,0.001733
128,634,177,0,80000,0.25,0.002043
128,634,178,0,80000,0.25,0.001747
128,634,179,0,80000,0.25,0.002549
128,634,180,0,80000,0.25,0.002388
128,634,181,0,80000,0.25,0.001182
128,634,182,0,80000,0.25,0.00168
128,634,183,0,80000,0.25,0.000971
128,634,184,0,80000,0.25,0.002377
128,634,185,0,80000,0.25,0.001317
128,634,186,0,80000,0.25,0.001728
128,634,187,0,80000,0.25,0.001805
128,634,188,0,80000,0.25,0.001421
128,634,189,0,80000,0.25,0.001657
128,634,190,0,80000,0.25,0.002307
128,634,191,0,80000,0.25,0.003748
128,634,192,0,80000,0.25,0.002664
128,634,193,0,80000,0.25,0.001488
128,634,194,0,80000,0.25,0.001584
128,634,195,0,80000,0.25,0.001904
128,634,196,0,80000,0.25,0.001886
128,634,197,0,80000,0.25,0.00125
128,634,198,0,80000,0.25,0.001104
128,634,199,0,80000,0.25,0.001241
128,634,200,0,80000,0.25,0.002139
128,634,201,0,80000,0.25,0.001917
128,634,202,0,80000,0.25,0.00208
128,634,203,0,80000,0.25,0.002614
128,634,204,0,80000,0.25,0.00174
128,634,205,0,80000,0.25,0.001939
128,634,206,0,80000,0.25,0.001671
128,634,207,0,80000,0.25,0.001161
128,634,208,0,80000,0.25,0.00135
128,634,209,0,80000,0.25,0.002329
128,634,210,0,80000,0.25,0.002665
128,634,211,0,80000,0.25,0.001505
128,634,212,0,80000,0.25,0.00153
128,634,213,0,80000,0.25,0.001453
128,634,214,0,80000,0.25,0.001401
128,634,215,0,80000,0.25,0.001106
128,634,216,0,80000,0.25,0.001644
128,634,217,0,80000,0.25,0.001234
128,634,218,0,80000,0.25,0.001993
128,634,219,0,80000,0.25,0.001548
128,634,220,0,80000,0.25,0.002221
128,634,221,0,80000,0.25,0.001617
128,634,222,0,80000,0.25,0.00118
128,634,223,0,80000,0.25,0.002832
128,634,224,0,80000,0.25,0.001384
128,634,225,0,80000,0.25,0.001889
128,634,226,0,80000,0.25,0.002244
128,634,227,0,80000,0.25,0.001399
128,634,228,0,80000,0.25,0.001072
128,634,229,0,80000,0.25,0.001843
128,634,230,0,80000,0.25,0.00237
128,634,231,0,80000,0.25,0.001277
128,634,232,0,80000,0.25,0.002131
128,634,233,0,80000,0.25,0.001471
128,634,234,0,80000,0.25,0.00216
128,634,235,0,80000,0.25,0.001368
128,634,236,0,80000,0.25,0.001298
128,634,237,0,80000,0.25,0.001559
128,634,238,0,80000,0.25,0.002349
128,634,239,0,80000,0.25,0.001884
128,634,240,0,80000,0.25,0.002803
128,634,241,0,80000,0.25,0.001313
128,634,242,0,80000,0.25,0.001373
128,634,243,0,80000,0.25,0.001756
128,634,244,0,80000,0.25,0.001658
128,634,245,0,80000,0.25,0.001752
128,634,246,0,80000,0.25,0.001568
128,634,247,0,80000,0.25,0.001729
128,634,248,0,80000,0.25,0.001666
128,634,249,0,80000,0.25,0.001656
128,634,250,0,80000,0.25,0.002104
128,634,251,0,80000,0.25,0.002323
128,634,252,0,80000,0.25,0.00121
128,634,253,0,80000,0.25,0.002006
128,634,254,0,80000,0.25,0.001218
128,634,255,0,80000,0.25,0.001533
128,634,256,0,80000,0.25,0.001931
128,634,257,0,80000,0.25,0.001504
128,634,258,0,80000,0.25,0.001174
128,634,259,0,80000,0.25,0.001662
128,634,260,0,80000,0.25,0.003078
128,634,261,0,80000,0.25,0.001513
128,634,262,0,80000,0.25,0.001693
128,634,263,0,80000,0.25,0.001575
128,634,264,0,80000,0.25,0.001359
128,634,265,0,80000,0.25,0.002308
128,634,266,0,80000,0.25,0.002617
128,634,267,0,80000,0.25,0.002705
128,634,268,0,80000,0.25,0.001123
128,634,269,0,80000,0.25,0.001252
128,634,270,0,80000,0.25,0.001912
128,634,271,0,80000,0.25,0.001732
128,634,272,0,80000,0.25,0.001109
128,634,273,0,80000,0.25,0.002327
128,634,274,0,80000,0.25,0.001539
128,634,275,0,80000,0.25,0.002084
128,634,276,0,80000,0.25,0.001181
128,634,277,0,80000,0.25,0.001962
128,634,278,0,80000,0.25,0.002669
128,634,279,0,80000,0.25,0.001654
128,634,280,0,80000,0.25,0.001393
128,634,281,0,80000,0.25,0.001826
128,634,282,0,80000,0.25,0.002303
128,634,283,0,80000,0.25,0.001442
128,634,284,0,80000,0.25,0.001059
128,634,285,0,80000,0.25,0.001109
128,634,286,0,80000,0.25,0.001497
128,634,287,0,80000,0.25,0.001197
128,634,288,0,80000,0.25,0.001111
128,634,289,0,80000,0.25,0.001719
128,634,290,0,80000,0.25,0.001169
128,634,291,0,80000,0.25,0.002478
128,634,292,0,80000,0.25,0.001031
128,634,293,0,80000,0.25,0.001023
128,634,294,0,80000,0.25,0.001225
128,634,295,0,80000,0.25,0.00103
128,634,296,0,80000,0.25,0.001228
128,634,297,0,80000,0.25,0.001361
128,634,298,0,80000,0.25,0.002135
128,634,299,0,80000,0.25,0.00172
128,634,300,0,80000,0.25,0.001931
128,634,301,0,80000,0.25,0.002652
128,634,302,0,80000,0.25,0.001025
128,634,303,0,80000,0.25,0.00205
128,634,304,0,80000,0.25,0.001748
128,634,305,0,80000,0.25,0.001344
128,634,306,0,80000,0.25,0.003333
128,634,307,0,80000,0.25,0.001881
128,634,308,0,80000,0.25,0.002034
128,634,309,0,80000,0.25,0.001589
128,634,310,0,80000,0.25,0.001578
128,634,311,0,80000,0.25,0.001986
128,634,312,0,80000,0.25,0.00149
128,634,313,0,80000,0.25,0.001298
128,634,314,0,80000,0.25,0.001405
128,634,315,0,80000,0.25,0.000918
128,634,316,0,80000,0.25,0.001805
128,634,317,0,80000,0.25,0.001288
128,634,318,0,80000,0.25,0.002734
128,634,319,0,80000,0.25,0.001958
128,634,320,0,80000,0.25,0.001214
128,634,321,0,80000,0.25,0.001707
128,634,322,0,80000,0.25,0.002153
128,634,323,0,80000,0.25,0.002521
128,634,324,0,80000,0.25,0.001415
128,634,325,0,80000,0.25,0.001445
128,634,326,0,80000,0.25,0.003072
128,634,327,0,80000,0.25,0.001514
128,634,328,0,80000,0.25,0.006269
128,634,329,0,80000,0.25,0.00177
128,634,330,0,80000,0.25,0.003234
128,634,331,0,80000,0.25,0.001849
128,634,332,0,80000,0.25,0.001573
128,634,333,0,80000,0.25,0.001316
128,634,334,0,80000,0.25,0.001504
128,634,335,0,80000,0.25,0.001343
128,634,336,0,80000,0.25,0.001432
128,634,337,0,80000,0.25,0.001866
128,634,338,0,80000,0.25,0.002012
128,634,339,0,80000,0.25,0.001782
128,634,340,0,80000,0.25,0.001632
128,634,341,0,80000,0.25,0.001495
128,634,342,0,80000,0.25,0.001534
128,634,343,0,80000,0.25,0.001504
128,634,344,0,80000,0.25,0.002229
128,634,345,0,80000,0.25,0.001376
128,634,346,0,80000,0.25,0.001357
128,634,347,0,80000,0.25,0.001867
128,634,348,0,80000,0.25,0.001555
128,634,349,0,80000,0.25,0.001327
128,634,350,0,80000,0.25,0.002269
128,634,351,0,80000,0.25,0.001402
128,634,352,0,80000,0.25,0.001373
128,634,353,0,80000,0.25,0.001389
128,634,354,0,80000,0.25,0.003315
128,634,355,0,80000,0.25,0.001251
128,634,356,0,80000,0.25,0.001706
128,634,357,0,80000,0.25,0.001739
128,634,358,0,80000,0.25,0.001323
128,634,359,0,80000,0.25,0.001808
128,634,360,0,80000,0.25,0.002093
128,634,361,0,80000,0.25,0.002812
128,634,362,0,80000,0.25,0.002041
128,634,363,0,80000,0.25,0.002173
128,634,364,0,80000,0.25,0.002043
128,634,365,0,80000,0.25,0.001654
128,634,366,0,80000,0.25,0.001197
128,634,367,0,80000,0.25,0.002243
128,634,368,0,80000,0.25,0.001526
128,634,369,0,80000,0.25,0.003027
128,634,370,0,80000,0.25,0.001603
128,634,371,0,80000,0.25,0.001482
128,634,372,0,80000,0.25,0.001561
128,634,373,0,80000,0.25,0.002689
128,634,374,0,80000,0.25,0.001675
128,634,375,0,80000,0.25,0.001299
128,634,376,0,80000,0.25,0.00215
128,634,377,0,80000,0.25,0.001074
128,634,378,0,80000,0.25,0.001842
128,634,379,0,80000,0.25,0.001313
128,634,380,0,80000,0.25,0.00198
128,634,381,0,80000,0.25,0.001642
128,634,382,0,80000,0.25,0.001304
128,634,383,0,80000,0.25,0.002736
128,634,384,0,80000,0.25,0.001356
128,634,385,0,80000,0.25,0.002415
128,634,386,0,80000,0.25,0.00172
128,634,387,0,80000,0.25,0.001734
128,634,388,0,80000,0.25,0.000925
128,634,389,0,80000,0.25,0.001227
128,634,390,0,80000,0.25,0.002145
128,634,391,0,80000,0.25,0.001765
128,634,392,0,80000,0.25,0.001505
128,634,393,0,80000,0.25,0.001677
128,634,394,0,80000,0.25,0.002088
128,634,395,0,80000,0.25,0.002504
128,634,396,0,80000,0.25,0.001978
128,634,397,0,80000,0.25,0.001362
128,634,398,0,80000,0.25,0.001706
128,634,399,0,80000,0.25,0.002391
128,634,400,0,80000,0.25,0.00147
128,659,1,0,80000,0.25,0.001477
128,659,2,0,80000,0.25,0.001976
128,659,3,0,80000,0.25,0.002633
128,659,4,0,80000,0.25,0.001524
128,659,5,0,80000,0.25,0.002594
128,659,6,0,80000,0.25,0.001752
128,659,7,0,80000,0.25,0.001783
128,659,8,0,80000,0.25,0.001989
128,659,9,0,80000,0.25,0.001494
128,659,10,0,80000,0.25,0.001576
128,659,11,0,80000,0.25,0.002036
128,659,12,0,80000,0.25,0.002043
128,659,13,0,80000,0.25,0.001415
128,659,14,0,80000,0.25,0.006148
128,659,15,0,80000,0.25,0.001874
128,659,16,0,80000,0.25,0.001348
128,659,17,0,80000,0.25,0.001604
128,659,18,0,80000,0.25,0.001666
128,659,19,0,80000,0.25,0.001974
128,659,20,0,80000,0.25,0.001707
128,659,21,0,80000,0.25,0.003437
128,659,22,0,80000,0.25,0.003809
128,659,23,0,80000,0.25,0.002582
128,659,24,0,80000,0.25,0.001355
128,659,25,0,80000,0.25,0.002476
128,659,26,0,80000,0.25,0.003005
128,659,27,0,80000,0.25,0.005698
128,659,28,0,80000,0.25,0.002676
128,659,29,0,80000,0.25,0.001895
128,659,30,0,80000,0.25,0.001924
128,659,31,0,80000,0.25,0.003132
128,659,32,0,80000,0.25,0.00232
128,659,33,0,80000,0.25,0.001527
128,659,34,0,80000,0.25,0.001703
128,659,35,0,80000,0.25,0.002278
128,659,36,0,80000,0.25,0.003994
128,659,37,0,80000,0.25,0.00181
128,659,38,0,80000,0.25,0.001644
128,659,39,0,80000,0.25,0.003487
128,659,40,0,80000,0.25,0.003394
128,659,41,0,80000,0.25,0.002539
128,659,42,0,80000,0.25,0.003151
128,659,43,0,80000,0.25,0.00251
128,659,44,0,80000,0.25,0.001394
128,659,45,0,80000,0.25,0.001926
128,659,46,0,80000,0.25,0.001759
128,659,47,0,80000,0.25,0.005108
128,659,48,0,80000,0.25,0.002774
128,659,49,0,80000,0.25,0.00121
128,659,50,0,80000,0.25,0.002412
128,659,51,0,80000,0.25,0.001861
128,659,52,0,80000,0.25,0.001421
128,659,53,0,80000,0.25,0.001701
128,659,54,0,80000,0.25,0.001865
128,659,55,0,80000,0.25,0.002597
128,659,56,0,80000,0.25,0.001661
128,659,57,0,80000,0.25,0.00236
128,659,58,0,80000,0.25,0.001761
128,659,59,0,80000,0.25,0.00419
128,659,60,0,80000,0.25,0.003287
128,659,61,0,80000,0.25,0.001898
128,659,62,0,80000,0.25,0.003138
128,659,63,0,80000,0.25,0.003001
128,659,64,0,80000,0.25,0.002305
128,659,65,0,80000,0.25,0.002947
128,659,66,0,80000,0.25,0.001313
128,659,67,0,80000,0.25,0.001727
128,659,68,0,80000,0.25,0.002023
128,659,69,0,80000,0.25,0.001516
128,659,70,0,80000,0.25,0.001992
128,659,71,0,80000,0.25,0.002328
128,659,72,0,80000,0.25,0.002217
128,659,73,0,80000,0.25,0.001544
128,659,74,0,80000,0.25,0.002309
128,659,75,0,80000,0.25,0.001518
128,659,76,0,80000,0.25,0.007206
128,659,77,0,80000,0.25,0.001865
128,659,78,0,80000,0.25,0.001595
128,659,79,0,80000,0.25,0.001951
128,659,80,0,80000,0.25,0.002383
128,659,81,0,80000,0.25,0.001609
128,659,82,0,80000,0.25,0.002794
128,659,83,0,80000,0.25,0.002559
128,659,84,0,80000,0.25,0.001627
128,659,85,0,80000,0.25,0.004609
128,659,86,0,80000,0.25,0.001862
128,659,87,0,80000,0.25,0.001168
128,659,88,0,80000,0.25,0.003481
128,659,89,0,80000,0.25,0.002566
128,659,90,0,80000,0.25,0.005063
128,659,91,0,80000,0.25,0.001681
128,659,92,0,80000,0.25,0.002154
128,659,93,0,80000,0.25,0.00124
128,659,94,0,80000,0.25,0.003071
128,659,95,0,80000,0.25,0.002501
128,659,96,0,80000,0.25,0.002136
128,659,97,0,80000,0.25,0.002634
128,659,98,0,80000,0.25,0.003705
128,659,99,0,80000,0.25,0.001163
128,659,100,0,80000,0.25,0.001591
128,659,101,0,80000,0.25,0.001973
128,659,102,0,80000,0.25,0.001705
128,659,103,0,80000,0.25,0.001848
128,659,104,0,80000,0.25,0.003116
128,659,105,0,80000,0.25,0.001143
128,659,106,0,80000,0.25,0.003155
128,659,107,0,80000,0.25,0.001654
128,659,108,0,80000,0.25,0.001813
128,659,109,0,80000,0.25,0.002799
128,659,110,0,80000,0.25,0.002217
128,659,111,0,80000,0.25,0.001845
128,659,112,0,80000,0.25,0.002113
128,659,113,0,80000,0.25,0.001543
128,659,114,0,80000,0.25,0.001563
128,659,115,0,80000,0.25,0.002003
128,659,116,0,80000,0.25,0.002184
128,659,117,0,80000,0.25,0.002047
128,659,118,0,80000,0.25,0.002567
128,659,119,0,80000,0.25,0.001827
128,659,120,0,80000,0.25,0.00346
128,659,121,0,80000,0.25,0.003927
128,659,122,0,80000,0.25,0.004574
128,659,123,0,80000,0.25,0.001487
128,659,124,0,80000,0.25,0.003143
128,659,125,0,80000,0.25,0.002327
128,659,126,0,80000,0.25,0.00233
128,659,127,0,80000,0.25,0.001821
128,659,128,0,80000,0.25,0.003246
128,659,129,0,80000,0.25,0.002148
128,659,130,0,80000,0.25,0.007141
128,659,131,0,80000,0.25,0.001605
128,659,132,0,80000,0.25,0.001522
128,659,133,0,80000,0.25,0.001835
128,659,134,0,80000,0.25,0.001494
128,659,135,0,80000,0.25,0.004314
128,659,136,0,80000,0.25,0.001601
128,659,137,0,80000,0.25,0.001532
128,659,138,0,80000,0.25,0.001015
128,659,139,0,80000,0.25,0.001294
128,659,140,0,80000,0.25,0.002074
128,659,141,0,80000,0.25,0.002822
128,659,142,0,80000,0.25,0.001644
128,659,143,0,80000,0.25,0.003448
128,659,144,0,80000,0.25,0.001654
128,659,145,0,80000,0.25,0.002354
128,659,146,0,80000,0.25,0.002139
128,659,147,0,80000,0.25,0.00176
128,659,148,0,80000,0.25,0.003544
128,659,149,0,80000,0.25,0.002077
128,659,150,0,80000,0.25,0.001667
128,659,151,0,80000,0.25,0.002141
128,659,152,0,80000,0.25,0.002937
128,659,153,0,80000,0.25,0.001512
128,659,154,0,80000,0.25,0.002037
128,659,155,0,80000,0.25,0.00168
128,659,156,0,80000,0.25,0.002476
128,659,157,0,80000,0.25,0.003323
128,659,158,0,80000,0.25,0.001419
128,659,159,0,80000,0.25,0.004366
128,659,160,0,80000,0.25,0.004428
128,659,161,0,80000,0.25,0.001534
128,659,162,0,80000,0.25,0.001562
128,659,163,0,80000,0.25,0.003299
128,659,164,0,80000,0.25,0.001792
128,659,165,0,80000,0.25,0.002285
128,659,166,0,80000,0.25,0.004743
128,659,167,0,80000,0.25,0.003071
128,659,168,0,80000,0.25,0.005135
128,659,169,0,80000,0.25,0.00127
128,659,170,0,80000,0.25,0.003153
128,659,171,0,80000,0.25,0.001693
128,659,172,0,80000,0.25,0.002356
128,659,173,0,80000,0.25,0.002089
128,659,174,0,80000,0.25,0.002104
128,659,175,0,80000,0.25,0.004065
128,659,176,0,80000,0.25,0.001597
128,659,177,0,80000,0.25,0.002582
128,659,178,0,80000,0.25,0.001737
128,659,179,0,80000,0.25,0.003027
128,659,180,0,80000,0.25,0.001511
128,659,181,0,80000,0.25,0.00289
128,659,182,0,80000,0.25,0.001458
128,659,183,0,80000,0.25,0.004493
128,659,184,0,80000,0.25,0.001679
128,659,185,0,80000,0.25,0.00292
128,659,186,0,80000,0.25,0.003181
128,659,187,0,80000,0.25,0.001783
128,659,188,0,80000,0.25,0.003135
128,659,189,0,80000,0.25,0.002311
128,659,190,0,80000,0.25,0.002143
128,659,191,0,80000,0.25,0.00258
128,659,192,0,80000,0.25,0.001652
128,659,193,0,80000,0.25,0.002355
128,659,194,0,80000,0.25,0.002235
128,659,195,0,80000,0.25,0.001503
128,659,196,0,80000,0.25,0.001714
128,659,197,0,80000,0.25,0.00185
128,659,198,0,80000,0.25,0.002018
128,659,199,0,80000,0.25,0.001872
128,659,200,0,80000,0.25,0.002877
128,659,201,0,80000,0.25,0.001657
128,659,202,0,80000,0.25,0.003392
128,659,203,0,80000,0.25,0.001381
128,659,204,0,80000,0.25,0.001684
128,659,205,0,80000,0.25,0.002147
128,659,206,0,80000,0.25,0.003177
128,659,207,0,80000,0.25,0.00157
128,659,208,0,80000,0.25,0.001642
128,659,209,0,80000,0.25,0.001425
128,659,210,0,80000,0.25,0.003207
128,659,211,0,80000,0.25,0.001911
128,659,212,0,80000,0.25,0.001818
128,659,213,0,80000,0.25,0.001619
128,659,214,0,80000,0.25,0.00189
128,659,215,0,80000,0.25,0.001836
128,659,216,0,80000,0.25,0.001825
128,659,217,0,80000,0.25,0.003483
128,659,218,0,80000,0.25,0.004413
128,659,219,0,80000,0.25,0.001574
128,659,220,0,80000,0.25,0.001484
128,659,221,0,80000,0.25,0.00237
128,659,222,0,80000,0.25,0.002507
128,659,223,0,80000,0.25,0.001931
128,659,224,0,80000,0.25,0.001456
128,659,225,0,80000,0.25,0.001727
128,659,226,0,80000,0.25,0.003979
128,659,227,0,80000,0.25,0.002029
128,659,228,0,80000,0.25,0.001845
128,659,229,0,80000,0.25,0.001455
128,659,230,0,80000,0.25,0.001731
128,659,231,0,80000,0.25,0.006166
128,659,232,0,80000,0.25,0.001238
128,659,233,0,80000,0.25,0.005504
128,659,234,0,80000,0.25,0.003573
128,659,235,0,80000,0.25,0.002367
128,659,236,0,80000,0.25,0.001648
128,659,237,0,80000,0.25,0.001396
128,659,238,0,80000,0.25,0.004673
128,659,239,0,80000,0.25,0.001777
128,659,240,0,80000,0.25,0.001966
128,659,241,0,80000,0.25,0.001261
128,659,242,0,80000,0.25,0.001961
128,659,243,0,80000,0.25,0.003236
128,659,244,0,80000,0.25,0.003856
128,659,245,0,80000,0.25,0.002669
128,659,246,0,80000,0.25,0.003008
128,659,247,0,80000,0.25,0.003498
128,659,248,0,80000,0.25,0.001695
128,659,249,0,80000,0.25,0.002307
128,659,250,0,80000,0.25,0.00196
128,659,251,0,80000,0.25,0.002044
128,659,252,0,80000,0.25,0.001781
128,659,253,0,80000,0.25,0.001624
128,659,254,0,80000,0.25,0.001709
128,659,255,0,80000,0.25,0.002388
128,659,256,0,80000,0.25,0.001775
128,659,257,0,80000,0.25,0.004917
128,659,258,0,80000,0.25,0.002079
128,659,259,0,80000,0.25,0.003257
128,659,260,0,80000,0.25,0.002195
128,659,261,0,80000,0.25,0.003231
128,659,262,0,80000,0.25,0.002183
128,659,263,0,80000,0.25,0.002357
128,659,264,0,80000,0.25,0.001718
128,659,265,0,80000,0.25,0.002233
128,659,266,0,80000,0.25,0.007435
128,659,267,0,80000,0.25,0.00302
128,659,268,0,80000,0.25,0.00135
128,659,269,0,80000,0.25,0.002425
128,659,270,0,80000,0.25,0.006367
128,659,271,0,80000,0.25,0.001735
128,659,272,0,80000,0.25,0.001462
128,659,273,0,80000,0.25,0.001867
128,659,274,0,80000,0.25,0.001867
128,659,275,0,80000,0.25,0.002335
128,659,276,0,80000,0.25,0.003247
128,659,277,0,80000,0.25,0.002521
128,659,278,0,80000,0.25,0.00258
128,659,279,0,80000,0.25,0.002733
128,659,280,0,80000,0.25,0.002219
128,659,281,0,80000,0.25,0.001766
128,659,282,0,80000,0.25,0.001566
128,659,283,0,80000,0.25,0.001544
128,659,284,0,80000,0.25,0.001565
128,659,285,0,80000,0.25,0.001904
128,659,286,0,80000,0.25,0.002814
128,659,287,0,80000,0.25,0.002009
128,659,288,0,80000,0.25,0.003159
128,659,289,0,80000,0.25,0.001574
128,659,290,0,80000,0.25,0.001043
128,659,291,0,80000,0.25,0.002094
128,659,292,0,80000,0.25,0.001632
128,659,293,0,80000,0.25,0.001382
128,659,294,0,80000,0.25,0.000878
128,659,295,0,80000,0.25,0.002666
128,659,296,0,80000,0.25,0.003436
128,659,297,0,80000,0.25,0.000733
128,659,298,0,80000,0.25,0.001073
128,659,299,0,80000,0.25,0.002439
128,659,300,0,80000,0.25,0.002315
128,659,301,0,80000,0.25,0.002228
128,659,302,0,80000,0.25,0.002
128,659,303,0,80000,0.25,0.003417
128,659,304,0,80000,0.25,0.003
128,659,305,0,80000,0.25,0.001201
128,659,306,0,80000,0.25,0.002713
128,659,307,0,80000,0.25,0.000808
128,659,308,0,80000,0.25,0.002454
128,659,309,0,80000,0.25,0.002411
128,659,310,0,80000,0.25,0.003892
128,659,311,0,80000,0.25,0.001696
128,659,312,0,80000,0.25,0.001777
128,659,313,0,80000,0.25,0.00175
128,659,314,0,80000,0.25,0.002254
128,659,315,0,80000,0.25,0.002628
128,659,316,0,80000,0.25,0.00162
128,659,317,0,80000,0.25,0.001539
128,659,318,0,80000,0.25,0.002393
128,659,319,0,80000,0.25,0.002793
128,659,320,0,80000,0.25,0.001973
128,659,321,0,80000,0.25,0.002836
128,659,322,0,80000,0.25,0.00272
128,659,323,0,80000,0.25,0.001145
128,659,324,0,80000,0.25,0.00118
128,659,325,0,80000,0.25,0.001409
128,659,326,0,80000,0.25,0.003159
128,659,327,0,80000,0.25,0.001438
128,659,328,0,80000,0.25,0.001709
128,659,329,0,80000,0.25,0.001795
128,659,330,0,80000,0.25,0.001459
128,659,331,0,80000,0.25,0.003719
128,659,332,0,80000,0.25,0.002351
128,659,333,0,80000,0.25,0.002061
128,659,334,0,80000,0.25,0.001884
128,659,335,0,80000,0.25,0.003091
128,659,336,0,80000,0.25,0.001797
128,659,337,0,80000,0.25,0.001886
128,659,338,0,80000,0.25,0.002607
128,659,339,0,80000,0.25,0.001727
128,659,340,0,80000,0.25,0.007527
128,659,341,0,80000,0.25,0.001567
128,659,342,0,80000,0.25,0.00168
128,659,343,0,80000,0.25,0.001709
128,659,344,0,80000,0.25,0.002461
128,659,345,0,80000,0.25,0.001436
128,659,346,0,80000,0.25,0.002556
128,659,347,0,80000,0.25,0.002465
128,659,348,0,80000,0.25,0.001718
128,659,349,0,80000,0.25,0.002166
128,659,350,0,80000,0.25,0.001821
128,659,351,0,80000,0.25,0.003941
128,659,352,0,80000,0.25,0.002616
128,659,353,0,80000,0.25,0.002261
128,659,354,0,80000,0.25,0.002644
128,659,355,0,80000,0.25,0.003389
128,659,356,0,80000,0.25,0.001657
128,659,357,0,80000,0.25,0.001639
128,659,358,0,80000,0.25,0.003243
128,659,359,0,80000,0.25,0.002442
128,659,360,0,80000,0.25,0.001889
128,659,361,0,80000,0.25,0.004295
128,659,362,0,80000,0.25,0.003465
128,659,363,0,80000,0.25,0.001988
128,659,364,0,80000,0.25,0.001581
128,659,365,0,80000,0.25,0.002162
128,659,366,0,80000,0.25,0.002233
128,659,367,0,80000,0.25,0.002155
128,659,368,0,80000,0.25,0.002048
128,659,369,0,80000,0.25,0.001604
128,659,370,0,80000,0.25,0.001651
128,659,371,0,80000,0.25,0.002023
128,659,372,0,80000,0.25,0.00399
128,659,373,0,80000,0.25,0.0035
128,659,374,0,80000,0.25,0.002158
128,659,375,0,80000,0.25,0.002776
128,659,376,0,80000,0.25,0.002758
128,659,377,0,80000,0.25,0.003026
128,659,378,0,80000,0.25,0.001501
128,659,379,0,80000,0.25,0.003614
128,659,380,0,80000,0.25,0.002021
128,659,381,0,80000,0.25,0.001572
128,659,382,0,80000,0.25,0.00158
128,659,383,0,80000,0.25,0.002295
128,659,384,0,80000,0.25,0.003589
128,659,385,0,80000,0.25,0.001443
128,659,386,0,80000,0.25,0.001504
128,659,387,0,80000,0.25,0.002307
128,659,388,0,80000,0.25,0.002031
128,659,389,0,80000,0.25,0.003383
128,659,390,0,80000,0.25,0.001539
128,659,391,0,80000,0.25,0.00236
128,659,392,0,80000,0.25,0.002807
128,659,393,0,80000,0.25,0.002037
128,659,394,0,80000,0.25,0.003234
128,659,395,0,80000,0.25,0.00205
128,659,396,0,80000,0.25,0.002744
128,659,397,0,80000,0.25,0.001688
128,659,398,0,80000,0.25,0.002392
128,659,399,0,80000,0.25,0.002774
128,659,400,0,80000,0.25,0.002157
128,685,1,0,80000,0.25,0.001007
128,685,2,0,80000,0.25,0.004793
128,685,3,0,80000,0.25,0.003781
128,685,4,0,80000,0.25,0.001792
128,685,5,0,80000,0.25,0.001911
128,685,6,0,80000,0.25,0.004987
128,685,7,0,80000,0.25,0.00287
128,685,8,0,80000,0.25,0.006101
128,685,9,0,80000,0.25,0.002349
128,685,10,0,80000,0.25,0.003861
128,685,11,0,80000,0.25,0.002609
128,685,12,0,80000,0.25,0.001887
128,685,13,0,80000,0.25,0.006212
128,685,14,0,80000,0.25,0.002577
128,685,15,0,80000,0.25,0.003206
128,685,16,0,80000,0.25,0.004028
128,685,17,0,80000,0.25,0.004182
128,685,18,0,80000,0.25,0.004067
128,685,19,0,80000,0.25,0.005418
128,685,20,0,80000,0.25,0.00227
128,685,21,0,80000,0.25,0.001909
128,685,22,0,80000,0.25,0.005517
128,685,23,0,80000,0.25,0.003579
128,685,24,0,80000,0.25,0.001371
128,685,25,0,80000,0.25,0.001979
128,685,26,0,80000,0.25,0.003953
128,685,27,0,80000,0.25,0.002315
128,685,28,0,80000,0.25,0.002153
128,685,29,0,80000,0.25,0.002484
128,685,30,0,80000,0.25,0.004317
128,685,31,0,80000,0.25,0.001751
128,685,32,0,80000,0.25,0.00289
128,685,33,0,80000,0.25,0.003106
128,685,34,0,80000,0.25,0.003364
128,685,35,0,80000,0.25,0.003899
128,685,36,0,80000,0.25,0.002572
128,685,37,0,80000,0.25,0.00796
128,685,38,0,80000,0.25,0.001657
128,685,39,0,80000,0.25,0.002343
128,685,40,0,80000,0.25,0.003099
128,685,41,0,80000,0.25,0.002023
128,685,42,0,80000,0.25,0.002198
128,685,43,0,80000,0.25,0.004221
128,685,44,0,80000,0.25,0.003533
128,685,45,0,80000,0.25,0.00301
128,685,46,0,80000,0.25,0.003763
128,685,47,0,80000,0.25,0.004268
128,685,48,0,80000,0.25,0.002775
128,685,49,0,80000,0.25,0.002653
128,685,50,0,80000,0.25,0.002744
128,685,51,0,80000,0.25,0.004245
128,685,52,0,80000,0.25,0.001924
128,685,53,0,80000,0.25,0.003937
128,685,54,0,80000,0.25,0.00299
128,685,55,0,80000,0.25,0.007911
128,685,56,0,80000,0.25,0.002586
128,685,57,0,80000,0.25,0.007527
128,685,58,0,80000,0.25,0.002154
128,685,59,0,80000,0.25,0.002154
128,685,60,0,80000,0.25,0.002587
128,685,61,0,80000,0.25,0.001919
128,685,62,0,80000,0.25,0.002114
128,685,63,0,80000,0.25,0.003875
128,685,64,0,80000,0.25,0.002033
128,685,65,0,80000,0.25,0.003651
128,685,66,0,80000,0.25,0.006934
128,685,67,0,80000,0.25,0.00171
128,685,68,0,80000,0.25,0.003114
128,685,69,0,80000,0.25,0.003323
128,685,70,0,80000,0.25,0.002883
128,685,71,0,80000,0.25,0.004226
128,685,72,0,80000,0.25,0.002707
128,685,73,0,80000,0.25,0.002673
128,685,74,0,80000,0.25,0.002615
128,685,75,0,80000,0.25,0.001855
128,685,76,0,80000,0.25,0.001458
128,685,77,0,80000,0.25,0.002417
128,685,78,0,80000,0.25,0.005813
128,685,79,0,80000,0.25,0.002637
128,685,80,0,80000,0.25,0.003336
128,685,81,0,80000,0.25,0.002892
128,685,82,0,80000,0.25,0.002196
128,685,83,0,80000,0.25,0.002893
128,685,84,0,80000,0.25,0.001545
128,685,85,0,80000,0.25,0.004207
128,685,86,0,80000,0.25,0.002335
128,685,87,0,80000,0.25,0.003672
128,685,88,0,80000,0.25,0.005065
128,685,89,0,80000,0.25,0.001008
128,685,90,0,80000,0.25,0.002076
128,685,91,0,80000,0.25,0.003357
128,685,92,0,80000,0.25,0.00361
128,685,93,0,80000,0.25,0.012639
128,685,94,0,80000,0.25,0.00101
128,685,95,0,80000,0.25,0.008709
128,685,96,0,80000,0.25,0.002403
128,685,97,0,80000,0.25,0.001402
128,685,98,0,80000,0.25,0.004994
128,685,99,0,80000,0.25,0.00352
128,685,100,0,80000,0.25,0.002692
128,685,101,0,80000,0.25,0.002369
128,685,102,0,80000,0.25,0.007618
128,685,103,0,80000,0.25,0.005765
128,685,104,0,80000,0.25,0.002565
128,685,105,0,80000,0.25,0.009206
128,685,106,0,80000,0.25,0.005179
128,685,107,0,80000,0.25,0.002893
128,685,108,0,80000,0.25,0.006837
128,685,109,0,80000,0.25,0.001605
128,685,110,0,80000,0.25,0.002825
128,685,111,0,80000,0.25,0.001868
128,685,112,0,80000,0.25,0.003895
128,685,113,0,80000,0.25,0.003334
128,685,114,0,80000,0.25,0.003
128,685,115,0,80000,0.25,0.003368
128,685,116,0,80000,0.25,0.004211
128,685,117,0,80000,0.25,0.002337
128,685,118,0,80000,0.25,0.006288
128,685,119,0,80000,0.25,0.003214
128,685,120,0,80000,0.25,0.002455
128,685,121,0,80000,0.25,0.004981
128,685,122,0,80000,0.25,0.006203
128,685,123,0,80000,0.25,0.00177
128,685,124,0,80000,0.25,0.00377
128,685,125,0,80000,0.25,0.004886
128,685,126,0,80000,0.25,0.00478
128,685,127,0,80000,0.25,0.004208
128,685,128,0,80000,0.25,0.004837
128,685,129,0,80000,0.25,0.002219
128,685,130,0,80000,0.25,0.005432
128,685,131,0,80000,0.25,0.00185
128,685,132,0,80000,0.25,0.003595
128,685,133,0,80000,0.25,0.003397
128,685,134,0,80000,0.25,0.009706
128,685,135,0,80000,0.25,0.001797
128,685,136,0,80000,0.25,0.002761
128,685,137,0,80000,0.25,0.005129
128,685,138,0,80000,0.25,0.004911
128,685,139,0,80000,0.25,0.00409
128,685,140,0,80000,0.25,0.006614
128,685,141,0,80000,0.25,0.001578
128,685,142,0,80000,0.25,0.001542
128,685,143,0,80000,0.25,0.004917
128,685,144,0,80000,0.25,0.006347
128,685,145,0,80000,0.25,0.003934
128,685,146,0,80000,0.25,0.002198
128,685,147,0,80000,0.25,0.006054
128,685,148,0,80000,0.25,0.00362
128,685,149,0,80000,0.25,0.003879
128,685,150,0,80000,0.25,0.001639
128,685,151,0,80000,0.25,0.002278
128,685,152,0,80000,0.25,0.003055
128,685,153,0,80000,0.25,0.005586
128,685,154,0,80000,0.25,0.007798
128,685,155,0,80000,0.25,0.004031
128,685,156,0,80000,0.25,0.004942
128,685,157,0,80000,0.25,0.001564
128,685,158,0,80000,0.25,0.00197
128,685,159,0,80000,0.25,0.00212
128,685,160,0,80000,0.25,0.005459
128,685,161,0,80000,0.25,0.004739
128,685,162,0,80000,0.25,0.002054
128,685,163,0,80000,0.25,0.002836
128,685,164,0,80000,0.25,0.002622
128,685,165,0,80000,0.25,0.002419
128,685,166,0,80000,0.25,0.002921
128,685,167,0,80000,0.25,0.001804
128,685,168,0,80000,0.25,0.003835
128,685,169,0,80000,0.25,0.001729
128,685,170,0,80000,0.25,0.002037
128,685,171,0,80000,0.25,0.001275
128,685,172,0,80000,0.25,0.004426
128,685,173,0,80000,0.25,0.004042
128,685,174,0,80000,0.25,0.010912
128,685,175,0,80000,0.25,0.007513
128,685,176,0,80000,0.25,0.002262
128,685,177,0,80000,0.25,0.006965
128,685,178,0,80000,0.25,0.002067
128,685,179,0,80000,0.25,0.001822
128,685,180,0,80000,0.25,0.001531
128,685,181,0,80000,0.25,0.004078
128,685,182,0,80000,0.25,0.002892
128,685,183,0,80000,0.25,0.004794
128,685,184,0,80000,0.25,0.003846
128,685,185,0,80000,0.25,0.005453
128,685,186,0,80000,0.25,0.005817
128,685,187,0,80000,0.25,0.0021
128,685,188,0,80000,0.25,0.001959
128,685,189,0,80000,0.25,0.001893
128,685,190,0,80000,0.25,0.002669
128,685,191,0,80000,0.25,0.00222
128,685,192,0,80000,0.25,0.001951
128,685,193,0,80000,0.25,0.003952
128,685,194,0,80000,0.25,0.002071
128,685,195,0,80000,0.25,0.002169
128,685,196,0,80000,0.25,0.002881
128,685,197,0,80000,0.25,0.001731
128,685,198,0,80000,0.25,0.003066
128,685,199,0,80000,0.25,0.001829
128,685,200,0,80000,0.25,0.00236
128,685,201,0,80000,0.25,0.001815
128,685,202,0,80000,0.25,0.005543
128,685,203,0,80000,0.25,0.007499
128,685,204,0,80000,0.25,0.007542
128,685,205,0,80000,0.25,0.002563
128,685,206,0,80000,0.25,0.002009
128,685,207,0,80000,0.25,0.004235
128,685,208,0,80000,0.25,0.003504
128,685,209,0,80000,0.25,0.002269
128,685,210,0,80000,0.25,0.002869
128,685,211,0,80000,0.25,0.0016
128,685,212,0,80000,0.25,0.001966
128,685,213,0,80000,0.25,0.002218
128,685,214,0,80000,0.25,0.002903
128,685,215,0,80000,0.25,0.003071
128,685,216,0,80000,0.25,0.001461
128,685,217,0,80000,0.25,0.002716
128,685,218,0,80000,0.25,0.002594
128,685,219,0,80000,0.25,0.003731
128,685,220,0,80000,0.25,0.001784
128,685,221,0,80000,0.25,0.002916
128,685,222,0,80000,0.25,0.002472
128,685,223,0,80000,0.25,0.001701
128,685,224,0,80000,0.25,0.004891
128,685,225,0,80000,0.25,0.002534
128,685,226,0,80000,0.25,0.00336
128,685,227,0,80000,0.25,0.003311
128,685,228,0,80000,0.25,0.002757
128,685,229,0,80000,0.25,0.00806
128,685,230,0,80000,0.25,0.002358
128,685,231,0,80000,0.25,0.002688
128,685,232,0,80000,0.25,0.007112
128,685,233,0,80000,0.25,0.002945
128,685,234,0,80000,0.25,0.005883
128,685,235,0,80000,0.25,0.002687
128,685,236,0,80000,0.25,0.002919
128,685,237,0,80000,0.25,0.00207
128,685,238,0,80000,0.25,0.0023
128,685,239,0,80000,0.25,0.002392
128,685,240,0,80000,0.25,0.0029
128,685,241,0,80000,0.25,0.003509
128,685,242,0,80000,0.25,0.001829
128,685,243,0,80000,0.25,0.002025
128,685,244,0,80000,0.25,0.002933
128,685,245,0,80000,0.25,0.002028
128,685,246,0,80000,0.25,0.003899
128,685,247,0,80000,0.25,0.002546
128,685,248,0,80000,0.25,0.002633
128,685,249,0,80000,0.25,0.002939
128,685,250,0,80000,0.25,0.00226
128,685,251,0,80000,0.25,0.002855
128,685,252,0,80000,0.25,0.003821
128,685,253,0,80000,0.25,0.001921
128,685,254,0,80000,0.25,0.004033
128,685,255,0,80000,0.25,0.002627
128,685,256,0,80000,0.25,0.001696
128,685,257,0,80000,0.25,0.002097
128,685,258,0,80000,0.25,0.002557
128,685,259,0,80000,0.25,0.001406
128,685,260,0,80000,0.25,0.001659
128,685,261,0,80000,0.25,0.005179
128,685,262,0,80000,0.25,0.007251
128,685,263,0,80000,0.25,0.002881
128,685,264,0,80000,0.25,0.002206
128,685,265,0,80000,0.25,0.002648
128,685,266,0,80000,0.25,0.004005
128,685,267,0,80000,0.25,0.004963
128,685,268,0,80000,0.25,0.003948
128,685,269,0,80000,0.25,0.005383
128,685,270,0,80000,0.25,0.001388
128,685,271,0,80000,0.25,0.004824
128,685,272,0,80000,0.25,0.002124
128,685,273,0,80000,0.25,0.00257
128,685,274,0,80000,0.25,0.002568
128,685,275,0,80000,0.25,0.002311
128,685,276,0,80000,0.25,0.001779
128,685,277,0,80000,0.25,0.004997
128,685,278,0,80000,0.25,0.00326
128,685,279,0,80000,0.25,0.008066
128,685,280,0,80000,0.25,0.002774
128,685,281,0,80000,0.25,0.001921
128,685,282,0,80000,0.25,0.003071
128,685,283,0,80000,0.25,0.001847
128,685,284,0,80000,0.25,0.002541
128,685,285,0,80000,0.25,0.003384
128,685,286,0,80000,0.25,0.001454
128,685,287,0,80000,0.25,0.002197
128,685,288,0,80000,0.25,0.003035
128,685,289,0,80000,0.25,0.002166
128,685,290,0,80000,0.25,0.002891
128,685,291,0,80000,0.25,0.002695
128,685,292,0,80000,0.25,0.003385
128,685,293,0,80000,0.25,0.003038
128,685,294,0,80000,0.25,0.004416
128,685,295,0,80000,0.25,0.003025
128,685,296,0,80000,0.25,0.00523
128,685,297,0,80000,0.25,0.005777
128,685,298,0,80000,0.25,0.002202
128,685,299,0,80000,0.25,0.004504
128,685,300,0,80000,0.25,0.001411
128,685,301,0,80000,0.25,0.006359
128,685,302,0,80000,0.25,0.006272
128,685,303,0,80000,0.25,0.007028
128,685,304,0,80000,0.25,0.003923
128,685,305,0,80000,0.25,0.002562
128,685,306,0,80000,0.25,0.0028
128,685,307,0,80000,0.25,0.003004
128,685,308,0,80000,0.25,0.002183
128,685,309,0,80000,0.25,0.004139
128,685,310,0,80000,0.25,0.001421
128,685,311,0,80000,0.25,0.003912
128,685,312,0,80000,0.25,0.002931
128,685,313,0,80000,0.25,0.008634
128,685,314,0,80000,0.25,0.003448
128,685,315,0,80000,0.25,0.002773
128,685,316,0,80000,0.25,0.003357
128,685,317,0,80000,0.25,0.003962
128,685,318,0,80000,0.25,0.00223
128,685,319,0,80000,0.25,0.002858
128,685,320,0,80000,0.25,0.001314
128,685,321,0,80000,0.25,0.008576
128,685,322,0,80000,0.25,0.005797
128,685,323,0,80000,0.25,0.002531
128,685,324,0,80000,0.25,0.005102
128,685,325,0,80000,0.25,0.004197
128,685,326,0,80000,0.25,0.001451
128,685,327,0,80000,0.25,0.007572
128,685,328,0,80000,0.25,0.003526
128,685,329,0,80000,0.25,0.001971
128,685,330,0,80000,0.25,0.001529
128,685,331,0,80000,0.25,0.00518
128,685,332,0,80000,0.25,0.00131
128,685,333,0,80000,0.25,0.002487
128,685,334,0,80000,0.25,0.003203
128,685,335,0,80000,0.25,0.001984
128,685,336,0,80000,0.25,0.004828
128,685,337,0,80000,0.25,0.002451
128,685,338,0,80000,0.25,0.005098
128,685,339,0,80000,0.25,0.001606
128,685,340,0,80000,0.25,0.003675
128,685,341,0,80000,0.25,0.002893
128,685,342,0,80000,0.25,0.002248
128,685,343,0,80000,0.25,0.004138
128,685,344,0,80000,0.25,0.004382
128,685,345,0,80000,0.25,0.003685
128,685,346,0,80000,0.25,0.001683
128,685,347,0,80000,0.25,0.004229
128,685,348,0,80000,0.25,0.002453
128,685,349,0,80000,0.25,0.002545
128,685,350,0,80000,0.25,0.005359
128,685,351,0,80000,0.25,0.003705
128,685,352,0,80000,0.25,0.003009
128,685,353,0,80000,0.25,0.004508
128,685,354,0,80000,0.25,0.002517
128,685,355,0,80000,0.25,0.004229
128,685,356,0,80000,0.25,0.002231
128,685,357,0,80000,0.25,0.005159
128,685,358,0,80000,0.25,0.00486
128,685,359,0,80000,0.25,0.007947
128,685,360,0,80000,0.25,0.005115
128,685,361,0,80000,0.25,0.003777
128,685,362,0,80000,0.25,0.001626
128,685,363,0,80000,0.25,0.002537
128,685,364,0,80000,0.25,0.002026
128,685,365,0,80000,0.25,0.001988
128,685,366,0,80000,0.25,0.003529
128,685,367,0,80000,0.25,0.004804
128,685,368,0,80000,0.25,0.003561
128,685,369,0,80000,0.25,0.00394
128,685,370,0,80000,0.25,0.001839
128,685,371,0,80000,0.25,0.003733
128,685,372,0,80000,0.25,0.001402
128,685,373,0,80000,0.25,0.003458
128,685,374,0,80000,0.25,0.006048
128,685,375,0,80000,0.25,0.002124
128,685,376,0,80000,0.25,0.003194
128,685,377,0,80000,0.25,0.005367
128,685,378,0,80000,0.25,0.00225
128,685,379,0,80000,0.25,0.00623
128,685,380,0,80000,0.25,0.00121
128,685,381,0,80000,0.25,0.004409
128,685,382,0,80000,0.25,0.00297
128,685,383,0,80000,0.25,0.001872
128,685,384,0,80000,0.25,0.006871
128,685,385,0,80000,0.25,0.00172
128,685,386,0,80000,0.25,0.007153
128,685,387,0,80000,0.25,0.002412
128,685,388,0,80000,0.25,0.002102
128,685,389,0,80000,0.25,0.002918
128,685,390,0,80000,0.25,0.001844
128,685,391,0,80000,0.25,0.002941
128,685,392,0,80000,0.25,0.001518
128,685,393,0,80000,0.25,0.003032
128,685,394,0,80000,0.25,0.001824
128,685,395,0,80000,0.25,0.003296
128,685,396,0,80000,0.25,0.002783
128,685,397,0,80000,0.25,0.004164
128,685,398,0,80000,0.25,0.004253
128,685,399,0,80000,0.25,0.001983
128,685,400,0,80000,0.25,0.005534
128,710,1,0,80000,0.25,0.001008
128,710,2,0,80000,0.25,0.005893
128,710,3,0,80000,0.25,0.002222
128,710,4,0,80000,0.25,0.003573
128,710,5,0,80000,0.25,0.007615
128,710,6,0,80000,0.25,0.009044
128,710,7,0,80000,0.25,0.010177
128,710,8,0,80000,0.25,0.001388
128,710,9,0,80000,0.25,0.002028
128,710,10,0,80000,0.25,0.003821
128,710,11,0,80000,0.25,0.002798
128,710,12,0,80000,0.25,0.006206
128,710,13,0,80000,0.25,0.001873
128,710,14,0,80000,0.25,0.006125
128,710,15,0,80000,0.25,0.003551
128,710,16,0,80000,0.25,0.007229
128,710,17,0,80000,0.25,0.016003
128,710,18,0,80000,0.25,0.005599
128,710,19,0,80000,0.25,0.003172
128,710,20,0,80000,0.25,0.009287
128,710,21,0,80000,0.25,0.009396
128,710,22,0,80000,0.25,0.011795
128,710,23,0,80000,0.25,0.006166
128,710,24,0,80000,0.25,0.006449
128,710,25,0,80000,0.25,0.012014
128,710,26,0,80000,0.25,0.010067
128,710,27,0,80000,0.25,0.006175
128,710,28,0,80000,0.25,0.007414
128,710,29,0,80000,0.25,0.01155
128,710,30,0,80000,0.25,0.009337
128,710,31,0,80000,0.25,0.00337
128,710,32,0,80000,0.25,0.006979
128,710,33,0,80000,0.25,0.003292
128,710,34,0,80000,0.25,0.00341
128,710,35,0,80000,0.25,0.004437
128,710,36,0,80000,0.25,0.005425
128,710,37,0,80000,0.25,0.006766
128,710,38,0,80000,0.25,0.007336
128,710,39,0,80000,0.25,0.003643
128,710,40,0,80000,0.25,0.002508
128,710,41,0,80000,0.25,0.00301
128,710,42,0,80000,0.25,0.004023
128,710,43,0,80000,0.25,0.005044
128,710,44,0,80000,0.25,0.00343
128,710,45,0,80000,0.25,0.013621
128,710,46,0,80000,0.25,0.003632
128,710,47,0,80000,0.25,0.002634
128,710,48,0,80000,0.25,0.006415
128,710,49,0,80000,0.25,0.002841
128,710,50,0,80000,0.25,0.002973
128,710,51,0,80000,0.25,0.00579
128,710,52,0,80000,0.25,0.002159
128,710,53,0,80000,0.25,0.002599
128,710,54,0,80000,0.25,0.006725
128,710,55,0,80000,0.25,0.003802
128,710,56,0,80000,0.25,0.010173
128,710,57,0,80000,0.25,0.005369
128,710,58,0,80000,0.25,0.007056
128,710,59,0,80000,0.25,0.00287
128,710,60,0,80000,0.25,0.004817
128,710,61,0,80000,0.25,0.002323
128,710,62,0,80000,0.25,0.010941
128,710,63,0,80000,0.25,0.001237
128,710,64,0,80000,0.25,0.011757
128,710,65,0,80000,0.25,0.004437
128,710,66,0,80000,0.25,0.00562
128,710,67,0,80000,0.25,0.004386
128,710,68,0,80000,0.25,0.001561
128,710,69,0,80000,0.25,0.003227
128,710,70,0,80000,0.25,0.002769
128,710,71,0,80000,0.25,0.006461
128,710,72,0,80000,0.25,0.004292
128,710,73,0,80000,0.25,0.004522
128,710,74,0,80000,0.25,0.007343
128,710,75,0,80000,0.25,0.006426
128,710,76,0,80000,0.25,0.002735
128,710,77,0,80000,0.25,0.002936
128,710,78,0,80000,0.25,0.013348
128,710,79,0,80000,0.25,0.002844
128,710,80,0,80000,0.25,0.008662
128,710,81,0,80000,0.25,0.009482
128,710,82,0,80000,0.25,0.002249
128,710,83,0,80000,0.25,0.010549
128,710,84,0,80000,0.25,0.002008
128,710,85,0,80000,0.25,0.009958
128,710,86,0,80000,0.25,0.00113
128,710,87,0,80000,0.25,0.006075
128,710,88,0,80000,0.25,0.008045
128,710,89,0,80000,0.25,0.005145
128,710,90,0,80000,0.25,0.010075
128,710,91,0,80000,0.25,0.002969
128,710,92,0,80000,0.25,0.008052
128,710,93,0,80000,0.25,0.002584
128,710,94,0,80000,0.25,0.003272
128,710,95,0,80000,0.25,0.002475
128,710,96,0,80000,0.25,0.008589
128,710,97,0,80000,0.25,0.005719
128,710,98,0,80000,0.25,0.004742
128,710,99,0,80000,0.25,0.001627
128,710,100,0,80000,0.25,0.00539
128,710,101,0,80000,0.25,0.009854
128,710,102,0,80000,0.25,0.015009
128,710,103,0,80000,0.25,0.006038
128,710,104,0,80000,0.25,0.00386
128,710,105,0,80000,0.25,0.005314
128,710,106,0,80000,0.25,0.002969
128,710,107,0,80000,0.25,0.007615
128,710,108,0,80000,0.25,0.001939
128,710,109,0,80000,0.25,0.011606
128,710,110,0,80000,0.25,0.009687
128,710,111,0,80000,0.25,0.013358
128,710,112,0,80000,0.25,0.004495
128,710,113,0,80000,0.25,0.005258
128,710,114,0,80000,0.25,0.005783
128,710,115,0,80000,0.25,0.002431
128,710,116,0,80000,0.25,0.005901
128,710,117,0,80000,0.25,0.002381
128,710,118,0,80000,0.25,0.004299
128,710,119,0,80000,0.25,0.006941
128,710,120,0,80000,0.25,0.010925
128,710,121,0,80000,0.25,0.004916
128,710,122,0,80000,0.25,0.007936
128,710,123,0,80000,0.25,0.0083
128,710,124,0,80000,0.25,0.001984
128,710,125,0,80000,0.25,0.001886
128,710,126,0,80000,0.25,0.009209
128,710,127,0,80000,0.25,0.011306
128,710,128,0,80000,0.25,0.003482
128,710,129,0,80000,0.25,0.006818
128,710,130,0,80000,0.25,0.006075
128,710,131,0,80000,0.25,0.002786
128,710,132,0,80000,0.25,0.005096
128,710,133,0,80000,0.25,0.010634
128,710,134,0,80000,0.25,0.007037
128,710,135,0,80000,0.25,0.004028
128,710,136,0,80000,0.25,0.002492
128,710,137,0,80000,0.25,0.004516
128,710,138,0,80000,0.25,0.002912
128,710,139,0,80000,0.25,0.005853
128,710,140,0,80000,0.25,0.00208
128,710,141,0,80000,0.25,0.012422
128,710,142,0,80000,0.25,0.007122
128,710,143,0,80000,0.25,0.005972
128,710,144,0,80000,0.25,0.006771
128,710,145,0,80000,0.25,0.001895
128,710,146,0,80000,0.25,0.004123
128,710,147,0,80000,0.25,0.013692
128,710,148,0,80000,0.25,0.002498
128,710,149,0,80000,0.25,0.005211
128,710,150,0,80000,0.25,0.009245
128,710,151,0,80000,0.25,0.004544
128,710,152,0,80000,0.25,0.00455
128,710,153,0,80000,0.25,0.008625
128,710,154,0,80000,0.25,0.00342
128,710,155,0,80000,0.25,0.003973
128,710,156,0,80000,0.25,0.004073
128,710,157,0,80000,0.25,0.009878
128,710,158,0,80000,0.25,0.003922
128,710,159,0,80000,0.25,0.00353
128,710,160,0,80000,0.25,0.005344
128,710,161,0,80000,0.25,0.002255
128,710,162,0,80000,0.25,0.004589
128,710,163,0,80000,0.25,0.003397
128,710,164,0,80000,0.25,0.002558
128,710,165,0,80000,0.25,0.004576
128,710,166,0,80000,0.25,0.005142
128,710,167,0,80000,0.25,0.002985
128,710,168,0,80000,0.25,0.003553
128,710,169,0,80000,0.25,0.003544
128,710,170,0,80000,0.25,0.002385
128,710,171,0,80000,0.25,0.003513
128,710,172,0,80000,0.25,0.002987
128,710,173,0,80000,0.25,0.011416
128,710,174,0,80000,0.25,0.015758
128,710,175,0,80000,0.25,0.005199
128,710,176,0,80000,0.25,0.005508
128,710,177,0,80000,0.25,0.009151
128,710,178,0,80000,0.25,0.001621
128,710,179,0,80000,0.25,0.004557
128,710,180,0,80000,0.25,0.006821
128,710,181,0,80000,0.25,0.007323
128,710,182,0,80000,0.25,0.007378
128,710,183,0,80000,0.25,0.003398
128,710,184,0,80000,0.25,0.002212
128,710,185,0,80000,0.25,0.004728
128,710,186,0,80000,0.25,0.004077
128,710,187,0,80000,0.25,0.003334
128,710,188,0,80000,0.25,0.002985
128,710,189,0,80000,0.25,0.01158
128,710,190,0,80000,0.25,0.002175
128,710,191,0,80000,0.25,0.008786
128,710,192,0,80000,0.25,0.003309
128,710,193,0,80000,0.25,0.006232
128,710,194,0,80000,0.25,0.002166
128,710,195,0,80000,0.25,0.010838
128,710,196,0,80000,0.25,0.005602
128,710,197,0,80000,0.25,0.005374
128,710,198,0,80000,0.25,0.007365
128,710,199,0,80000,0.25,0.002329
128,710,200,0,80000,0.25,0.003465
128,710,201,0,80000,0.25,0.001749
128,710,202,0,80000,0.25,0.004605
128,710,203,0,80000,0.25,0.003231
128,710,204,0,80000,0.25,0.008022
128,710,205,0,80000,0.25,0.007154
128,710,206,0,80000,0.25,0.003381
128,710,207,0,80000,0.25,0.009957
128,710,208,0,80000,0.25,0.005277
128,710,209,0,80000,0.25,0.002265
128,710,210,0,80000,0.25,0.012733
128,710,211,0,80000,0.25,0.00401
128,710,212,0,80000,0.25,0.00292
128,710,213,0,80000,0.25,0.00384
128,710,214,0,80000,0.25,0.001592
128,710,215,0,80000,0.25,0.002425
128,710,216,0,80000,0.25,0.001649
128,710,217,0,80000,0.25,0.004731
128,710,218,0,80000,0.25,0.00476
128,710,219,0,80000,0.25,0.001775
128,710,220,0,80000,0.25,0.003672
128,710,221,0,80000,0.25,0.010817
128,710,222,0,80000,0.25,0.004731
128,710,223,0,80000,0.25,0.010807
128,710,224,0,80000,0.25,0.002213
128,710,225,0,80000,0.25,0.004271
128,710,226,0,80000,0.25,0.005367
128,710,227,0,80000,0.25,0.007064
128,710,228,0,80000,0.25,0.004459
128,710,229,0,80000,0.25,0.010309
128,710,230,0,80000,0.25,0.002992
128,710,231,0,80000,0.25,0.013523
128,710,232,0,80000,0.25,0.005304
128,710,233,0,80000,0.25,0.004842
128,710,234,0,80000,0.25,0.003395
128,710,235,0,80000,0.25,0.018873
128,710,236,0,80000,0.25,0.001619
128,710,237,0,80000,0.25,0.010098
128,710,238,0,80000,0.25,0.00439
128,710,239,0,80000,0.25,0.005351
128,710,240,0,80000,0.25,0.004108
128,710,241,0,80000,0.25,0.007146
128,710,242,0,80000,0.25,0.002381
128,710,243,0,80000,0.25,0.002571
128,710,244,0,80000,0.25,0.007621
128,710,245,0,80000,0.25,0.005959
128,710,246,0,80000,0.25,0.002121
128,710,247,0,80000,0.25,0.006474
128,710,248,0,80000,0.25,0.004698
128,710,249,0,80000,0.25,0.003281
128,710,250,0,80000,0.25,0.006026
128,710,251,0,80000,0.25,0.009516
128,710,252,0,80000,0.25,0.014912
128,710,253,0,80000,0.25,0.001937
128,710,254,0,80000,0.25,0.007349
128,710,255,0,80000,0.25,0.005937
128,710,256,0,80000,0.25,0.004918
128,710,257,0,80000,0.25,0.005554
128,710,258,0,80000,0.25,0.003285
128,710,259,0,80000,0.25,0.012997
128,710,260,0,80000,0.25,0.004166
128,710,261,0,80000,0.25,0.01218
128,710,262,0,80000,0.25,0.006065
128,710,263,0,80000,0.25,0.004407
128,710,264,0,80000,0.25,0.003347
128,710,265,0,80000,0.25,0.0019
128,710,266,0,80000,0.25,0.004394
128,710,267,0,80000,0.25,0.003259
128,710,268,0,80000,0.25,0.007811
128,710,269,0,80000,0.25,0.008818
128,710,270,0,80000,0.25,0.003857
128,710,271,0,80000,0.25,0.008555
128,710,272,0,80000,0.25,0.005077
128,710,273,0,80000,0.25,0.003605
128,710,274,0,80000,0.25,0.005811
128,710,275,0,80000,0.25,0.015056
128,710,276,0,80000,0.25,0.002107
128,710,277,0,80000,0.25,0.008927
128,710,278,0,80000,0.25,0.006503
128,710,279,0,80000,0.25,0.006271
128,710,280,0,80000,0.25,0.006159
128,710,281,0,80000,0.25,0.002628
128,710,282,0,80000,0.25,0.004435
128,710,283,0,80000,0.25,0.004091
128,710,284,0,80000,0.25,0.002341
128,710,285,0,80000,0.25,0.001833
128,710,286,0,80000,0.25,0.005852
128,710,287,0,80000,0.25,0.010666
128,710,288,0,80000,0.25,0.002321
128,710,289,0,80000,0.25,0.001972
128,710,290,0,80000,0.25,0.006736
128,710,291,0,80000,0.25,0.005777
128,710,292,0,80000,0.25,0.011514
128,710,293,0,80000,0.25,0.008907
128,710,294,0,80000,0.25,0.002469
128,710,295,0,80000,0.25,0.005449
128,710,296,0,80000,0.25,0.005843
128,710,297,0,80000,0.25,0.004946
128,710,298,0,80000,0.25,0.002716
128,710,299,0,80000,0.25,0.00712
128,710,300,0,80000,0.25,0.002568
128,710,301,0,80000,0.25,0.004419
128,710,302,0,80000,0.25,0.002877
128,710,303,0,80000,0.25,0.001333
128,710,304,0,80000,0.25,0.004299
128,710,305,0,80000,0.25,0.002756
128,710,306,0,80000,0.25,0.002725
128,710,307,0,80000,0.25,0.004409
128,710,308,0,80000,0.25,0.002241
128,710,309,0,80000,0.25,0.008268
128,710,310,0,80000,0.25,0.002931
128,710,311,0,80000,0.25,0.00367
128,710,312,0,80000,0.25,0.003307
128,710,313,0,80000,0.25,0.009356
128,710,314,0,80000,0.25,0.003022
128,710,315,0,80000,0.25,0.005905
128,710,316,0,80000,0.25,0.003028
128,710,317,0,80000,0.25,0.006785
128,710,318,0,80000,0.25,0.0046
128,710,319,0,80000,0.25,0.001992
128,710,320,0,80000,0.25,0.011453
128,710,321,0,80000,0.25,0.002486
128,710,322,0,80000,0.25,0.004994
128,710,323,0,80000,0.25,0.007221
128,710,324,0,80000,0.25,0.004581
128,710,325,0,80000,0.25,0.011188
128,710,326,0,80000,0.25,0.006221
128,710,327,0,80000,0.25,0.004214
128,710,328,0,80000,0.25,0.006336
128,710,329,0,80000,0.25,0.003042
128,710,330,0,80000,0.25,0.005135
128,710,331,0,80000,0.25,0.007187
128,710,332,0,80000,0.25,0.001592
128,710,333,0,80000,0.25,0.004883
128,710,334,0,80000,0.25,0.002048
128,710,335,0,80000,0.25,0.003237
128,710,336,0,80000,0.25,0.004254
128,710,337,0,80000,0.25,0.012693
128,710,338,0,80000,0.25,0.009471
128,710,339,0,80000,0.25,0.007146
128,710,340,0,80000,0.25,0.005708
128,710,341,0,80000,0.25,0.006365
128,710,342,0,80000,0.25,0.003926
128,710,343,0,80000,0.25,0.009081
128,710,344,0,80000,0.25,0.00445
128,710,345,0,80000,0.25,0.007759
128,710,346,0,80000,0.25,0.004593
128,710,347,0,80000,0.25,0.003078
128,710,348,0,80000,0.25,0.003571
128,710,349,0,80000,0.25,0.009291
128,710,350,0,80000,0.25,0.004575
128,710,351,0,80000,0.25,0.007368
128,710,352,0,80000,0.25,0.004901
128,710,353,0,80000,0.25,0.002279
128,710,354,0,80000,0.25,0.004095
128,710,355,0,80000,0.25,0.002729
128,710,356,0,80000,0.25,0.00977
128,710,357,0,80000,0.25,0.009543
128,710,358,0,80000,0.25,0.005555
128,710,359,0,80000,0.25,0.00344
128,710,360,0,80000,0.25,0.001983
128,710,361,0,80000,0.25,0.005261
128,710,362,0,80000,0.25,0.008017
128,710,363,0,80000,0.25,0.003992
128,710,364,0,80000,0.25,0.005781
128,710,365,0,80000,0.25,0.016803
128,710,366,0,80000,0.25,0.001593
128,710,367,0,80000,0.25,0.004145
128,710,368,0,80000,0.25,0.006378
128,710,369,0,80000,0.25,0.003623
128,710,370,0,80000,0.25,0.00173
128,710,371,0,80000,0.25,0.009642
128,710,372,0,80000,0.25,0.009082
128,710,373,0,80000,0.25,0.017582
128,710,374,0,80000,0.25,0.005787
128,710,375,0,80000,0.25,0.002651
128,710,376,0,80000,0.25,0.004932
128,710,377,0,80000,0.25,0.002268
128,710,378,0,80000,0.25,0.003223
128,710,379,0,80000,0.25,0.01187
128,710,380,0,80000,0.25,0.003343
128,710,381,0,80000,0.25,0.002591
128,710,382,0,80000,0.25,0.004453
128,710,383,0,80000,0.25,0.005572
128,710,384,0,80000,0.25,0.003769
128,710,385,0,80000,0.25,0.010405
128,710,386,0,80000,0.25,0.004733
128,710,387,0,80000,0.25,0.004443
128,710,388,0,80000,0.25,0.003863
128,710,389,0,80000,0.25,0.001671
128,710,390,0,80000,0.25,0.004255
128,710,391,0,80000,0.25,0.010759
128,710,392,0,80000,0.25,0.004066
128,710,393,0,80000,0.25,0.006521
128,710,394,0,80000,0.25,0.002786
128,710,395,0,80000,0.25,0.003119
128,710,396,0,80000,0.25,0.005917
128,710,397,0,80000,0.25,0.00429
128,710,398,0,80000,0.25,0.005747
128,710,399,0,80000,0.25,0.003572
128,710,400,0,80000,0.25,0.00318
128,736,1,0,80000,0.25,0.003652
128,736,2,0,80000,0.25,0.006351
128,736,3,0,80000,0.25,0.008905
128,736,4,0,80000,0.25,0.016079
128,736,5,0,80000,0.25,0.011746
128,736,6,0,80000,0.25,0.014533
128,736,7,0,80000,0.25,0.002111
128,736,8,0,80000,0.25,0.006768
128,736,9,0,80000,0.25,0.003039
128,736,10,0,80000,0.25,0.011049
128,736,11,0,80000,0.25,0.010179
128,736,12,0,80000,0.25,0.008968
128,736,13,0,80000,0.25,0.008807
128,736,14,0,80000,0.25,0.008162
128,736,15,0,80000,0.25,0.006179
128,736,16,0,80000,0.25,0.007442
128,736,17,0,80000,0.25,0.002899
128,736,18,0,80000,0.25,0.00636
128,736,19,0,80000,0.25,0.00546
128,736,20,0,80000,0.25,0.009708
128,736,21,0,80000,0.25,0.01277
128,736,22,0,80000,0.25,0.004729
128,736,23,0,80000,0.25,0.003717
128,736,24,0,80000,0.25,0.01545
128,736,25,0,80000,0.25,0.013743
128,736,26,0,80000,0.25,0.007328
128,736,27,0,80000,0.25,0.013238
128,736,28,0,80000,0.25,0.015455
128,736,29,0,80000,0.25,0.019788
128,736,30,0,80000,0.25,0.014845
128,736,31,0,80000,0.25,0.007729
128,736,32,0,80000,0.25,0.006063
128,736,33,0,80000,0.25,0.002496
128,736,34,0,80000,0.25,0.020809
128,736,35,0,80000,0.25,0.024703
128,736,36,0,80000,0.25,0.001468
128,736,37,0,80000,0.25,0.013835
128,736,38,0,80000,0.25,0.008589
128,736,39,0,80000,0.25,0.006762
128,736,40,0,80000,0.25,0.009368
128,736,41,0,80000,0.25,0.018586
128,736,42,0,80000,0.25,0.00869
128,736,43,0,80000,0.25,0.004179
128,736,44,0,80000,0.25,0.009921
128,736,45,0,80000,0.25,0.004385
128,736,46,0,80000,0.25,0.008787
128,736,47,0,80000,0.25,0.005951
128,736,48,0,80000,0.25,0.008349
128,736,49,0,80000,0.25,0.017618
128,736,50,0,80000,0.25,0.007185
128,736,51,0,80000,0.25,0.010794
128,736,52,0,80000,0.25,0.003198
128,736,53,0,80000,0.25,0.003458
128,736,54,0,80000,0.25,0.006905
128,736,55,0,80000,0.25,0.012442
128,736,56,0,80000,0.25,0.017399
128,736,57,0,80000,0.25,0.008201
128,736,58,0,80000,0.25,0.020448
128,736,59,0,80000,0.25,0.001995
128,736,60,0,80000,0.25,0.002248
128,736,61,0,80000,0.25,0.005266
128,736,62,0,80000,0.25,0.008363
128,736,63,0,80000,0.25,0.015826
128,736,64,0,80000,0.25,0.007185
128,736,65,0,80000,0.25,0.017119
128,736,66,0,80000,0.25,0.001801
128,736,67,0,80000,0.25,0.006707
128,736,68,0,80000,0.25,0.012674
128,736,69,0,80000,0.25,0.005986
128,736,70,0,80000,0.25,0.014544
128,736,71,0,80000,0.25,0.017945
128,736,72,0,80000,0.25,0.003174
128,736,73,0,80000,0.25,0.011924
128,736,74,0,80000,0.25,0.011636
128,736,75,0,80000,0.25,0.003327
128,736,76,0,80000,0.25,0.00357
128,736,77,0,80000,0.25,0.004171
128,736,78,0,80000,0.25,0.008103
128,736,79,0,80000,0.25,0.012021
128,736,80,0,80000,0.25,0.009752
128,736,81,0,80000,0.25,0.00224
128,736,82,0,80000,0.25,0.006804
128,736,83,0,80000,0.25,0.005911
128,736,84,0,80000,0.25,0.009861
128,736,85,0,80000,0.25,0.003635
128,736,86,0,80000,0.25,0.006098
128,736,87,0,80000,0.25,0.00305
128,736,88,0,80000,0.25,0.006939
128,736,89,0,80000,0.25,0.008987
128,736,90,0,80000,0.25,0.007253
128,736,91,0,80000,0.25,0.003028
128,736,92,0,80000,0.25,0.008576
128,736,93,0,80000,0.25,0.012152
128,736,94,0,80000,0.25,0.002908
128,736,95,0,80000,0.25,0.010533
128,736,96,0,80000,0.25,0.006106
128,736,97,0,80000,0.25,0.003428
128,736,98,0,80000,0.25,0.00825
128,736,99,0,80000,0.25,0.002158
128,736,100,0,80000,0.25,0.022369
128,736,101,0,80000,0.25,0.012984
128,736,102,0,80000,0.25,0.016402
128,736,103,0,80000,0.25,0.012086
128,736,104,0,80000,0.25,0.006778
128,736,105,0,80000,0.25,0.002818
128,736,106,0,80000,0.25,0.015902
128,736,107,0,80000,0.25,0.024735
128,736,108,0,80000,0.25,0.02753
128,736,109,0,80000,0.25,0.022251
128,736,110,0,80000,0.25,0.022204
128,736,111,0,80000,0.25,0.00887
128,736,112,0,80000,0.25,0.004657
128,736,113,0,80000,0.25,0.010478
128,736,114,0,80000,0.25,0.007738
128,736,115,0,80000,0.25,0.004352
128,736,116,0,80000,0.25,0.004556
128,736,117,0,80000,0.25,0.008704
128,736,118,0,80000,0.25,0.007598
128,736,119,0,80000,0.25,0.016912
128,736,120,0,80000,0.25,0.006665
128,736,121,0,80000,0.25,0.013786
128,736,122,0,80000,0.25,0.002738
128,736,123,0,80000,0.25,0.007987
128,736,124,0,80000,0.25,0.008653
128,736,125,0,80000,0.25,0.016972
128,736,126,0,80000,0.25,0.008385
128,736,127,0,80000,0.25,0.009185
128,736,128,0,80000,0.25,0.011826
128,736,129,0,80000,0.25,0.019429
128,736,130,0,80000,0.25,0.009432
128,736,131,0,80000,0.25,0.017276
128,736,132,0,80000,0.25,0.013144
128,736,133,0,80000,0.25,0.002569
128,736,134,0,80000,0.25,0.009608
128,736,135,0,80000,0.25,0.008053
128,736,136,0,80000,0.25,0.006922
128,736,137,0,80000,0.25,0.039771
128,736,138,0,80000,0.25,0.010075
128,736,139,0,80000,0.25,0.01182
128,736,140,0,80000,0.25,0.011523
128,736,141,0,80000,0.25,0.01922
128,736,142,0,80000,0.25,0.018037
128,736,143,0,80000,0.25,0.016982
128,736,144,0,80000,0.25,0.015595
128,736,145,0,80000,0.25,0.008433
128,736,146,0,80000,0.25,0.002246
128,736,147,0,80000,0.25,0.066109
128,736,148,0,80000,0.25,0.031703
128,736,149,0,80000,0.25,0.016251
128,736,150,0,80000,0.25,0.01295
128,736,151,0,80000,0.25,0.0092
128,736,152,0,80000,0.25,0.014858
128,736,153,0,80000,0.25,0.006794
128,736,154,0,80000,0.25,0.007451
128,736,155,0,80000,0.25,0.003931
128,736,156,0,80000,0.25,0.009073
128,736,157,0,80000,0.25,0.004125
128,736,158,0,80000,0.25,0.008926
128,736,159,0,80000,0.25,0.011745
128,736,160,0,80000,0.25,0.004022
128,736,161,0,80000,0.25,0.002003
128,736,162,0,80000,0.25,0.004757
128,736,163,0,80000,0.25,0.011958
128,736,164,0,80000,0.25,0.007874
128,736,165,0,80000,0.25,0.005938
128,736,166,0,80000,0.25,0.015042
128,736,167,0,80000,0.25,0.02557
128,736,168,0,80000,0.25,0.014665
128,736,169,0,80000,0.25,0.004215
128,736,170,0,80000,0.25,0.018997
128,736,171,0,80000,0.25,0.004704
128,736,172,0,80000,0.25,0.004634
128,736,173,0,80000,0.25,0.009514
128,736,174,0,80000,0.25,0.00578
128,736,175,0,80000,0.25,0.007526
128,736,176,0,80000,0.25,0.005411
128,736,177,0,80000,0.25,0.016742
128,736,178,0,80000,0.25,0.003274
128,736,179,0,80000,0.25,0.004489
128,736,180,0,80000,0.25,0.003292
128,736,181,0,80000,0.25,0.025223
128,736,182,0,80000,0.25,0.010412
128,736,183,0,80000,0.25,0.016088
128,736,184,0,80000,0.25,0.013054
128,736,185,0,80000,0.25,0.002691
128,736,186,0,80000,0.25,0.01189
128,736,187,0,80000,0.25,0.011118
128,736,188,0,80000,0.25,0.015002
128,736,189,0,80000,0.25,0.014071
128,736,190,0,80000,0.25,0.011186
128,736,191,0,80000,0.25,0.018978
128,736,192,0,80000,0.25,0.003707
128,736,193,0,80000,0.25,0.012987
128,736,194,0,80000,0.25,0.007953
128,736,195,0,80000,0.25,0.005474
128,736,196,0,80000,0.25,0.022138
128,736,197,0,80000,0.25,0.01214
128,736,198,0,80000,0.25,0.013172
128,736,199,0,80000,0.25,0.002644
128,736,200,0,80000,0.25,0.005115
128,736,201,0,80000,0.25,0.00502
128,736,202,0,80000,0.25,0.004815
128,736,203,0,80000,0.25,0.003521
128,736,204,0,80000,0.25,0.01162
128,736,205,0,80000,0.25,0.006113
128,736,206,0,80000,0.25,0.009624
128,736,207,0,80000,0.25,0.009599
128,736,208,0,80000,0.25,0.01544
128,736,209,0,80000,0.25,0.00319
128,736,210,0,80000,0.25,0.007727
128,736,211,0,80000,0.25,0.002487
128,736,212,0,80000,0.25,0.006492
128,736,213,0,80000,0.25,0.00868
128,736,214,0,80000,0.25,0.004882
128,736,215,0,80000,0.25,0.014996
128,736,216,0,80000,0.25,0.009979
128,736,217,0,80000,0.25,0.003084
128,736,218,0,80000,0.25,0.011204
128,736,219,0,80000,0.25,0.004598
128,736,220,0,80000,0.25,0.008604
128,736,221,0,80000,0.25,0.015115
128,736,222,0,80000,0.25,0.001833
128,736,223,0,80000,0.25,0.017347
128,736,224,0,80000,0.25,0.010053
128,736,225,0,80000,0.25,0.00752
128,736,226,0,80000,0.25,0.010779
128,736,227,0,80000,0.25,0.006771
128,736,228,0,80000,0.25,0.016612
128,736,229,0,80000,0.25,0.012267
128,736,230,0,80000,0.25,0.01503
128,736,231,0,80000,0.25,0.014685
128,736,232,0,80000,0.25,0.002512
128,736,233,0,80000,0.25,0.006706
128,736,234,0,80000,0.25,0.012096
128,736,235,0,80000,0.25,0.005836
128,736,236,0,80000,0.25,0.003094
128,736,237,0,80000,0.25,0.003387
128,736,238,0,80000,0.25,0.00418
128,736,239,0,80000,0.25,0.004892
128,736,240,0,80000,0.25,0.021792
128,736,241,0,80000,0.25,0.005464
128,736,242,0,80000,0.25,0.013091
128,736,243,0,80000,0.25,0.013597
128,736,244,0,80000,0.25,0.012062
128,736,245,0,80000,0.25,0.0082
128,736,246,0,80000,0.25,0.012908
128,736,247,0,80000,0.25,0.017028
128,736,248,0,80000,0.25,0.010905
128,736,249,0,80000,0.25,0.003487
128,736,250,0,80000,0.25,0.0109
128,736,251,0,80000,0.25,0.004989
128,736,252,0,80000,0.25,0.003933
128,736,253,0,80000,0.25,0.00803
128,736,254,0,80000,0.25,0.016469
128,736,255,0,80000,0.25,0.00436
128,736,256,0,80000,0.25,0.012095
128,736,257,0,80000,0.25,0.016464
128,736,258,0,80000,0.25,0.005584
128,736,259,0,80000,0.25,0.019021
128,736,260,0,80000,0.25,0.028455
128,736,261,0,80000,0.25,0.005869
128,736,262,0,80000,0.25,0.006425
128,736,263,0,80000,0.25,0.02201
128,736,264,0,80000,0.25,0.016202
128,736,265,0,80000,0.25,0.012315
128,736,266,0,80000,0.25,0.018766
128,736,267,0,80000,0.25,0.006521
128,736,268,0,80000,0.25,0.004801
128,736,269,0,80000,0.25,0.016368
128,736,270,0,80000,0.25,0.008212
128,736,271,0,80000,0.25,0.021335
128,736,272,0,80000,0.25,0.009543
128,736,273,0,80000,0.25,0.008945
128,736,274,0,80000,0.25,0.006717
128,736,275,0,80000,0.25,0.006067
128,736,276,0,80000,0.25,0.004095
128,736,277,0,80000,0.25,0.014413
128,736,278,0,80000,0.25,0.007115
128,736,279,0,80000,0.25,0.002147
128,736,280,0,80000,0.25,0.004195
128,736,281,0,80000,0.25,0.004865
128,736,282,0,80000,0.25,0.005217
128,736,283,0,80000,0.25,0.012676
128,736,284,0,80000,0.25,0.003774
128,736,285,0,80000,0.25,0.007823
128,736,286,0,80000,0.25,0.002301
128,736,287,0,80000,0.25,0.014313
128,736,288,0,80000,0.25,0.009098
128,736,289,0,80000,0.25,0.007611
128,736,290,0,80000,0.25,0.003165
128,736,291,0,80000,0.25,0.010951
128,736,292,0,80000,0.25,0.020861
128,736,293,0,80000,0.25,0.004576
128,736,294,0,80000,0.25,0.008512
128,736,295,0,80000,0.25,0.009058
128,736,296,0,80000,0.25,0.006275
128,736,297,0,80000,0.25,0.01425
128,736,298,0,80000,0.25,0.008611
128,736,299,0,80000,0.25,0.008775
128,736,300,0,80000,0.25,0.01018
128,736,301,0,80000,0.25,0.017412
128,736,302,0,80000,0.25,0.005087
128,736,303,0,80000,0.25,0.005928
128,736,304,0,80000,0.25,0.008071
128,736,305,0,80000,0.25,0.013834
128,736,306,0,80000,0.25,0.002139
128,736,307,0,80000,0.25,0.014299
128,736,308,0,80000,0.25,0.009727
128,736,309,0,80000,0.25,0.003021
128,736,310,0,80000,0.25,0.013078
128,736,311,0,80000,0.25,0.004699
128,736,312,0,80000,0.25,0.003955
128,736,313,0,80000,0.25,0.013038
128,736,314,0,80000,0.25,0.005238
128,736,315,0,80000,0.25,0.019986
128,736,316,0,80000,0.25,0.013078
128,736,317,0,80000,0.25,0.007683
128,736,318,0,80000,0.25,0.004939
128,736,319,0,80000,0.25,0.022095
128,736,320,0,80000,0.25,0.011176
128,736,321,0,80000,0.25,0.010865
128,736,322,0,80000,0.25,0.007763
128,736,323,0,80000,0.25,0.016491
128,736,324,0,80000,0.25,0.004555
128,736,325,0,80000,0.25,0.010474
128,736,326,0,80000,0.25,0.017228
128,736,327,0,80000,0.25,0.005184
128,736,328,0,80000,0.25,0.007269
128,736,329,0,80000,0.25,0.015106
128,736,330,0,80000,0.25,0.008115
128,736,331,0,80000,0.25,0.002878
128,736,332,0,80000,0.25,0.011661
128,736,333,0,80000,0.25,0.005362
128,736,334,0,80000,0.25,0.005176
128,736,335,0,80000,0.25,0.00303
128,736,336,0,80000,0.25,0.011126
128,736,337,0,80000,0.25,0.013248
128,736,338,0,80000,0.25,0.021933
128,736,339,0,80000,0.25,0.013659
128,736,340,0,80000,0.25,0.006671
128,736,341,0,80000,0.25,0.005276
128,736,342,0,80000,0.25,0.004856
128,736,343,0,80000,0.25,0.002574
128,736,344,0,80000,0.25,0.018026
128,736,345,0,80000,0.25,0.009438
128,736,346,0,80000,0.25,0.004356
128,736,347,0,80000,0.25,0.005793
128,736,348,0,80000,0.25,0.005871
128,736,349,0,80000,0.25,0.006365
128,736,350,0,80000,0.25,0.012429
128,736,351,0,80000,0.25,0.010217
128,736,352,0,80000,0.25,0.010302
128,736,353,0,80000,0.25,0.010805
128,736,354,0,80000,0.25,0.032696
128,736,355,0,80000,0.25,0.003898
128,736,356,0,80000,0.25,0.00533
128,736,357,0,80000,0.25,0.010411
128,736,358,0,80000,0.25,0.003787
128,736,359,0,80000,0.25,0.009571
128,736,360,0,80000,0.25,0.003771
128,736,361,0,80000,0.25,0.021557
128,736,362,0,80000,0.25,0.005284
128,736,363,0,80000,0.25,0.018795
128,736,364,0,80000,0.25,0.002268
128,736,365,0,80000,0.25,0.001762
128,736,366,0,80000,0.25,0.013965
128,736,367,0,80000,0.25,0.00394
128,736,368,0,80000,0.25,0.024963
128,736,369,0,80000,0.25,0.005255
128,736,370,0,80000,0.25,0.0035
128,736,371,0,80000,0.25,0.025413
128,736,372,0,80000,0.25,0.017041
128,736,373,0,80000,0.25,0.013707
128,736,374,0,80000,0.25,0.005789
128,736,375,0,80000,0.25,0.001283
128,736,376,0,80000,0.25,0.008077
128,736,377,0,80000,0.25,0.005011
128,736,378,0,80000,0.25,0.018069
128,736,379,0,80000,0.25,0.003533
128,736,380,0,80000,0.25,0.004948
128,736,381,0,80000,0.25,0.012516
128,736,382,0,80000,0.25,0.009827
128,736,383,0,80000,0.25,0.007725
128,736,384,0,80000,0.25,0.005661
128,736,385,0,80000,0.25,0.011476
128,736,386,0,80000,0.25,0.009514
128,736,387,0,80000,0.25,0.003173
128,736,388,0,80000,0.25,0.009847
128,736,389,0,80000,0.25,0.022017
128,736,390,0,80000,0.25,0.005832
128,736,391,0,80000,0.25,0.011613
128,736,392,0,80000,0.25,0.001026
128,736,393,0,80000,0.25,0.017201
128,736,394,0,80000,0.25,0.002623
128,736,395,0,80000,0.25,0.007195
128,736,396,0,80000,0.25,0.009222
128,736,397,0,80000,0.25,0.010117
128,736,398,0,80000,0.25,0.003554
128,736,399,0,80000,0.25,0.002359
128,736,400,0,80000,0.25,0.001343
128,762,1,0,80000,0.25,0.015001
128,762,2,0,80000,0.25,0.0166
128,762,3,0,80000,0.25,0.004729
128,762,4,0,80000,0.25,0.005003
128,762,5,0,80000,0.25,0.007863
128,762,6,0,80000,0.25,0.002812
128,762,7,0,80000,0.25,0.004454
128,762,8,0,80000,0.25,0.007219
128,762,9,0,80000,0.25,0.06674
128,762,10,0,80000,0.25,0.008455
128,762,11,0,80000,0.25,0.009483
128,762,12,0,80000,0.25,0.01405
128,762,13,0,80000,0.25,0.005649
128,762,14,0,80000,0.25,0.014787
128,762,15,0,80000,0.25,0.137352
128,762,16,0,80000,0.25,0.011494
128,762,17,0,80000,0.25,0.030865
128,762,18,0,80000,0.25,0.011103
128,762,19,0,80000,0.25,0.026349
128,762,20,0,80000,0.25,0.018911
128,762,21,0,80000,0.25,0.0179
128,762,22,0,80000,0.25,0.012264
128,762,23,0,80000,0.25,0.016571
128,762,24,0,80000,0.25,0.003781
128,762,25,0,80000,0.25,0.017965
128,762,26,0,80000,0.25,0.021864
128,762,27,0,80000,0.25,0.038816
128,762,28,0,80000,0.25,0.004391
128,762,29,0,80000,0.25,0.026426
128,762,30,0,80000,0.25,0.021975
128,762,31,0,80000,0.25,0.005733
128,762,32,0,80000,0.25,0.012838
128,762,33,0,80000,0.25,0.017544
128,762,34,0,80000,0.25,0.017156
128,762,35,0,80000,0.25,0.008251
128,762,36,0,80000,0.25,0.04723
128,762,37,0,80000,0.25,0.009378
128,762,38,0,80000,0.25,0.012914
128,762,39,0,80000,0.25,0.044454
128,762,40,0,80000,0.25,0.00772
128,762,41,0,80000,0.25,0.027821
128,762,42,0,80000,0.25,0.003599
128,762,43,0,80000,0.25,0.034449
128,762,44,0,80000,0.25,0.011042
128,762,45,0,80000,0.25,0.005479
128,762,46,0,80000,0.25,0.010762
128,762,47,0,80000,0.25,0.028789
128,762,48,0,80000,0.25,0.003733
128,762,49,0,80000,0.25,0.033669
128,762,50,0,80000,0.25,0.010055
128,762,51,0,80000,0.25,0.007027
128,762,52,0,80000,0.25,0.001894
128,762,53,0,80000,0.25,0.003277
128,762,54,0,80000,0.25,0.017423
128,762,55,0,80000,0.25,0.036907
128,762,56,0,80000,0.25,0.019745
128,762,57,0,80000,0.25,0.005349
128,762,58,0,80000,0.25,0.012737
128,762,59,0,80000,0.25,0.02284
128,762,60,0,80000,0.25,0.027033
128,762,61,0,80000,0.25,0.005836
128,762,62,0,80000,0.25,0.050499
128,762,63,0,80000,0.25,0.038312
128,762,64,0,80000,0.25,0.013471
128,762,65,0,80000,0.25,0.008649
128,762,66,0,80000,0.25,0.020043
128,762,67,0,80000,0.25,0.001463
128,762,68,0,80000,0.25,0.024802
128,762,69,0,80000,0.25,0.004022
128,762,70,0,80000,0.25,0.007942
128,762,71,0,80000,0.25,0.013427
128,762,72,0,80000,0.25,0.0084
128,762,73,0,80000,0.25,0.003064
128,762,74,0,80000,0.25,0.031093
128,762,75,0,80000,0.25,0.005925
128,762,76,0,80000,0.25,0.017272
128,762,77,0,80000,0.25,0.060885
128,762,78,0,80000,0.25,0.009211
128,762,79,0,80000,0.25,0.002581
128,762,80,0,80000,0.25,0.008154
128,762,81,0,80000,0.25,0.017647
128,762,82,0,80000,0.25,0.01188
128,762,83,0,80000,0.25,0.049031
128,762,84,0,80000,0.25,0.006975
128,762,85,0,80000,0.25,0.00707
128,762,86,0,80000,0.25,0.021905
128,762,87,0,80000,0.25,0.010499
128,762,88,0,80000,0.25,0.011262
128,762,89,0,80000,0.25,0.006941
128,762,90,0,80000,0.25,0.002647
128,762,91,0,80000,0.25,0.009375
128,762,92,0,80000,0.25,0.010719
128,762,93,0,80000,0.25,0.040811
128,762,94,0,80000,0.25,0.014178
128,762,95,0,80000,0.25,0.006655
128,762,96,0,80000,0.25,0.017641
128,762,97,0,80000,0.25,0.004732
128,762,98,0,80000,0.25,0.025195
128,762,99,0,80000,0.25,0.00185
128,762,100,0,80000,0.25,0.019296
128,762,101,0,80000,0.25,0.010313
128,762,102,0,80000,0.25,0.018049
128,762,103,0,80000,0.25,0.010936
128,762,104,0,80000,0.25,0.005907
128,762,105,0,80000,0.25,0.023419
128,762,106,0,80000,0.25,0.041045
128,762,107,0,80000,0.25,0.030822
128,762,108,0,80000,0.25,0.018989
128,762,109,0,80000,0.25,0.033537
128,762,110,0,80000,0.25,0.024953
128,762,111,0,80000,0.25,0.015004
128,762,112,0,80000,0.25,0.110188
128,762,113,0,80000,0.25,0.023385
128,762,114,0,80000,0.25,0.095393
128,762,115,0,80000,0.25,0.222691
128,762,116,0,80000,0.25,0.053171
128,762,117,0,80000,0.25,0.013342
128,762,118,0,80000,0.25,0.027876
128,762,119,0,80000,0.25,0.008659
128,762,120,0,80000,0.25,0.016877
128,762,121,0,80000,0.25,0.051215
128,762,122,0,80000,0.25,0.032129
128,762,123,0,80000,0.25,0.012102
128,762,124,0,80000,0.25,0.019711
128,762,125,0,80000,0.25,0.187293
128,762,126,0,80000,0.25,0.024316
128,762,127,0,80000,0.25,0.020934
128,762,128,0,80000,0.25,0.010933
128,762,129,0,80000,0.25,0.057329
128,762,130,0,80000,0.25,0.021147
128,762,131,0,80000,0.25,0.010594
128,762,132,0,80000,0.25,0.010725
128,762,133,0,80000,0.25,0.029056
128,762,134,0,80000,0.25,0.03066
128,762,135,0,80000,0.25,0.022071
128,762,136,0,80000,0.25,0.023048
128,762,137,0,80000,0.25,0.040068
128,762,138,0,80000,0.25,0.019961
128,762,139,0,80000,0.25,0.012148
128,762,140,0,80000,0.25,0.044512
128,762,141,0,80000,0.25,0.005214
128,762,142,0,80000,0.25,0.017484
128,762,143,0,80000,0.25,0.022935
128,762,144,0,80000,0.25,0.057167
128,762,145,0,80000,0.25,0.013509
128,762,146,0,80000,0.25,0.10452
128,762,147,0,80000,0.25,0.009925
128,762,148,0,80000,0.25,0.027495
128,762,149,0,80000,0.25,0.005749
128,762,150,0,80000,0.25,0.079079
128,762,151,0,80000,0.25,0.012429
128,762,152,0,80000,0.25,0.020293
128,762,153,0,80000,0.25,0.043252
128,762,154,0,80000,0.25,0.024125
128,762,155,0,80000,0.25,0.018294
128,762,156,0,80000,0.25,0.014364
128,762,157,0,80000,0.25,0.016891
128,762,158,0,80000,0.25,0.012378
128,762,159,0,80000,0.25,0.01658
128,762,160,0,80000,0.25,0.012154
128,762,161,0,80000,0.25,0.024553
128,762,162,0,80000,0.25,0.019184
128,762,163,0,80000,0.25,0.016322
128,762,164,0,80000,0.25,0.08461
128,762,165,0,80000,0.25,0.006348
128,762,166,0,80000,0.25,0.010324
128,762,167,0,80000,0.25,0.013079
128,762,168,0,80000,0.25,0.019204
128,762,169,0,80000,0.25,0.013783
128,762,170,0,80000,0.25,0.011639
128,762,171,0,80000,0.25,0.01201
128,762,172,0,80000,0.25,0.085138
128,762,173,0,80000,0.25,0.03339
128,762,174,0,80000,0.25,0.022108
128,762,175,0,80000,0.25,0.043085
128,762,176,0,80000,0.25,0.005028
128,762,177,0,80000,0.25,0.017227
128,762,178,0,80000,0.25,0.012334
128,762,179,0,80000,0.25,0.006608
128,762,180,0,80000,0.25,0.017567
128,762,181,0,80000,0.25,0.013384
128,762,182,0,80000,0.25,0.013335
128,762,183,0,80000,0.25,0.012613
128,762,184,0,80000,0.25,0.017875
128,762,185,0,80000,0.25,0.02313
128,762,186,0,80000,0.25,0.012271
128,762,187,0,80000,0.25,0.005313
128,762,188,0,80000,0.25,0.013247
128,762,189,0,80000,0.25,0.010559
128,762,190,0,80000,0.25,0.077704
128,762,191,0,80000,0.25,0.00433
128,762,192,0,80000,0.25,0.007005
128,762,193,0,80000,0.25,0.015903
128,762,194,0,80000,0.25,0.044291
128,762,195,0,80000,0.25,0.091837
128,762,196,0,80000,0.25,0.004074
128,762,197,0,80000,0.25,0.012207
128,762,198,0,80000,0.25,0.005166
128,762,199,0,80000,0.25,0.015352
128,762,200,0,80000,0.25,0.022132
128,762,201,0,80000,0.25,0.058202
128,762,202,0,80000,0.25,0.225293
128,762,203,0,80000,0.25,0.01488
128,762,204,0,80000,0.25,0.038412
128,762,205,0,80000,0.25,0.028802
128,762,206,0,80000,0.25,0.011936
128,762,207,0,80000,0.25,0.019283
128,762,208,0,80000,0.25,0.003546
128,762,209,0,80000,0.25,0.028882
128,762,210,0,80000,0.25,0.007573
128,762,211,0,80000,0.25,0.013859
128,762,212,0,80000,0.25,0.004297
128,762,213,0,80000,0.25,0.010735
128,762,214,0,80000,0.25,0.023533
128,762,215,0,80000,0.25,0.027362
128,762,216,0,80000,0.25,0.010676
128,762,217,0,80000,0.25,0.021509
128,762,218,0,80000,0.25,0.003899
128,762,219,0,80000,0.25,0.012468
128,762,220,0,80000,0.25,0.010957
128,762,221,0,80000,0.25,0.024072
128,762,222,0,80000,0.25,0.009555
128,762,223,0,80000,0.25,0.012683
128,762,224,0,80000,0.25,0.040832
128,762,225,0,80000,0.25,0.026703
128,762,226,0,80000,0.25,0.038114
128,762,227,0,80000,0.25,0.046113
128,762,228,0,80000,0.25,0.012101
128,762,229,0,80000,0.25,0.061067
128,762,230,0,80000,0.25,0.095225
128,762,231,0,80000,0.25,0.010642
128,762,232,0,80000,0.25,0.014054
128,762,233,0,80000,0.25,0.004284
128,762,234,0,80000,0.25,0.018394
128,762,235,0,80000,0.25,0.022478
128,762,236,0,80000,0.25,0.016502
128,762,237,0,80000,0.25,0.006118
128,762,238,0,80000,0.25,0.003874
128,762,239,0,80000,0.25,0.010667
128,762,240,0,80000,0.25,0.025807
128,762,241,0,80000,0.25,0.010197
128,762,242,0,80000,0.25,0.02115
128,762,243,0,80000,0.25,0.057045
128,762,244,0,80000,0.25,0.148102
128,762,245,0,80000,0.25,0.008158
128,762,246,0,80000,0.25,0.010169
128,762,247,0,80000,0.25,0.008464
128,762,248,0,80000,0.25,0.019125
128,762,249,0,80000,0.25,0.004114
128,762,250,0,80000,0.25,0.014479
128,762,251,0,80000,0.25,0.006535
128,762,252,0,80000,0.25,0.007101
128,762,253,0,80000,0.25,0.005375
128,762,254,0,80000,0.25,0.009888
128,762,255,0,80000,0.25,0.035889
128,762,256,0,80000,0.25,0.017495
128,762,257,0,80000,0.25,0.021761
128,762,258,0,80000,0.25,0.008498
128,762,259,0,80000,0.25,0.100437
128,762,260,0,80000,0.25,0.004499
128,762,261,0,80000,0.25,0.008146
128,762,262,0,80000,0.25,0.013937
128,762,263,0,80000,0.25,0.020067
128,762,264,0,80000,0.25,0.011044
128,762,265,0,80000,0.25,0.01649
128,762,266,0,80000,0.25,0.011597
128,762,267,0,80000,0.25,0.012081
128,762,268,0,80000,0.25,0.005021
128,762,269,0,80000,0.25,0.018904
128,762,270,0,80000,0.25,0.006484
128,762,271,0,80000,0.25,0.021115
128,762,272,0,80000,0.25,0.068018
128,762,273,0,80000,0.25,0.008196
128,762,274,0,80000,0.25,0.022457
128,762,275,0,80000,0.25,0.009834
128,762,276,0,80000,0.25,0.013372
128,762,277,0,80000,0.25,0.011881
128,762,278,0,80000,0.25,0.008331
128,762,279,0,80000,0.25,0.012144
128,762,280,0,80000,0.25,0.012919
128,762,281,0,80000,0.25,0.01898
128,762,282,0,80000,0.25,0.025725
128,762,283,0,80000,0.25,0.005252
128,762,284,0,80000,0.25,0.008957
128,762,285,0,80000,0.25,0.01171
128,762,286,0,80000,0.25,0.004325
128,762,287,0,80000,0.25,0.043149
128,762,288,0,80000,0.25,0.018848
128,762,289,0,80000,0.25,0.00748
128,762,290,0,80000,0.25,0.018483
128,762,291,0,80000,0.25,0.022954
128,762,292,0,80000,0.25,0.016606
128,762,293,0,80000,0.25,0.033811
128,762,294,0,80000,0.25,0.02625
128,762,295,0,80000,0.25,0.014987
128,762,296,0,80000,0.25,0.028077
128,762,297,0,80000,0.25,0.029559
128,762,298,0,80000,0.25,0.011669
128,762,299,0,80000,0.25,0.010383
128,762,300,0,80000,0.25,0.028389
128,762,301,0,80000,0.25,0.013139
128,762,302,0,80000,0.25,0.012975
128,762,303,0,80000,0.25,0.019387
128,762,304,0,80000,0.25,0.016391
128,762,305,0,80000,0.25,0.012559
128,762,306,0,80000,0.25,0.018389
128,762,307,0,80000,0.25,0.010817
128,762,308,0,80000,0.25,0.015034
128,762,309,0,80000,0.25,0.009606
128,762,310,0,80000,0.25,0.016337
128,762,311,0,80000,0.25,0.005703
128,762,312,0,80000,0.25,0.018254
128,762,313,0,80000,0.25,0.012602
128,762,314,0,80000,0.25,0.005667
128,762,315,0,80000,0.25,0.028673
128,762,316,0,80000,0.25,0.018995
128,762,317,0,80000,0.25,0.001989
128,762,318,0,80000,0.25,0.013998
128,762,319,0,80000,0.25,0.026936
128,762,320,0,80000,0.25,0.003794
128,762,321,0,80000,0.25,0.039773
128,762,322,0,80000,0.25,0.011589
128,762,323,0,80000,0.25,0.011704
128,762,324,0,80000,0.25,0.010973
128,762,325,0,80000,0.25,0.011449
128,762,326,0,80000,0.25,0.023809
128,762,327,0,80000,0.25,0.025204
128,762,328,0,80000,0.25,0.016615
128,762,329,0,80000,0.25,0.03572
128,762,330,0,80000,0.25,0.022623
128,762,331,0,80000,0.25,0.013648
128,762,332,0,80000,0.25,0.024004
128,762,333,0,80000,0.25,0.015558
128,762,334,0,80000,0.25,0.009359
128,762,335,0,80000,0.25,0.030042
128,762,336,0,80000,0.25,0.029649
128,762,337,0,80000,0.25,0.014395
128,762,338,0,80000,0.25,0.002933
128,762,339,0,80000,0.25,0.051617
128,762,340,0,80000,0.25,0.006549
128,762,341,0,80000,0.25,0.003489
128,762,342,0,80000,0.25,0.014662
128,762,343,0,80000,0.25,0.004903
128,762,344,0,80000,0.25,0.006549
128,762,345,0,80000,0.25,0.01097
128,762,346,0,80000,0.25,0.015099
128,762,347,0,80000,0.25,0.011471
128,762,348,0,80000,0.25,0.006455
128,762,349,0,80000,0.25,0.012732
128,762,350,0,80000,0.25,0.01365
128,762,351,0,80000,0.25,0.016079
128,762,352,0,80000,0.25,0.00981
128,762,353,0,80000,0.25,0.019725
128,762,354,0,80000,0.25,0.002971
128,762,355,0,80000,0.25,0.009874
128,762,356,0,80000,0.25,0.036774
128,762,357,0,80000,0.25,0.015194
128,762,358,0,80000,0.25,0.009151
128,762,359,0,80000,0.25,0.015943
128,762,360,0,80000,0.25,0.008724
128,762,361,0,80000,0.25,0.003618
128,762,362,0,80000,0.25,0.005007
128,762,363,0,80000,0.25,0.014977
128,762,364,0,80000,0.25,0.016214
128,762,365,0,80000,0.25,0.038872
128,762,366,0,80000,0.25,0.002944
128,762,367,0,80000,0.25,0.008249
128,762,368,0,80000,0.25,0.007825
128,762,369,0,80000,0.25,0.002537
128,762,370,0,80000,0.25,0.056506
128,762,371,0,80000,0.25,0.003908
128,762,372,0,80000,0.25,0.011274
128,762,373,0,80000,0.25,0.017465
128,762,374,0,80000,0.25,0.023872
128,762,375,0,80000,0.25,0.03436
128,762,376,0,80000,0.25,0.037889
128,762,377,0,80000,0.25,0.048553
128,762,378,0,80000,0.25,0.015391
128,762,379,0,80000,0.25,0.017705
128,762,380,0,80000,0.25,0.012485
128,762,381,0,80000,0.25,0.013495
128,762,382,0,80000,0.25,0.015962
128,762,383,0,80000,0.25,0.004825
128,762,384,0,80000,0.25,0.019854
128,762,385,0,80000,0.25,0.006416
128,762,386,0,80000,0.25,0.018279
128,762,387,0,80000,0.25,0.003377
128,762,388,0,80000,0.25,0.05116
128,762,389,0,80000,0.25,0.011158
128,762,390,0,80000,0.25,0.005901
128,762,391,0,80000,0.25,0.01108
128,762,392,0,80000,0.25,0.009824
128,762,393,0,80000,0.25,0.003451
128,762,394,0,80000,0.25,0.011098
128,762,395,0,80000,0.25,0.006713
128,762,396,0,80000,0.25,0.016846
128,762,397,0,80000,0.25,0.024773
128,762,398,0,80000,0.25,0.008204
128,762,399,0,80000,0.25,0.02017
128,762,400,0,80000,0.25,0.017124
128,787,1,0,80000,0.25,0.050048
128,787,2,0,80000,0.25,0.027467
128,787,3,0,80000,0.25,0.001628
128,787,4,0,80000,0.25,0.001952
128,787,5,0,80000,0.25,0.108843
128,787,6,0,80000,0.25,0.08139
128,787,7,0,80000,0.25,0.70706
128,787,8,0,80000,0.25,0.013582
128,787,9,0,80000,0.25,0.058309
128,787,10,0,80000,0.25,0.151682
128,787,11,0,80000,0.25,0.386366
128,787,12,0,80000,0.25,0.068077
128,787,13,0,80000,0.25,0.176654
128,787,14,0,80000,0.25,0.046223
128,787,15,0,80000,0.25,0.129151
128,787,16,0,80000,0.25,0.462171
128,787,17,0,80000,0.25,0.13508
128,787,18,0,80000,0.25,0.095867
128,787,19,0,80000,0.25,0.058799
128,787,20,0,80000,0.25,0.028821
128,787,21,0,80000,0.25,0.016722
128,787,22,0,80000,0.25,0.01091
128,787,23,0,80000,0.25,0.343333
128,787,24,0,80000,0.25,0.152064
128,787,25,0,80000,0.25,0.063258
128,787,26,0,80000,0.25,0.032336
128,787,27,0,80000,0.25,0.057136
128,787,28,0,80000,0.25,0.002672
128,787,29,0,80000,0.25,0.016193
128,787,30,0,80000,0.25,0.013416
128,787,31,0,80000,0.25,0.014107
128,787,32,0,80000,0.25,0.332591
128,787,33,0,80000,0.25,0.012077
128,787,34,0,80000,0.25,0.009205
128,787,35,0,80000,0.25,0.019989
128,787,36,0,80000,0.25,0.020527
128,787,37,1,80000,0.25,1.4851
128,787,38,0,80000,0.25,0.045355
128,787,39,0,80000,0.25,0.041642
128,787,40,1,80000,0.25,1.49517
128,787,41,0,80000,0.25,0.053121
128,787,42,0,80000,0.25,0.013457
128,787,43,0,80000,0.25,0.064346
128,787,44,0,80000,0.25,0.16034
128,787,45,0,80000,0.25,0.002971
128,787,46,0,80000,0.25,0.031337
128,787,47,0,80000,0.25,0.113864
128,787,48,0,80000,0.25,0.159196
128,787,49,0,80000,0.25,0.004119
128,787,50,0,80000,0.25,0.008332
128,787,51,0,80000,0.25,0.017802
128,787,52,0,80000,0.25,0.017091
128,787,53,0,80000,0.25,0.017647
128,787,54,0,80000,0.25,1.0072
128,787,55,0,80000,0.25,0.016048
128,787,56,0,80000,0.25,0.017364
128,787,57,0,80000,0.25,0.019609
128,787,58,0,80000,0.25,0.161655
128,787,59,0,80000,0.25,0.109869
128,787,60,0,80000,0.25,0.010833
128,787,61,0,80000,0.25,0.110167
128,787,62,0,80000,0.25,0.031936
128,787,63,1,80000,0.25,1.50149
128,787,64,0,80000,0.25,0.526456
128,787,65,0,80000,0.25,0.042067
128,787,66,0,80000,0.25,0.031798
128,787,67,0,80000,0.25,0.017956
128,787,68,0,80000,0.25,0.129074
128,787,69,0,80000,0.25,0.740362
128,787,70,0,80000,0.25,0.030886
128,787,71,0,80000,0.25,0.005034
128,787,72,0,80000,0.25,0.139125
128,787,73,0,80000,0.25,0.01776
128,787,74,0,80000,0.25,0.04096
128,787,75,0,80000,0.25,0.109772
128,787,76,0,80000,0.25,0.036625
128,787,77,0,80000,0.25,0.084928
128,787,78,0,80000,0.25,0.014279
128,787,79,0,80000,0.25,0.014554
128,787,80,0,80000,0.25,0.08746
128,787,81,0,80000,0.25,0.071186
128,787,82,0,80000,0.25,0.024916
128,787,83,0,80000,0.25,0.032357
128,787,84,0,80000,0.25,0.003378
128,787,85,0,80000,0.25,0.008678
128,787,86,0,80000,0.25,0.015964
128,787,87,0,80000,0.25,0.019218
128,787,88,0,80000,0.25,0.026643
128,787,89,0,80000,0.25,0.006447
128,787,90,0,80000,0.25,0.00918
128,787,91,0,80000,0.25,0.017683
128,787,92,0,80000,0.25,0.07937
128,787,93,0,80000,0.25,0.191952
128,787,94,0,80000,0.25,0.02718
128,787,95,0,80000,0.25,0.022229
128,787,96,0,80000,0.25,0.038974
128,787,97,0,80000,0.25,1.20469
128,787,98,0,80000,0.25,0.00689
128,787,99,0,80000,0.25,0.018507
128,787,100,0,80000,0.25,0.024774
128,787,101,0,80000,0.25,0.183911
128,787,102,0,80000,0.25,0.350354
128,787,103,0,80000,0.25,0.002632
128,787,104,0,80000,0.25,0.19212
128,787,105,0,80000,0.25,0.020604
128,787,106,0,80000,0.25,0.200365
128,787,107,0,80000,0.25,0.125736
128,787,108,0,80000,0.25,0.034911
128,787,109,0,80000,0.25,0.13466
128,787,110,0,80000,0.25,0.023439
128,787,111,1,80000,0.25,1.50501
128,787,112,0,80000,0.25,0.044201
128,787,113,0,80000,0.25,0.098102
128,787,114,0,80000,0.25,0.05866
128,787,115,0,80000,0.25,0.015213
128,787,116,0,80000,0.25,0.023946
128,787,117,0,80000,0.25,0.019597
128,787,118,0,80000,0.25,0.102432
128,787,119,0,80000,0.25,1.18309
128,787,120,0,80000,0.25,0.018405
128,787,121,0,80000,0.25,1.05122
128,787,122,0,80000,0.25,0.05568
128,787,123,0,80000,0.25,0.027537
128,787,124,0,80000,0.25,0.121894
128,787,125,0,80000,0.25,0.039493
128,787,126,0,80000,0.25,0.032767
128,787,127,0,80000,0.25,0.017164
128,787,128,0,80000,0.25,0.381456
128,787,129,0,80000,0.25,0.06167
128,787,130,0,80000,0.25,0.011782
128,787,131,0,80000,0.25,0.118364
128,787,132,1,80000,0.25,1.50137
128,787,133,0,80000,0.25,0.010711
128,787,134,0,80000,0.25,0.137709
128,787,135,0,80000,0.25,0.200448
128,787,136,0,80000,0.25,0.014147
128,787,137,0,80000,0.25,0.038499
128,787,138,0,80000,0.25,0.835033
128,787,139,0,80000,0.25,0.032355
128,787,140,0,80000,0.25,0.02405
128,787,141,1,80000,0.25,1.50576
128,787,142,0,80000,0.25,0.06162
128,787,143,0,80000,0.25,0.123328
128,787,144,0,80000,0.25,0.00794
128,787,145,0,80000,0.25,0.022873
128,787,146,0,80000,0.25,0.020951
128,787,147,0,80000,0.25,0.025827
128,787,148,0,80000,0.25,0.075553
128,787,149,0,80000,0.25,0.152786
128,787,150,0,80000,0.25,1.02442
128,787,151,0,80000,0.25,0.013609
128,787,152,0,80000,0.25,0.007379
128,787,153,0,80000,0.25,0.029079
128,787,154,0,80000,0.25,0.390376
128,787,155,0,80000,0.25,0.354874
128,787,156,0,80000,0.25,0.011423
128,787,157,0,80000,0.25,0.021619
128,787,158,0,80000,0.25,0.034166
128,787,159,0,80000,0.25,0.021748
128,787,160,0,80000,0.25,0.02939
128,787,161,0,80000,0.25,0.031246
128,787,162,0,80000,0.25,0.015284
128,787,163,0,80000,0.25,0.068038
128,787,164,0,80000,0.25,0.192328
128,787,165,0,80000,0.25,0.046924
128,787,166,0,80000,0.25,0.052604
128,787,167,0,80000,0.25,0.086073
128,787,168,0,80000,0.25,0.017811
128,787,169,1,80000,0.25,1.50499
128,787,170,0,80000,0.25,0.022912
128,787,171,0,80000,0.25,0.018148
128,787,172,0,80000,0.25,0.10031
128,787,173,0,80000,0.25,0.085197
128,787,174,0,80000,0.25,0.122884
128,787,175,0,80000,0.25,0.026799
128,787,176,0,80000,0.25,0.104688
128,787,177,0,80000,0.25,1.15983
128,787,178,0,80000,0.25,0.128809
128,787,179,0,80000,0.25,0.050918
128,787,180,0,80000,0.25,0.017646
128,787,181,0,80000,0.25,0.005509
128,787,182,0,80000,0.25,0.03938
128,787,183,0,80000,0.25,0.07167
128,787,184,0,80000,0.25,0.040587
128,787,185,0,80000,0.25,0.030887
128,787,186,0,80000,0.25,0.028051
128,787,187,0,80000,0.25,0.026173
128,787,188,0,80000,0.25,0.015999
128,787,189,0,80000,0.25,0.040904
128,787,190,0,80000,0.25,0.138557
128,787,191,0,80000,0.25,0.013364
128,787,192,0,80000,0.25,0.007861
128,787,193,0,80000,0.25,0.023805
128,787,194,0,80000,0.25,0.012961
128,787,195,0,80000,0.25,0.012205
128,787,196,0,80000,0.25,0.021184
128,787,197,0,80000,0.25,0.044499
128,787,198,0,80000,0.25,0.039057
128,787,199,0,80000,0.25,0.37403
128,787,200,0,80000,0.25,0.015613
128,787,201,0,80000,0.25,0.035241
128,787,202,0,80000,0.25,0.141721
128,787,203,0,80000,0.25,0.019462
128,787,204,0,80000,0.25,0.017455
128,787,205,0,80000,0.25,0.010559
128,787,206,0,80000,0.25,0.003497
128,787,207,0,80000,0.25,0.040859
128,787,208,0,80000,0.25,0.038045
128,787,209,0,80000,0.25,0.006747
128,787,210,0,80000,0.25,0.028231
128,787,211,0,80000,0.25,0.015207
128,787,212,0,80000,0.25,0.226552
128,787,213,0,80000,0.25,0.128237
128,787,214,0,80000,0.25,0.023519
128,787,215,0,80000,0.25,0.448033
128,787,216,0,80000,0.25,0.005723
128,787,217,0,80000,0.25,0.008188
128,787,218,0,80000,0.25,0.059784
128,787,219,0,80000,0.25,0.577012
128,787,220,0,80000,0.25,0.02795
128,787,221,0,80000,0.25,0.074657
128,787,222,0,80000,0.25,0.034616
128,787,223,0,80000,0.25,0.080311
128,787,224,0,80000,0.25,0.05745
128,787,225,0,80000,0.25,0.167557
128,787,226,0,80000,0.25,0.101271
128,787,227,0,80000,0.25,0.009072
128,787,228,0,80000,0.25,0.031607
128,787,229,0,80000,0.25,0.035845
128,787,230,0,80000,0.25,0.031551
128,787,231,0,80000,0.25,0.076563
128,787,232,0,80000,0.25,0.924762
128,787,233,0,80000,0.25,0.026408
128,787,234,0,80000,0.25,0.01139
128,787,235,0,80000,0.25,0.01921
128,787,236,0,80000,0.25,0.723825
128,787,237,0,80000,0.25,0.027986
128,787,238,0,80000,0.25,0.085122
128,787,239,0,80000,0.25,0.019706
128,787,240,0,80000,0.25,0.137511
128,787,241,0,80000,0.25,0.026233
128,787,242,0,80000,0.25,0.393918
128,787,243,0,80000,0.25,0.04513
128,787,244,0,80000,0.25,0.150156
128,787,245,0,80000,0.25,0.077874
128,787,246,1,80000,0.25,1.49526
128,787,247,0,80000,0.25,0.111868
128,787,248,0,80000,0.25,0.008129
128,787,249,0,80000,0.25,0.044291
128,787,250,0,80000,0.25,0.090389
128,787,251,0,80000,0.25,0.013799
128,787,252,0,80000,0.25,0.033886
128,787,253,0,80000,0.25,0.055078
128,787,254,0,80000,0.25,0.01752
128,787,255,0,80000,0.25,0.011935
128,787,256,0,80000,0.25,0.058074
128,787,257,0,80000,0.25,0.021857
128,787,258,0,80000,0.25,0.253058
128,787,259,0,80000,0.25,0.030048
128,787,260,0,80000,0.25,0.016953
128,787,261,0,80000,0.25,0.001687
128,787,262,0,80000,0.25,0.032327
128,787,263,0,80000,0.25,0.771015
128,787,264,0,80000,0.25,0.343792
128,787,265,0,80000,0.25,0.105739
128,787,266,0,80000,0.25,0.013651
128,787,267,0,80000,0.25,0.021669
128,787,268,0,80000,0.25,0.294601
128,787,269,0,80000,0.25,0.205136
128,787,270,0,80000,0.25,0.049722
128,787,271,0,80000,0.25,0.005352
128,787,272,0,80000,0.25,0.102981
128,787,273,0,80000,0.25,0.106393
128,787,274,0,80000,0.25,0.025224
128,787,275,1,80000,0.25,1.48787
128,787,276,0,80000,0.25,0.353857
128,787,277,0,80000,0.25,0.034121
128,787,278,0,80000,0.25,0.101481
128,787,279,0,80000,0.25,0.06207
128,787,280,0,80000,0.25,0.427814
128,787,281,0,80000,0.25,0.118857
128,787,282,0,80000,0.25,0.013514
128,787,283,0,80000,0.25,0.149669
128,787,284,0,80000,0.25,0.030735
128,787,285,0,80000,0.25,0.049656
128,787,286,1,80000,0.25,1.48087
128,787,287,0,80000,0.25,0.597414
128,787,288,0,80000,0.25,0.041342
128,787,289,0,80000,0.25,0.004546
128,787,290,0,80000,0.25,0.015164
128,787,291,0,80000,0.25,0.072674
128,787,292,0,80000,0.25,0.361701
128,787,293,0,80000,0.25,0.007928
128,787,294,0,80000,0.25,0.077607
128,787,295,0,80000,0.25,0.210973
128,787,296,0,80000,0.25,0.012289
128,787,297,0,80000,0.25,0.018699
128,787,298,0,80000,0.25,0.340603
128,787,299,0,80000,0.25,0.099457
128,787,300,0,80000,0.25,0.205876
128,787,301,0,80000,0.25,0.017439
128,787,302,0,80000,0.25,0.021741
128,787,303,0,80000,0.25,0.09827
128,787,304,0,80000,0.25,0.020536
128,787,305,0,80000,0.25,0.100163
128,787,306,0,80000,0.25,0.200312
128,787,307,0,80000,0.25,0.003684
128,787,308,0,80000,0.25,0.109802
128,787,309,0,80000,0.25,0.025448
128,787,310,0,80000,0.25,0.028108
128,787,311,0,80000,0.25,0.488409
128,787,312,0,80000,0.25,0.13323
128,787,313,0,80000,0.25,0.022789
128,787,314,0,80000,0.25,0.018187
128,787,315,0,80000,0.25,0.019049
128,787,316,0,80000,0.25,0.057922
128,787,317,0,80000,0.25,0.256167
128,787,318,0,80000,0.25,0.001712
128,787,319,0,80000,0.25,0.03951
128,787,320,0,80000,0.25,0.009809
128,787,321,0,80000,0.25,0.187246
128,787,322,0,80000,0.25,0.261669
128,787,323,0,80000,0.25,0.074159
128,787,324,0,80000,0.25,0.020308
128,787,325,0,80000,0.25,0.007053
128,787,326,0,80000,0.25,1.06292
128,787,327,0,80000,0.25,0.013294
128,787,328,0,80000,0.25,0.131019
128,787,329,0,80000,0.25,0.009233
128,787,330,0,80000,0.25,0.05165
128,787,331,0,80000,0.25,0.026219
128,787,332,0,80000,0.25,0.496181
128,787,333,0,80000,0.25,0.032894
128,787,334,0,80000,0.25,0.27408
128,787,335,0,80000,0.25,1.32121
128,787,336,0,80000,0.25,0.056154
128,787,337,0,80000,0.25,0.024614
128,787,338,0,80000,0.25,0.003822
128,787,339,0,80000,0.25,0.253225
128,787,340,0,80000,0.25,0.155488
128,787,341,0,80000,0.25,0.49394
128,787,342,0,80000,0.25,0.020646
128,787,343,0,80000,0.25,0.220369
128,787,344,0,80000,0.25,0.02163
128,787,345,0,80000,0.25,0.488178
128,787,346,0,80000,0.25,0.859951
128,787,347,0,80000,0.25,0.036101
128,787,348,0,80000,0.25,0.025863
128,787,349,0,80000,0.25,0.082597
128,787,350,0,80000,0.25,0.015304
128,787,351,0,80000,0.25,0.258971
128,787,352,0,80000,0.25,0.018458
128,787,353,0,80000,0.25,0.094896
128,787,354,0,80000,0.25,0.008204
128,787,355,0,80000,0.25,0.067431
128,787,356,0,80000,0.25,0.066799
128,787,357,0,80000,0.25,0.023508
128,787,358,0,80000,0.25,0.008352
128,787,359,0,80000,0.25,0.034211
128,787,360,0,80000,0.25,0.010787
128,787,361,0,80000,0.25,0.005942
128,787,362,0,80000,0.25,0.091844
128,787,363,0,80000,0.25,0.007001
128,787,364,0,80000,0.25,0.039914
128,787,365,0,80000,0.25,0.00281
128,787,366,0,80000,0.25,0.013626
128,787,367,0,80000,0.25,0.425015
128,787,368,0,80000,0.25,0.023551
128,787,369,0,80000,0.25,0.39453
128,787,370,0,80000,0.25,0.010682
128,787,371,0,80000,0.25,0.002224
128,787,372,0,80000,0.25,0.011879
128,787,373,0,80000,0.25,0.012755
128,787,374,0,80000,0.25,0.014505
128,787,375,0,80000,0.25,0.08544
128,787,376,0,80000,0.25,0.145702
128,787,377,0,80000,0.25,0.021488
128,787,378,0,80000,0.25,0.025216
128,787,379,0,80000,0.25,1.1556
128,787,380,0,80000,0.25,0.020179
128,787,381,0,80000,0.25,0.043995
128,787,382,0,80000,0.25,0.076721
128,787,383,0,80000,0.25,0.007771
128,787,384,0,80000,0.25,0.025876
128,787,385,0,80000,0.25,0.062652
128,787,386,0,80000,0.25,0.021116
128,787,387,0,80000,0.25,0.023639
128,787,388,0,80000,0.25,0.030593
128,787,389,0,80000,0.25,0.010173
128,787,390,0,80000,0.25,0.162614
128,787,391,0,80000,0.25,0.071018
128,787,392,0,80000,0.25,0.005371
128,787,393,0,80000,0.25,0.033505
128,787,394,0,80000,0.25,0.288229
128,787,395,0,80000,0.25,0.168893
128,787,396,0,80000,0.25,0.020339
128,787,397,0,80000,0.25,0.014256
128,787,398,0,80000,0.25,0.077701
128,787,399,0,80000,0.25,0.040959
128,787,400,0,80000,0.25,0.078507
128,813,1,1,80000,0.25,1.50221
128,813,2,0,80000,0.25,0.146565
128,813,3,0,80000,0.25,0.28348
128,813,4,1,80000,0.25,1.49968
128,813,5,1,80000,0.25,1.50161
128,813,6,1,80000,0.25,1.48998
128,813,7,0,80000,0.25,0.037349
128,813,8,1,80000,0.25,1.49968
128,813,9,1,80000,0.25,1.49577
128,813,10,1,80000,0.25,1.52126
128,813,11,1,80000,0.25,1.51151
128,813,12,1,80000,0.25,1.50956
128,813,13,0,80000,0.25,1.22415
128,813,14,1,80000,0.25,1.49481
128,813,15,2,80000,0.25,1.50955
128,813,16,1,80000,0.25,1.49551
128,813,17,1,80000,0.25,1.49098
128,813,18,1,80000,0.25,1.49499
128,813,19,0,80000,0.25,0.767459
128,813,20,0,80000,0.25,0.042145
128,813,21,1,80000,0.25,1.47458
128,813,22,1,80000,0.25,1.50233
128,813,23,1,80000,0.25,1.4852
128,813,24,1,80000,0.25,1.4995
128,813,25,0,80000,0.25,0.017879
128,813,26,0,80000,0.25,0.916957
128,813,27,0,80000,0.25,0.901222
128,813,28,0,80000,0.25,0.110085
128,813,29,1,80000,0.25,1.48438
128,813,30,1,80000,0.25,1.49027
128,813,31,1,80000,0.25,1.50312
128,813,32,1,80000,0.25,1.48992
128,813,33,1,80000,0.25,1.48825
128,813,34,1,80000,0.25,1.49607
128,813,35,0,80000,0.25,0.05165
128,813,36,1,80000,0.25,1.49879
128,813,37,1,80000,0.25,1.50162
128,813,38,1,80000,0.25,1.5071
128,813,39,0,80000,0.25,0.404486
128,813,40,1,80000,0.25,1.49987
128,813,41,0,80000,0.25,0.495897
128,813,42,1,80000,0.25,1.50235
128,813,43,1,80000,0.25,1.49852
128,813,44,2,80000,0.25,1.51003
128,813,45,1,80000,0.25,1.49437
128,813,46,0,80000,0.25,0.197645
128,813,47,1,80000,0.25,1.49962
128,813,48,1,80000,0.25,1.48726
128,813,49,0,80000,0.25,0.038168
128,813,50,0,80000,0.25,0.15396
128,813,51,1,80000,0.25,1.49202
128,813,52,1,80000,0.25,1.48828
128,813,53,1,80000,0.25,1.49899
128,813,54,0,80000,0.25,0.34422
128,813,55,1,80000,0.25,1.50949
128,813,56,1,80000,0.25,1.49751
128,813,57,1,80000,0.25,1.50065
128,813,58,1,80000,0.25,1.5044
128,813,59,2,80000,0.25,1.50688
128,813,60,0,80000,0.25,0.283108
128,813,61,2,80000,0.25,1.51319
128,813,62,1,80000,0.25,1.49787
128,813,63,1,80000,0.25,1.50718
128,813,64,2,80000,0.25,1.5033
128,813,65,0,80000,0.25,0.050428
128,813,66,0,80000,0.25,1.01474
128,813,67,1,80000,0.25,1.5041
128,813,68,1,80000,0.25,1.49716
128,813,69,0,80000,0.25,0.018469
128,813,70,1,80000,0.25,1.49437
128,813,71,1,80000,0.25,1.50151
128,813,72,1,80000,0.25,1.49632
128,813,73,0,80000,0.25,0.033497
128,813,74,0,80000,0.25,0.2594
128,813,75,0,80000,0.25,0.025437
128,813,76,0,80000,0.25,0.045845
128,813,77,1,80000,0.25,1.49271
128,813,78,2,80000,0.25,1.50417
128,813,79,2,80000,0.25,1.50327
128,813,80,1,80000,0.25,1.50887
128,813,81,0,80000,0.25,0.11334
128,813,82,1,80000,0.25,1.49885
128,813,83,1,80000,0.25,1.48595
128,813,84,0,80000,0.25,0.415042
128,813,85,0,80000,0.25,0.076151
128,813,86,0,80000,0.25,0.141157
128,813,87,1,80000,0.25,1.50101
128,813,88,0,80000,0.25,0.443807
128,813,89,1,80000,0.25,1.48956
128,813,90,0,80000,0.25,0.170456
128,813,91,0,80000,0.25,0.093308
128,813,92,0,80000,0.25,0.157255
128,813,93,0,80000,0.25,0.090858
128,813,94,1,80000,0.25,1.50186
128,813,95,1,80000,0.25,1.49764
128,813,96,0,80000,0.25,0.010373
128,813,97,0,80000,0.25,0.046357
128,813,98,1,80000,0.25,1.50034
128,813,99,2,80000,0.25,1.50726
128,813,100,1,80000,0.25,1.50762
128,813,101,0,80000,0.25,0.196607
128,813,102,1,80000,0.25,1.50945
128,813,103,1,80000,0.25,1.50911
128,813,104,0,80000,0.25,0.22924
128,813,105,1,80000,0.25,1.50648
128,813,106,1,80000,0.25,1.51309
128,813,107,1,80000,0.25,1.49201
128,813,108,1,80000,0.25,1.50779
128,813,109,1,80000,0.25,1.50685
128,813,110,0,80000,0.25,0.456772
128,813,111,0,80000,0.25,0.025448
128,813,112,0,80000,0.25,0.118054
128,813,113,1,80000,0.25,1.51716
128,813,114,0,80000,0.25,0.030061
128,813,115,0,80000,0.25,1.19433
128,813,116,1,80000,0.25,1.49978
128,813,117,2,80000,0.25,1.5284
128,813,118,1,80000,0.25,1.50431
128,813,119,1,80000,0.25,1.51452
128,813,120,0,80000,0.25,0.147907
128,813,121,1,80000,0.25,1.50167
128,813,122,0,80000,0.25,0.019547
128,813,123,1,80000,0.25,1.49778
128,813,124,1,80000,0.25,1.50194
128,813,125,1,80000,0.25,1.49257
128,813,126,0,80000,0.25,0.070654
128,813,127,0,80000,0.25,0.534903
128,813,128,1,80000,0.25,1.50155
128,813,129,2,80000,0.25,1.50718
128,813,130,0,80000,0.25,0.712343
128,813,131,1,80000,0.25,1.50217
128,813,132,0,80000,0.25,0.819854
128,813,133,0,80000,0.25,0.070651
128,813,134,0,80000,0.25,0.00557
128,813,135,1,80000,0.25,1.49788
128,813,136,1,80000,0.25,1.48715
128,813,137,1,80000,0.25,1.49444
128,813,138,1,80000,0.25,1.49658
128,813,139,1,80000,0.25,1.50005
128,813,140,0,80000,0.25,0.0237
128,813,141,0,80000,0.25,0.121672
128,813,142,0,80000,0.25,0.065871
128,813,143,0,80000,0.25,1.34316
128,813,144,1,80000,0.25,1.49929
128,813,145,1,80000,0.25,1.51066
128,813,146,1,80000,0.25,1.49393
128,813,147,1,80000,0.25,1.48072
128,813,148,0,80000,0.25,0.003754
128,813,149,2,80000,0.25,1.51203
128,813,150,0,80000,0.25,0.419223
128,813,151,1,80000,0.25,1.50652
128,813,152,0,80000,0.25,0.839148
128,813,153,0,80000,0.25,0.196856
128,813,154,1,80000,0.25,1.50553
128,813,155,0,80000,0.25,0.117995
128,813,156,0,80000,0.25,0.056255
128,813,157,1,80000,0.25,1.50085
128,813,158,0,80000,0.25,0.029044
128,813,159,1,80000,0.25,1.47723
128,813,160,1,80000,0.25,1.50393
128,813,161,1,80000,0.25,1.48794
128,813,162,1,80000,0.25,1.48483
128,813,163,0,80000,0.25,0.021886
128,813,164,1,80000,0.25,1.49908
128,813,165,0,80000,0.25,0.02164
128,813,166,1,80000,0.25,1.4916
128,813,167,1,80000,0.25,1.50168
128,813,168,1,80000,0.25,1.49996
128,813,169,1,80000,0.25,1.50186
128,813,170,1,80000,0.25,1.49371
128,813,171,0,80000,0.25,0.102674
128,813,172,1,80000,0.25,1.49799
128,813,173,0,80000,0.25,0.119987
128,813,174,0,80000,0.25,1.16996
128,813,175,1,80000,0.25,1.49671
128,813,176,1,80000,0.25,1.49548
128,813,177,1,80000,0.25,1.4952
128,813,178,1,80000,0.25,1.49711
128,813,179,0,80000,0.25,0.06463
128,813,180,0,80000,0.25,0.503269
128,813,181,0,80000,0.25,0.139755
128,813,182,0,80000,0.25,0.400136
128,813,183,0,80000,0.25,0.446643
128,813,184,1,80000,0.25,1.49961
128,813,185,0,80000,0.25,1.13169
128,813,186,0,80000,0.25,0.177136
128,813,187,0,80000,0.25,0.122442
128,813,188,1,80000,0.25,1.49249
128,813,189,2,80000,0.25,1.50947
128,813,190,0,80000,0.25,0.207445
128,813,191,1,80000,0.25,1.50349
128,813,192,1,80000,0.25,1.48604
128,813,193,0,80000,0.25,0.102192
128,813,194,1,80000,0.25,1.49852
128,813,195,0,80000,0.25,0.202789
128,813,196,0,80000,0.25,0.064723
128,813,197,0,80000,0.25,0.807229
128,813,198,1,80000,0.25,1.49684
128,813,199,1,80000,0.25,1.48984
128,813,200,0,80000,0.25,0.08176
128,813,201,1,80000,0.25,1.50005
128,813,202,0,80000,0.25,0.865396
128,813,203,1,80000,0.25,1.49634
128,813,204,0,80000,0.25,0.031267
128,813,205,1,80000,0.25,1.49443
128,813,206,1,80000,0.25,1.49485
128,813,207,1,80000,0.25,1.5083
128,813,208,0,80000,0.25,0.017218
128,813,209,1,80000,0.25,1.5031
128,813,210,0,80000,0.25,0.575671
128,813,211,1,80000,0.25,1.50652
128,813,212,0,80000,0.25,0.042609
128,813,213,1,80000,0.25,1.50057
128,813,214,1,80000,0.25,1.50398
128,813,215,1,80000,0.25,1.487
128,813,216,0,80000,0.25,0.877944
128,813,217,1,80000,0.25,1.50342
128,813,218,0,80000,0.25,0.038751
128,813,219,1,80000,0.25,1.50067
128,813,220,0,80000,0.25,1.38929
128,813,221,1,80000,0.25,1.50087
128,813,222,1,80000,0.25,1.50073
128,813,223,0,80000,0.25,0.023952
128,813,224,1,80000,0.25,1.51207
128,813,225,1,80000,0.25,1.47791
128,813,226,1,80000,0.25,1.48815
128,813,227,1,80000,0.25,1.51048
128,813,228,2,80000,0.25,1.51391
128,813,229,1,80000,0.25,1.49771
128,813,230,0,80000,0.25,0.707289
128,813,231,0,80000,0.25,0.08701
128,813,232,1,80000,0.25,1.51237
128,813,233,1,80000,0.25,1.4867
128,813,234,1,80000,0.25,1.50291
128,813,235,0,80000,0.25,0.428602
128,813,236,0,80000,0.25,0.223883
128,813,237,1,80000,0.25,1.49486
128,813,238,1,80000,0.25,1.49423
128,813,239,1,80000,0.25,1.49947
128,813,240,1,80000,0.25,1.5077
128,813,241,0,80000,0.25,0.323164
128,813,242,0,80000,0.25,0.068619
128,813,243,0,80000,0.25,0.668667
128,813,244,1,80000,0.25,1.48289
128,813,245,0,80000,0.25,0.221483
128,813,246,0,80000,0.25,0.448404
128,813,247,0,80000,0.25,0.112473
128,813,248,2,80000,0.25,1.51594
128,813,249,1,80000,0.25,1.48974
128,813,250,0,80000,0.25,0.295091
128,813,251,0,80000,0.25,0.0887
128,813,252,0,80000,0.25,0.490199
128,813,253,2,80000,0.25,1.50428
128,813,254,1,80000,0.25,1.49826
128,813,255,1,80000,0.25,1.49679
128,813,256,1,80000,0.25,1.50089
128,813,257,0,80000,0.25,1.17158
128,813,258,0,80000,0.25,0.018348
128,813,259,1,80000,0.25,1.5005
128,813,260,1,80000,0.25,1.49963
128,813,261,2,80000,0.25,1.50424
128,813,262,0,80000,0.25,0.16932
128,813,263,1,80000,0.25,1.49599
128,813,264,1,80000,0.25,1.50618
128,813,265,0,80000,0.25,0.153556
128,813,266,1,80000,0.25,1.49244
128,813,267,0,80000,0.25,0.095721
128,813,268,1,80000,0.25,1.49314
128,813,269,0,80000,0.25,0.269542
128,813,270,1,80000,0.25,1.49347
128,813,271,1,80000,0.25,1.50292
128,813,272,0,80000,0.25,0.060675
128,813,273,1,80000,0.25,1.50749
128,813,274,0,80000,0.25,0.027303
128,813,275,1,80000,0.25,1.49732
128,813,276,1,80000,0.25,1.50628
128,813,277,1,80000,0.25,1.48979
128,813,278,1,80000,0.25,1.50046
128,813,279,1,80000,0.25,1.49783
128,813,280,0,80000,0.25,0.062334
128,813,281,0,80000,0.25,1.18944
128,813,282,1,80000,0.25,1.50366
128,813,283,0,80000,0.25,0.265804
128,813,284,1,80000,0.25,1.48541
128,813,285,1,80000,0.25,1.49052
128,813,286,1,80000,0.25,1.48157
128,813,287,2,80000,0.25,1.50911
128,813,288,1,80000,0.25,1.50151
128,813,289,1,80000,0.25,1.49095
128,813,290,1,80000,0.25,1.50564
128,813,291,1,80000,0.25,1.4931
128,813,292,1,80000,0.25,1.49535
128,813,293,1,80000,0.25,1.49825
128,813,294,1,80000,0.25,1.51155
128,813,295,1,80000,0.25,1.48934
128,813,296,0,80000,0.25,0.102592
128,813,297,0,80000,0.25,0.281739
128,813,298,1,80000,0.25,1.48635
128,813,299,1,80000,0.25,1.4893
128,813,300,1,80000,0.25,1.51149
128,813,301,0,80000,0.25,0.426336
128,813,302,0,80000,0.25,0.012732
128,813,303,1,80000,0.25,1.48029
128,813,304,0,80000,0.25,0.312667
128,813,305,1,80000,0.25,1.49526
128,813,306,0,80000,0.25,1.46679
128,813,307,1,80000,0.25,1.50142
128,813,308,1,80000,0.25,1.49091
128,813,309,1,80000,0.25,1.51332
128,813,310,0,80000,0.25,0.117675
128,813,311,1,80000,0.25,1.49636
128,813,312,1,80000,0.25,1.49529
128,813,313,0,80000,0.25,0.01462
128,813,314,1,80000,0.25,1.48387
128,813,315,1,80000,0.25,1.52764
128,813,316,0,80000,0.25,1.44563
128,813,317,1,80000,0.25,1.49914
128,813,318,1,80000,0.25,1.49884
128,813,319,1,80000,0.25,1.50411
128,813,320,1,80000,0.25,1.47467
128,813,321,0,80000,0.25,0.267802
128,813,322,0,80000,0.25,0.020205
128,813,323,1,80000,0.25,1.48618
128,813,324,2,80000,0.25,1.51104
128,813,325,1,80000,0.25,1.49565
128,813,326,1,80000,0.25,1.49123
128,813,327,1,80000,0.25,1.50273
128,813,328,0,80000,0.25,0.023556
128,813,329,0,80000,0.25,0.181452
128,813,330,1,80000,0.25,1.50977
128,813,331,1,80000,0.25,1.49785
128,813,332,1,80000,0.25,1.5103
128,813,333,1,80000,0.25,1.498
128,813,334,1,80000,0.25,1.50621
128,813,335,0,80000,0.25,0.090007
128,813,336,1,80000,0.25,1.50624
128,813,337,0,80000,0.25,0.29133
128,813,338,0,80000,0.25,0.002652
128,813,339,1,80000,0.25,1.49632
128,813,340,1,80000,0.25,1.49402
128,813,341,1,80000,0.25,1.49985
128,813,342,1,80000,0.25,1.49945
128,813,343,1,80000,0.25,1.49829
128,813,344,0,80000,0.25,0.201995
128,813,345,1,80000,0.25,1.49652
128,813,346,1,80000,0.25,1.49904
128,813,347,2,80000,0.25,1.51054
128,813,348,1,80000,0.25,1.5003
128,813,349,0,80000,0.25,0.010257
128,813,350,0,80000,0.25,1.14321
128,813,351,1,80000,0.25,1.49486
128,813,352,1,80000,0.25,1.50105
128,813,353,1,80000,0.25,1.49606
128,813,354,1,80000,0.25,1.50026
128,813,355,0,80000,0.25,0.27659
128,813,356,1,80000,0.25,1.50327
128,813,357,0,80000,0.25,0.08056
128,813,358,0,80000,0.25,0.004489
128,813,359,1,80000,0.25,1.51296
128,813,360,0,80000,0.25,0.044642
128,813,361,1,80000,0.25,1.50135
128,813,362,0,80000,0.25,0.041304
128,813,363,1,80000,0.25,1.49565
128,813,364,1,80000,0.25,1.50549
128,813,365,1,80000,0.25,1.50862
128,813,366,0,80000,0.25,0.026754
128,813,367,1,80000,0.25,1.48968
128,813,368,1,80000,0.25,1.49965
128,813,369,1,80000,0.25,1.50144
128,813,370,1,80000,0.25,1.48987
128,813,371,1,80000,0.25,1.50465
128,813,372,0,80000,0.25,1.1307
128,813,373,1,80000,0.25,1.50436
128,813,374,1,80000,0.25,1.49415
128,813,375,0,80000,0.25,0.183667
128,813,376,0,80000,0.25,0.62648
128,813,377,1,80000,0.25,1.50259
128,813,378,1,80000,0.25,1.48181
128,813,379,0,80000,0.25,0.025948
128,813,380,1,80000,0.25,1.51085
128,813,381,0,80000,0.25,0.026508
128,813,382,1,80000,0.25,1.50459
128,813,383,0,80000,0.25,0.026789
128,813,384,0,80000,0.25,0.135751
128,813,385,0,80000,0.25,0.014463
128,813,386,1,80000,0.25,1.49301
128,813,387,1,80000,0.25,1.49802
128,813,388,0,80000,0.25,0.0905
128,813,389,0,80000,0.25,0.007699
128,813,390,0,80000,0.25,0.168553
128,813,391,1,80000,0.25,1.49601
128,813,392,0,80000,0.25,0.027473
128,813,393,0,80000,0.25,0.128179
128,813,394,0,80000,0.25,0.195173
128,813,395,1,80000,0.25,1.49419
128,813,396,1,80000,0.25,1.49777
128,813,397,1,80000,0.25,1.49813
128,813,398,1,80000,0.25,1.52262
128,813,399,1,80000,0.25,1.49472
128,813,400,1,80000,0.25,1.5032
128,838,1,2,80000,0.25,1.51321
128,838,2,2,80000,0.25,1.50614
128,838,3,2,80000,0.25,1.50946
128,838,4,2,80000,0.25,1.5061
128,838,5,3,80000,0.25,1.52721
128,838,6,2,80000,0.25,1.52086
128,838,7,2,80000,0.25,1.52243
128,838,8,2,80000,0.25,1.5135
128,838,9,2,80000,0.25,1.51797
128,838,10,2,80000,0.25,1.52912
128,838,11,2,80000,0.25,1.51203
128,838,12,2,80000,0.25,1.52351
128,838,13,2,80000,0.25,1.50527
128,838,14,2,80000,0.25,1.51097
128,838,15,2,80000,0.25,1.51179
128,838,16,2,80000,0.25,1.51062
128,838,17,1,80000,0.25,1.51249
128,838,18,2,80000,0.25,1.5214
128,838,19,2,80000,0.25,1.51713
128,838,20,2,80000,0.25,1.51296
128,838,21,2,80000,0.25,1.50638
128,838,22,2,80000,0.25,1.51409
128,838,23,1,80000,0.25,1.50518
128,838,24,2,80000,0.25,1.50964
128,838,25,2,80000,0.25,1.51457
128,838,26,2,80000,0.25,1.50801
128,838,27,0,80000,0.25,0.029516
128,838,28,2,80000,0.25,1.52533
128,838,29,2,80000,0.25,1.50919
128,838,30,2,80000,0.25,1.51613
128,838,31,2,80000,0.25,1.51723
128,838,32,2,80000,0.25,1.50593
128,838,33,1,80000,0.25,1.54386
128,838,34,2,80000,0.25,1.51215
128,838,35,2,80000,0.25,1.52175
128,838,36,1,80000,0.25,1.50251
128,838,37,2,80000,0.25,1.50741
128,838,38,1,80000,0.25,1.48702
128,838,39,2,80000,0.25,1.50773
128,838,40,2,80000,0.25,1.51849
128,838,41,1,80000,0.25,1.50117
128,838,42,2,80000,0.25,1.51115
128,838,43,1,80000,0.25,1.49772
128,838,44,2,80000,0.25,1.51011
128,838,45,1,80000,0.25,1.51019
128,838,46,2,80000,0.25,1.49879
128,838,47,2,80000,0.25,1.50452
128,838,48,2,80000,0.25,1.51368
128,838,49,2,80000,0.25,1.51479
128,838,50,2,80000,0.25,1.51897
128,838,51,1,80000,0.25,1.48283
128,838,52,2,80000,0.25,1.50921
128,838,53,1,80000,0.25,1.50179
128,838,54,3,80000,0.25,1.53259
128,838,55,1,80000,0.25,1.51419
128,838,56,2,80000,0.25,1.51188
128,838,57,3,80000,0.25,1.52577
128,838,58,1,80000,0.25,1.49899
128,838,59,3,80000,0.25,1.52322
128,838,60,2,80000,0.25,1.51849
128,838,61,2,80000,0.25,1.5161
128,838,62,3,80000,0.25,1.52115
128,838,63,2,80000,0.25,1.50797
128,838,64,1,80000,0.25,1.50344
128,838,65,2,80000,0.25,1.50024
128,838,66,1,80000,0.25,1.49324
128,838,67,2,80000,0.25,1.51349
128,838,68,1,80000,0.25,1.47498
128,838,69,1,80000,0.25,1.51342
128,838,70,2,80000,0.25,1.51104
128,838,71,2,80000,0.25,1.51821
128,838,72,1,80000,0.25,1.50617
128,838,73,2,80000,0.25,1.51076
128,838,74,2,80000,0.25,1.5108
128,838,75,1,80000,0.25,1.50824
128,838,76,2,80000,0.25,1.50787
128,838,77,1,80000,0.25,1.48891
128,838,78,2,80000,0.25,1.52382
128,838,79,2,80000,0.25,1.51441
128,838,80,1,80000,0.25,1.47935
128,838,81,2,80000,0.25,1.51133
128,838,82,2,80000,0.25,1.50947
128,838,83,2,80000,0.25,1.51708
128,838,84,1,80000,0.25,1.50833
128,838,85,1,80000,0.25,1.49124
128,838,86,2,80000,0.25,1.50947
128,838,87,1,80000,0.25,1.51122
128,838,88,1,80000,0.25,1.50687
128,838,89,1,80000,0.25,1.50592
128,838,90,1,80000,0.25,1.48077
128,838,91,2,80000,0.25,1.50054
128,838,92,2,80000,0.25,1.51643
128,838,93,1,80000,0.25,1.48338
128,838,94,1,80000,0.25,1.49973
128,838,95,1,80000,0.25,1.50953
128,838,96,1,80000,0.25,1.46544
128,838,97,2,80000,0.25,1.51571
128,838,98,2,80000,0.25,1.50835
128,838,99,3,80000,0.25,1.52643
128,838,100,2,80000,0.25,1.51921
128,838,101,1,80000,0.25,1.5115
128,838,102,2,80000,0.25,1.52814
128,838,103,2,80000,0.25,1.51958
128,838,104,4,80000,0.25,1.54321
128,838,105,2,80000,0.25,1.53101
128,838,106,2,80000,0.25,1.51641
128,838,107,2,80000,0.25,1.53846
128,838,108,1,80000,0.25,1.51892
128,838,109,2,80000,0.25,1.54529
128,838,110,1,80000,0.25,1.51246
128,838,111,3,80000,0.25,1.5348
128,838,112,2,80000,0.25,1.5126
128,838,113,3,80000,0.25,1.52504
128,838,114,2,80000,0.25,1.52931
128,838,115,2,80000,0.25,1.52576
128,838,116,1,80000,0.25,1.52259
128,838,117,2,80000,0.25,1.52265
128,838,118,1,80000,0.25,1.51391
128,838,119,1,80000,0.25,1.52101
128,838,120,2,80000,0.25,1.51385
128,838,121,2,80000,0.25,1.51
128,838,122,1,80000,0.25,1.50155
128,838,123,1,80000,0.25,1.50276
128,838,124,1,80000,0.25,1.48262
128,838,125,1,80000,0.25,1.49476
128,838,126,1,80000,0.25,1.50602
128,838,127,2,80000,0.25,1.52116
128,838,128,1,80000,0.25,1.49823
128,838,129,2,80000,0.25,1.52116
128,838,130,3,80000,0.25,1.52721
128,838,131,2,80000,0.25,1.51146
128,838,132,3,80000,0.25,1.52195
128,838,133,2,80000,0.25,1.50766
128,838,134,2,80000,0.25,1.51145
128,838,135,0,80000,0.25,0.080368
128,838,136,2,80000,0.25,1.50721
128,838,137,1,80000,0.25,1.50588
128,838,138,1,80000,0.25,1.49438
128,838,139,1,80000,0.25,1.49796
128,838,140,2,80000,0.25,1.52283
128,838,141,2,80000,0.25,1.51773
128,838,142,1,80000,0.25,1.50212
128,838,143,2,80000,0.25,1.50921
128,838,144,2,80000,0.25,1.51073
128,838,145,2,80000,0.25,1.51946
128,838,146,1,80000,0.25,1.51073
128,838,147,2,80000,0.25,1.52035
128,838,148,0,80000,0.25,0.029352
128,838,149,3,80000,0.25,1.51652
128,838,150,2,80000,0.25,1.51368
128,838,151,1,80000,0.25,1.49714
128,838,152,3,80000,0.25,1.52082
128,838,153,1,80000,0.25,1.50372
128,838,154,1,80000,0.25,1.50244
128,838,155,2,80000,0.25,1.5096
128,838,156,1,80000,0.25,1.48186
128,838,157,2,80000,0.25,1.50079
128,838,158,2,80000,0.25,1.51657
128,838,159,2,80000,0.25,1.5086
128,838,160,2,80000,0.25,1.50705
128,838,161,1,80000,0.25,1.5057
128,838,162,1,80000,0.25,1.49358
128,838,163,2,80000,0.25,1.50776
128,838,164,2,80000,0.25,1.506
128,838,165,2,80000,0.25,1.50539
128,838,166,2,80000,0.25,1.5163
128,838,167,1,80000,0.25,1.51302
128,838,168,2,80000,0.25,1.50804
128,838,169,2,80000,0.25,1.50706
128,838,170,2,80000,0.25,1.51524
128,838,171,2,80000,0.25,1.51311
128,838,172,2,80000,0.25,1.50971
128,838,173,2,80000,0.25,1.51654
128,838,174,3,80000,0.25,1.52135
128,838,175,1,80000,0.25,1.50134
128,838,176,1,80000,0.25,1.5014
128,838,177,0,80000,0.25,0.042278
128,838,178,1,80000,0.25,1.50657
128,838,179,1,80000,0.25,1.50501
128,838,180,2,80000,0.25,1.52137
128,838,181,1,80000,0.25,1.50344
128,838,182,2,80000,0.25,1.51157
128,838,183,3,80000,0.25,1.52757
128,838,184,2,80000,0.25,1.51071
128,838,185,2,80000,0.25,1.50942
128,838,186,1,80000,0.25,1.50346
128,838,187,2,80000,0.25,1.50987
128,838,188,1,80000,0.25,1.49934
128,838,189,2,80000,0.25,1.51373
128,838,190,1,80000,0.25,1.48175
128,838,191,1,80000,0.25,1.50386
128,838,192,2,80000,0.25,1.50673
128,838,193,2,80000,0.25,1.52364
128,838,194,1,80000,0.25,1.50808
128,838,195,1,80000,0.25,1.47112
128,838,196,2,80000,0.25,1.50792
128,838,197,2,80000,0.25,1.51736
128,838,198,2,80000,0.25,1.51153
128,838,199,2,80000,0.25,1.51303
128,838,200,1,80000,0.25,1.50502
128,838,201,2,80000,0.25,1.51343
128,838,202,3,80000,0.25,1.53066
128,838,203,1,80000,0.25,1.50884
128,838,204,2,80000,0.25,1.50903
128,838,205,3,80000,0.25,1.52207
128,838,206,1,80000,0.25,1.51657
128,838,207,2,80000,0.25,1.51148
128,838,208,0,80000,0.25,0.00667
128,838,209,1,80000,0.25,1.4989
128,838,210,2,80000,0.25,1.51464
128,838,211,1,80000,0.25,1.49142
128,838,212,2,80000,0.25,1.50499
128,838,213,2,80000,0.25,1.5104
128,838,214,3,80000,0.25,1.51766
128,838,215,2,80000,0.25,1.51461
128,838,216,2,80000,0.25,1.51737
128,838,217,2,80000,0.25,1.51288
128,838,218,2,80000,0.25,1.51441
128,838,219,1,80000,0.25,1.50263
128,838,220,3,80000,0.25,1.5206
128,838,221,2,80000,0.25,1.51035
128,838,222,1,80000,0.25,1.50447
128,838,223,2,80000,0.25,1.51605
128,838,224,3,80000,0.25,1.53138
128,838,225,2,80000,0.25,1.51981
128,838,226,2,80000,0.25,1.50479
128,838,227,2,80000,0.25,1.50982
128,838,228,1,80000,0.25,1.49955
128,838,229,1,80000,0.25,1.508
128,838,230,2,80000,0.25,1.49837
128,838,231,1,80000,0.25,1.49735
128,838,232,2,80000,0.25,1.49786
128,838,233,1,80000,0.25,1.50321
128,838,234,2,80000,0.25,1.50238
128,838,235,1,80000,0.25,1.49281
128,838,236,2,80000,0.25,1.5091
128,838,237,3,80000,0.25,1.51476
128,838,238,2,80000,0.25,1.51863
128,838,239,1,80000,0.25,1.49633
128,838,240,2,80000,0.25,1.51992
128,838,241,2,80000,0.25,1.51381
128,838,242,1,80000,0.25,1.50296
128,838,243,1,80000,0.25,1.49789
128,838,244,1,80000,0.25,1.50527
128,838,245,3,80000,0.25,1.51776
128,838,246,2,80000,0.25,1.52632
128,838,247,2,80000,0.25,1.52232
128,838,248,1,80000,0.25,1.50134
128,838,249,1,80000,0.25,1.49842
128,838,250,1,80000,0.25,1.50404
128,838,251,2,80000,0.25,1.51891
128,838,252,1,80000,0.25,1.49507
128,838,253,2,80000,0.25,1.51435
128,838,254,1,80000,0.25,1.49963
128,838,255,2,80000,0.25,1.51056
128,838,256,2,80000,0.25,1.5077
128,838,257,2,80000,0.25,1.5095
128,838,258,2,80000,0.25,1.5169
128,838,259,1,80000,0.25,1.50247
128,838,260,2,80000,0.25,1.51447
128,838,261,3,80000,0.25,1.52729
128,838,262,1,80000,0.25,1.49537
128,838,263,2,80000,0.25,1.51256
128,838,264,2,80000,0.25,1.5072
128,838,265,2,80000,0.25,1.51515
128,838,266,2,80000,0.25,1.51597
128,838,267,1,80000,0.25,1.4758
128,838,268,2,80000,0.25,1.50633
128,838,269,2,80000,0.25,1.51645
128,838,270,1,80000,0.25,1.50347
128,838,271,2,80000,0.25,1.51678
128,838,272,1,80000,0.25,1.50616
128,838,273,2,80000,0.25,1.52066
128,838,274,2,80000,0.25,1.51656
128,838,275,1,80000,0.25,1.50272
128,838,276,2,80000,0.25,1.51629
128,838,277,2,80000,0.25,1.50359
128,838,278,2,80000,0.25,1.50769
128,838,279,2,80000,0.25,1.51049
128,838,280,2,80000,0.25,1.49943
128,838,281,2,80000,0.25,1.50939
128,838,282,1,80000,0.25,1.51929
128,838,283,2,80000,0.25,1.50758
128,838,284,2,80000,0.25,1.50303
128,838,285,2,80000,0.25,1.51996
128,838,286,2,80000,0.25,1.51532
128,838,287,2,80000,0.25,1.5125
128,838,288,0,80000,0.25,0.09703
128,838,289,1,80000,0.25,1.4947
128,838,290,2,80000,0.25,1.51356
128,838,291,2,80000,0.25,1.51531
128,838,292,2,80000,0.25,1.51367
128,838,293,1,80000,0.25,1.50993
128,838,294,2,80000,0.25,1.50237
128,838,295,2,80000,0.25,1.5132
128,838,296,2,80000,0.25,1.51649
128,838,297,1,80000,0.25,1.50261
128,838,298,2,80000,0.25,1.50919
128,838,299,2,80000,0.25,1.52312
128,838,300,2,80000,0.25,1.50663
128,838,301,2,80000,0.25,1.51282
128,838,302,2,80000,0.25,1.51349
128,838,303,2,80000,0.25,1.50852
128,838,304,1,80000,0.25,1.4912
128,838,305,3,80000,0.25,1.5225
128,838,306,2,80000,0.25,1.50706
128,838,307,2,80000,0.25,1.51148
128,838,308,2,80000,0.25,1.51996
128,838,309,1,80000,0.25,1.48065
128,838,310,2,80000,0.25,1.51606
128,838,311,1,80000,0.25,1.49703
128,838,312,1,80000,0.25,1.50558
128,838,313,1,80000,0.25,1.49712
128,838,314,2,80000,0.25,1.51647
128,838,315,0,80000,0.25,0.02313
128,838,316,2,80000,0.25,1.50612
128,838,317,1,80000,0.25,1.5072
128,838,318,2,80000,0.25,1.50647
128,838,319,2,80000,0.25,1.51799
128,838,320,1,80000,0.25,1.48143
128,838,321,2,80000,0.25,1.5168
128,838,322,2,80000,0.25,1.51123
128,838,323,2,80000,0.25,1.51939
128,838,324,1,80000,0.25,1.50368
128,838,325,2,80000,0.25,1.51391
128,838,326,2,80000,0.25,1.51039
128,838,327,1,80000,0.25,1.50273
128,838,328,3,80000,0.25,1.52448
128,838,329,2,80000,0.25,1.50205
128,838,330,1,80000,0.25,1.49479
128,838,331,2,80000,0.25,1.50562
128,838,332,1,80000,0.25,1.4964
128,838,333,2,80000,0.25,1.50859
128,838,334,1,80000,0.25,1.47439
128,838,335,1,80000,0.25,1.50617
128,838,336,3,80000,0.25,1.50771
128,838,337,2,80000,0.25,1.51086
128,838,338,1,80000,0.25,1.50009
128,838,339,2,80000,0.25,1.50991
128,838,340,3,80000,0.25,1.52138
128,838,341,3,80000,0.25,1.51612
128,838,342,2,80000,0.25,1.51144
128,838,343,1,80000,0.25,1.50596
128,838,344,2,80000,0.25,1.50593
128,838,345,1,80000,0.25,1.49935
128,838,346,2,80000,0.25,1.51075
128,838,347,2,80000,0.25,1.51291
128,838,348,2,80000,0.25,1.50771
128,838,349,1,80000,0.25,1.49298
128,838,350,3,80000,0.25,1.51644
128,838,351,2,80000,0.25,1.5159
128,838,352,2,80000,0.25,1.51659
128,838,353,2,80000,0.25,1.51873
128,838,354,2,80000,0.25,1.51503
128,838,355,2,80000,0.25,1.5103
128,838,356,1,80000,0.25,1.5059
128,838,357,1,80000,0.25,1.50202
128,838,358,2,80000,0.25,1.51322
128,838,359,2,80000,0.25,1.51337
128,838,360,2,80000,0.25,1.50888
128,838,361,2,80000,0.25,1.51432
128,838,362,2,80000,0.25,1.50905
128,838,363,2,80000,0.25,1.52371
128,838,364,2,80000,0.25,1.50148
128,838,365,1,80000,0.25,1.48511
128,838,366,3,80000,0.25,1.51429
128,838,367,1,80000,0.25,1.49749
128,838,368,1,80000,0.25,1.49145
128,838,369,2,80000,0.25,1.50844
128,838,370,1,80000,0.25,1.50068
128,838,371,1,80000,0.25,1.53335
128,838,372,1,80000,0.25,1.50164
128,838,373,1,80000,0.25,1.50107
128,838,374,3,80000,0.25,1.52002
128,838,375,3,80000,0.25,1.51343
128,838,376,2,80000,0.25,1.51836
128,838,377,1,80000,0.25,1.50346
128,838,378,2,80000,0.25,1.50882
128,838,379,3,80000,0.25,1.5294
128,838,380,2,80000,0.25,1.51772
128,838,381,1,80000,0.25,1.48871
128,838,382,1,80000,0.25,1.4903
128,838,383,3,80000,0.25,1.51585
128,838,384,2,80000,0.25,1.50303
128,838,385,1,80000,0.25,1.503
128,838,386,2,80000,0.25,1.52442
128,838,387,2,80000,0.25,1.52525
128,838,388,1,80000,0.25,1.50353
128,838,389,2,80000,0.25,1.51986
128,838,390,1,80000,0.25,1.50427
128,838,391,2,80000,0.25,1.51153
128,838,392,2,80000,0.25,1.5094
128,838,393,1,80000,0.25,1.49017
128,838,394,2,80000,0.25,1.50736
128,838,395,2,80000,0.25,1.51026
128,838,396,2,80000,0.25,1.50968
128,838,397,1,80000,0.25,1.49556
128,838,398,1,80000,0.25,1.51218
128,838,399,1,80000,0.25,1.49985
128,838,400,0,80000,0.25,0.130778
128,864,1,4,80000,0.25,1.53062
128,864,2,4,80000,0.25,1.53078
128,864,3,2,80000,0.25,1.51222
128,864,4,4,80000,0.25,1.52783
128,864,5,4,80000,0.25,1.55617
128,864,6,3,80000,0.25,1.52198
128,864,7,2,80000,0.25,1.5152
128,864,8,4,80000,0.25,1.54662
128,864,9,4,80000,0.25,1.52809
128,864,10,3,80000,0.25,1.52746
128,864,11,3,80000,0.25,1.52275
128,864,12,3,80000,0.25,1.53173
128,864,13,3,80000,0.25,1.5275
128,864,14,5,80000,0.25,1.53583
128,864,15,4,80000,0.25,1.52913
128,864,16,4,80000,0.25,1.53547
128,864,17,3,80000,0.25,1.52225
128,864,18,3,80000,0.25,1.52604
128,864,19,3,80000,0.25,1.53691
128,864,20,3,80000,0.25,1.52543
128,864,21,4,80000,0.25,1.53134
128,864,22,3,80000,0.25,1.52547
128,864,23,3,80000,0.25,1.52587
128,864,24,4,80000,0.25,1.52794
128,864,25,2,80000,0.25,1.50486
128,864,26,3,80000,0.25,1.52092
128,864,27,5,80000,0.25,1.54246
128,864,28,4,80000,0.25,1.54714
128,864,29,3,80000,0.25,1.51769
128,864,30,3,80000,0.25,1.53001
128,864,31,4,80000,0.25,1.52464
128,864,32,4,80000,0.25,1.53573
128,864,33,4,80000,0.25,1.53393
128,864,34,2,80000,0.25,1.5203
128,864,35,3,80000,0.25,1.52457
128,864,36,4,80000,0.25,1.53955
128,864,37,3,80000,0.25,1.5228
128,864,38,3,80000,0.25,1.52789
128,864,39,3,80000,0.25,1.5325
128,864,40,4,80000,0.25,1.51977
128,864,41,3,80000,0.25,1.52733
128,864,42,2,80000,0.25,1.49723
128,864,43,3,80000,0.25,1.52968
128,864,44,3,80000,0.25,1.52323
128,864,45,3,80000,0.25,1.5212
128,864,46,3,80000,0.25,1.51274
128,864,47,3,80000,0.25,1.5223
128,864,48,2,80000,0.25,1.50153
128,864,49,4,80000,0.25,1.53781
128,864,50,3,80000,0.25,1.52412
128,864,51,3,80000,0.25,1.52078
128,864,52,3,80000,0.25,1.53515
128,864,53,4,80000,0.25,1.52679
128,864,54,4,80000,0.25,1.54063
128,864,55,3,80000,0.25,1.52261
128,864,56,3,80000,0.25,1.52588
128,864,57,3,80000,0.25,1.53211
128,864,58,4,80000,0.25,1.53129
128,864,59,3,80000,0.25,1.52938
128,864,60,4,80000,0.25,1.52234
128,864,61,3,80000,0.25,1.52489
128,864,62,3,80000,0.25,1.51509
128,864,63,4,80000,0.25,1.53441
128,864,64,4,80000,0.25,1.53276
128,864,65,3,80000,0.25,1.52349
128,864,66,3,80000,0.25,1.52003
128,864,67,4,80000,0.25,1.53585
128,864,68,2,80000,0.25,1.52625
128,864,69,4,80000,0.25,1.52817
128,864,70,2,80000,0.25,1.52414
128,864,71,3,80000,0.25,1.52305
128,864,72,4,80000,0.25,1.531
128,864,73,4,80000,0.25,1.54052
128,864,74,4,80000,0.25,1.53165
128,864,75,4,80000,0.25,1.54733
128,864,76,2,80000,0.25,1.52058
128,864,77,4,80000,0.25,1.52024
128,864,78,2,80000,0.25,1.49937
128,864,79,1,80000,0.25,1.49368
128,864,80,4,80000,0.25,1.52733
128,864,81,3,80000,0.25,1.53444
128,864,82,4,80000,0.25,1.52819
128,864,83,4,80000,0.25,1.52912
128,864,84,3,80000,0.25,1.53576
128,864,85,3,80000,0.25,1.52999
128,864,86,3,80000,0.25,1.5157
128,864,87,3,80000,0.25,1.51752
128,864,88,3,80000,0.25,1.52846
128,864,89,3,80000,0.25,1.5322
128,864,90,2,80000,0.25,1.50017
128,864,91,2,80000,0.25,1.5099
128,864,92,3,80000,0.25,1.52385
128,864,93,2,80000,0.25,1.50271
128,864,94,3,80000,0.25,1.5193
128,864,95,2,80000,0.25,1.52352
128,864,96,3,80000,0.25,1.52998
128,864,97,3,80000,0.25,1.52792
128,864,98,2,80000,0.25,1.51195
128,864,99,3,80000,0.25,1.50148
128,864,100,4,80000,0.25,1.54475
128,864,101,3,80000,0.25,1.52804
128,864,102,2,80000,0.25,1.52928
128,864,103,3,80000,0.25,1.52338
128,864,104,2,80000,0.25,1.51093
128,864,105,4,80000,0.25,1.54681
128,864,106,3,80000,0.25,1.54211
128,864,107,2,80000,0.25,1.51993
128,864,108,4,80000,0.25,1.54168
128,864,109,4,80000,0.25,1.54266
128,864,110,2,80000,0.25,1.52434
128,864,111,2,80000,0.25,1.53363
128,864,112,3,80000,0.25,1.54566
128,864,113,4,80000,0.25,1.54512
128,864,114,3,80000,0.25,1.53744
128,864,115,2,80000,0.25,1.52392
128,864,116,5,80000,0.25,1.5391
128,864,117,2,80000,0.25,1.52234
128,864,118,3,80000,0.25,1.52648
128,864,119,3,80000,0.25,1.53082
128,864,120,3,80000,0.25,1.53362
128,864,121,2,80000,0.25,1.5289
128,864,122,3,80000,0.25,1.53075
128,864,123,4,80000,0.25,1.53095
128,864,124,3,80000,0.25,1.53165
128,864,125,5,80000,0.25,1.54863
128,864,126,4,80000,0.25,1.53629
128,864,127,3,80000,0.25,1.52299
128,864,128,4,80000,0.25,1.52896
128,864,129,2,80000,0.25,1.51199
128,864,130,4,80000,0.25,1.53641
128,864,131,3,80000,0.25,1.52698
128,864,132,3,80000,0.25,1.53156
128,864,133,3,80000,0.25,1.51809
128,864,134,2,80000,0.25,1.52595
128,864,135,3,80000,0.25,1.52088
128,864,136,3,80000,0.25,1.52808
128,864,137,3,80000,0.25,1.53251
128,864,138,3,80000,0.25,1.53413
128,864,139,2,80000,0.25,1.51281
128,864,140,2,80000,0.25,1.50946
128,864,141,3,80000,0.25,1.52827
128,864,142,4,80000,0.25,1.53644
128,864,143,3,80000,0.25,1.51774
128,864,144,2,80000,0.25,1.51315
128,864,145,3,80000,0.25,1.51532
128,864,146,3,80000,0.25,1.5255
128,864,147,3,80000,0.25,1.52107
128,864,148,2,80000,0.25,1.4946
128,864,149,2,80000,0.25,1.49771
128,864,150,2,80000,0.25,1.52657
128,864,151,2,80000,0.25,1.49768
128,864,152,3,80000,0.25,1.52446
128,864,153,4,80000,0.25,1.53108
128,864,154,5,80000,0.25,1.54037
128,864,155,3,80000,0.25,1.53274
128,864,156,3,80000,0.25,1.53509
128,864,157,2,80000,0.25,1.51884
128,864,158,3,80000,0.25,1.52233
128,864,159,5,80000,0.25,1.54134
128,864,160,4,80000,0.25,1.53445
128,864,161,1,80000,0.25,1.50193
128,864,162,2,80000,0.25,1.50354
128,864,163,2,80000,0.25,1.51321
128,864,164,3,80000,0.25,1.51545
128,864,165,3,80000,0.25,1.53362
128,864,166,4,80000,0.25,1.53736
128,864,167,4,80000,0.25,1.52489
128,864,168,2,80000,0.25,1.50648
128,864,169,2,80000,0.25,1.51147
128,864,170,3,80000,0.25,1.53229
128,864,171,4,80000,0.25,1.53709
128,864,172,4,80000,0.25,1.53043
128,864,173,4,80000,0.25,1.53292
128,864,174,3,80000,0.25,1.50627
128,864,175,3,80000,0.25,1.5232
128,864,176,3,80000,0.25,1.53123
128,864,177,5,80000,0.25,1.54261
128,864,178,3,80000,0.25,1.50834
128,864,179,3,80000,0.25,1.53632
128,864,180,4,80000,0.25,1.5209
128,864,181,3,80000,0.25,1.53146
128,864,182,2,80000,0.25,1.51182
128,864,183,3,80000,0.25,1.51807
128,864,184,2,80000,0.25,1.5159
128,864,185,3,80000,0.25,1.52215
128,864,186,4,80000,0.25,1.52491
128,864,187,3,80000,0.25,1.52666
128,864,188,5,80000,0.25,1.54249
128,864,189,2,80000,0.25,1.51459
128,864,190,2,80000,0.25,1.51667
128,864,191,2,80000,0.25,1.51083
128,864,192,3,80000,0.25,1.52122
128,864,193,2,80000,0.25,1.53663
128,864,194,3,80000,0.25,1.5311
128,864,195,3,80000,0.25,1.52103
128,864,196,2,80000,0.25,1.52226
128,864,197,2,80000,0.25,1.51097
128,864,198,3,80000,0.25,1.51273
128,864,199,3,80000,0.25,1.53513
128,864,200,3,80000,0.25,1.52856
128,864,201,4,80000,0.25,1.53455
128,864,202,4,80000,0.25,1.52564
128,864,203,3,80000,0.25,1.52885
128,864,204,1,80000,0.25,1.50617
128,864,205,3,80000,0.25,1.5285
128,864,206,4,80000,0.25,1.5318
128,864,207,4,80000,0.25,1.52543
128,864,208,3,80000,0.25,1.52717
128,864,209,2,80000,0.25,1.52224
128,864,210,3,80000,0.25,1.53415
128,864,211,3,80000,0.25,1.52526
128,864,212,3,80000,0.25,1.51937
128,864,213,4,80000,0.25,1.5363
128,864,214,3,80000,0.25,1.53073
128,864,215,3,80000,0.25,1.53378
128,864,216,4,80000,0.25,1.53849
128,864,217,3,80000,0.25,1.52698
128,864,218,2,80000,0.25,1.51187
128,864,219,3,80000,0.25,1.52232
128,864,220,2,80000,0.25,1.51698
128,864,221,3,80000,0.25,1.53858
128,864,222,3,80000,0.25,1.52347
128,864,223,4,80000,0.25,1.53001
128,864,224,4,80000,0.25,1.53384
128,864,225,4,80000,0.25,1.53443
128,864,226,3,80000,0.25,1.52639
128,864,227,4,80000,0.25,1.54221
128,864,228,1,80000,0.25,1.49483
128,864,229,4,80000,0.25,1.52762
128,864,230,4,80000,0.25,1.52839
128,864,231,3,80000,0.25,1.5306
128,864,232,3,80000,0.25,1.51963
128,864,233,4,80000,0.25,1.54122
128,864,234,4,80000,0.25,1.53421
128,864,235,4,80000,0.25,1.53389
128,864,236,3,80000,0.25,1.53066
128,864,237,4,80000,0.25,1.5525
128,864,238,3,80000,0.25,1.52494
128,864,239,4,80000,0.25,1.53393
128,864,240,4,80000,0.25,1.53828
128,864,241,3,80000,0.25,1.52462
128,864,242,3,80000,0.25,1.52872
128,864,243,4,80000,0.25,1.52864
128,864,244,2,80000,0.25,1.50274
128,864,245,3,80000,0.25,1.52079
128,864,246,2,80000,0.25,1.52058
128,864,247,3,80000,0.25,1.52572
128,864,248,2,80000,0.25,1.52109
128,864,249,5,80000,0.25,1.53608
128,864,250,3,80000,0.25,1.50906
128,864,251,2,80000,0.25,1.52399
128,864,252,3,80000,0.25,1.5222
128,864,253,3,80000,0.25,1.51239
128,864,254,4,80000,0.25,1.53117
128,864,255,4,80000,0.25,1.53726
128,864,256,4,80000,0.25,1.53147
128,864,257,3,80000,0.25,1.52122
128,864,258,3,80000,0.25,1.52835
128,864,259,5,80000,0.25,1.55314
128,864,260,4,80000,0.25,1.53137
128,864,261,4,80000,0.25,1.53335
128,864,262,3,80000,0.25,1.50822
128,864,263,3,80000,0.25,1.52221
128,864,264,4,80000,0.25,1.53099
128,864,265,3,80000,0.25,1.52517
128,864,266,3,80000,0.25,1.51466
128,864,267,2,80000,0.25,1.48594
128,864,268,3,80000,0.25,1.50594
128,864,269,3,80000,0.25,1.53001
128,864,270,3,80000,0.25,1.52903
128,864,271,3,80000,0.25,1.52347
128,864,272,4,80000,0.25,1.52219
128,864,273,3,80000,0.25,1.52262
128,864,274,3,80000,0.25,1.52266
128,864,275,3,80000,0.25,1.50413
128,864,276,3,80000,0.25,1.53411
128,864,277,2,80000,0.25,1.50645
128,864,278,5,80000,0.25,1.54214
128,864,279,3,80000,0.25,1.53268
128,864,280,3,80000,0.25,1.52744
128,864,281,4,80000,0.25,1.52333
128,864,282,3,80000,0.25,1.521
128,864,283,3,80000,0.25,1.53111
128,864,284,3,80000,0.25,1.52602
128,864,285,4,80000,0.25,1.53067
128,864,286,3,80000,0.25,1.5251
128,864,287,3,80000,0.25,1.52588
128,864,288,3,80000,0.25,1.50759
128,864,289,4,80000,0.25,1.53007
128,864,290,3,80000,0.25,1.52204
128,864,291,3,80000,0.25,1.52749
128,864,292,2,80000,0.25,1.52821
128,864,293,3,80000,0.25,1.52226
128,864,294,3,80000,0.25,1.53953
128,864,295,4,80000,0.25,1.52207
128,864,296,3,80000,0.25,1.53317
128,864,297,4,80000,0.25,1.53143
128,864,298,4,80000,0.25,1.53171
128,864,299,3,80000,0.25,1.52737
128,864,300,4,80000,0.25,1.5289
128,864,301,2,80000,0.25,1.5187
128,864,302,2,80000,0.25,1.49231
128,864,303,3,80000,0.25,1.52218
128,864,304,3,80000,0.25,1.52619
128,864,305,2,80000,0.25,1.50979
128,864,306,3,80000,0.25,1.53715
128,864,307,3,80000,0.25,1.53065
128,864,308,3,80000,0.25,1.52572
128,864,309,4,80000,0.25,1.53392
128,864,310,3,80000,0.25,1.53649
128,864,311,4,80000,0.25,1.5258
128,864,312,3,80000,0.25,1.53149
128,864,313,3,80000,0.25,1.5252
128,864,314,3,80000,0.25,1.5207
128,864,315,4,80000,0.25,1.53726
128,864,316,3,80000,0.25,1.52553
128,864,317,2,80000,0.25,1.52385
128,864,318,4,80000,0.25,1.5271
128,864,319,3,80000,0.25,1.5178
128,864,320,3,80000,0.25,1.52525
128,864,321,4,80000,0.25,1.52584
128,864,322,3,80000,0.25,1.52612
128,864,323,2,80000,0.25,1.51711
128,864,324,4,80000,0.25,1.5268
128,864,325,4,80000,0.25,1.53347
128,864,326,2,80000,0.25,1.52088
128,864,327,3,80000,0.25,1.51797
128,864,328,3,80000,0.25,1.51719
128,864,329,3,80000,0.25,1.5253
128,864,330,4,80000,0.25,1.5409
128,864,331,3,80000,0.25,1.52851
128,864,332,3,80000,0.25,1.53658
128,864,333,3,80000,0.25,1.52229
128,864,334,2,80000,0.25,1.50551
128,864,335,2,80000,0.25,1.52534
128,864,336,3,80000,0.25,1.53033
128,864,337,3,80000,0.25,1.52816
128,864,338,3,80000,0.25,1.51459
128,864,339,2,80000,0.25,1.52216
128,864,340,4,80000,0.25,1.53434
128,864,341,3,80000,0.25,1.51666
128,864,342,4,80000,0.25,1.5323
128,864,343,2,80000,0.25,1.51493
128,864,344,3,80000,0.25,1.51649
128,864,345,3,80000,0.25,1.52981
128,864,346,4,80000,0.25,1.54554
128,864,347,3,80000,0.25,1.50692
128,864,348,3,80000,0.25,1.51966
128,864,349,2,80000,0.25,1.51205
128,864,350,4,80000,0.25,1.52425
128,864,351,2,80000,0.25,1.52901
128,864,352,3,80000,0.25,1.51966
128,864,353,3,80000,0.25,1.52724
128,864,354,3,80000,0.25,1.52175
128,864,355,3,80000,0.25,1.54628
128,864,356,3,80000,0.25,1.54179
128,864,357,3,80000,0.25,1.5238
128,864,358,3,80000,0.25,1.51705
128,864,359,3,80000,0.25,1.52771
128,864,360,3,80000,0.25,1.51995
128,864,361,2,80000,0.25,1.51187
128,864,362,5,80000,0.25,1.53278
128,864,363,3,80000,0.25,1.5312
128,864,364,3,80000,0.25,1.52871
128,864,365,3,80000,0.25,1.52689
128,864,366,3,80000,0.25,1.51538
128,864,367,3,80000,0.25,1.51817
128,864,368,2,80000,0.25,1.50859
128,864,369,3,80000,0.25,1.52941
128,864,370,4,80000,0.25,1.5226
128,864,371,4,80000,0.25,1.5354
128,864,372,3,80000,0.25,1.53359
128,864,373,3,80000,0.25,1.52451
128,864,374,2,80000,0.25,1.52627
128,864,375,3,80000,0.25,1.53006
128,864,376,2,80000,0.25,1.50572
128,864,377,4,80000,0.25,1.52737
128,864,378,2,80000,0.25,1.52262
128,864,379,3,80000,0.25,1.51028
128,864,380,3,80000,0.25,1.52835
128,864,381,3,80000,0.25,1.53998
128,864,382,3,80000,0.25,1.51015
128,864,383,4,80000,0.25,1.54319
128,864,384,3,80000,0.25,1.53429
128,864,385,2,80000,0.25,1.51168
128,864,386,3,80000,0.25,1.52319
128,864,387,3,80000,0.25,1.52303
128,864,388,2,80000,0.25,1.52906
128,864,389,3,80000,0.25,1.53149
128,864,390,3,80000,0.25,1.52324
128,864,391,3,80000,0.25,1.54494
128,864,392,2,80000,0.25,1.52369
128,864,393,3,80000,0.25,1.53185
128,864,394,3,80000,0.25,1.51569
128,864,395,4,80000,0.25,1.53721
128,864,396,2,80000,0.25,1.52611
128,864,397,3,80000,0.25,1.52705
128,864,398,3,80000,0.25,1.52374
128,864,399,2,80000,0.25,1.50642
128,864,400,3,80000,0.25,1.52665
256,1267,1,0,160000,0.25,0.001003
256,1267,2,0,160000,0.25,0.002491
256,1267,3,0,160000,0.25,0.002485
256,1267,4,0,160000,0.25,0.002969
256,1267,5,0,160000,0.25,0.00247
256,1267,6,0,160000,0.25,0.0028
256,1267,7,0,160000,0.25,0.002407
256,1267,8,0,160000,0.25,0.002588
256,1267,9,0,160000,0.25,0.003838
256,1267,10,0,160000,0.25,0.002316
256,1267,11,0,160000,0.25,0.00287
256,1267,12,0,160000,0.25,0.002991
256,1267,13,0,160000,0.25,0.002492
256,1267,14,0,160000,0.25,0.003201
256,1267,15,0,160000,0.25,0.003198
256,1267,16,0,160000,0.25,0.003945
256,1267,17,0,160000,0.25,0.003057
256,1267,18,0,160000,0.25,0.002588
256,1267,19,0,160000,0.25,0.00281
256,1267,20,0,160000,0.25,0.002876
256,1267,21,0,160000,0.25,0.002947
256,1267,22,0,160000,0.25,0.003096
256,1267,23,0,160000,0.25,0.004003
256,1267,24,0,160000,0.25,0.002855
256,1267,25,0,160000,0.25,0.00266
256,1267,26,0,160000,0.25,0.002733
256,1267,27,0,160000,0.25,0.002395
256,1267,28,0,160000,0.25,0.004094
256,1267,29,0,160000,0.25,0.003054
256,1267,30,0,160000,0.25,0.002835
256,1267,31,0,160000,0.25,0.002578
256,1267,32,0,160000,0.25,0.003502
256,1267,33,0,160000,0.25,0.003932
256,1267,34,0,160000,0.25,0.003226
256,1267,35,0,160000,0.25,0.002598
256,1267,36,0,160000,0.25,0.00302
256,1267,37,0,160000,0.25,0.003295
256,1267,38,0,160000,0.25,0.002679
256,1267,39,0,160000,0.25,0.003618
256,1267,40,0,160000,0.25,0.002456
256,1267,41,0,160000,0.25,0.002252
256,1267,42,0,160000,0.25,0.002757
256,1267,43,0,160000,0.25,0.002582
256,1267,44,0,160000,0.25,0.003731
256,1267,45,0,160000,0.25,0.003402
256,1267,46,0,160000,0.25,0.002927
256,1267,47,0,160000,0.25,0.002922
256,1267,48,0,160000,0.25,0.004738
256,1267,49,0,160000,0.25,0.003058
256,1267,50,0,160000,0.25,0.002723
256,1267,51,0,160000,0.25,0.003186
256,1267,52,0,160000,0.25,0.002387
256,1267,53,0,160000,0.25,0.004609
256,1267,54,0,160000,0.25,0.004257
256,1267,55,0,160000,0.25,0.003015
256,1267,56,0,160000,0.25,0.004451
256,1267,57,0,160000,0.25,0.003213
256,1267,58,0,160000,0.25,0.003242
256,1267,59,0,160000,0.25,0.004412
256,1267,60,0,160000,0.25,0.003556
256,1267,61,0,160000,0.25,0.002024
256,1267,62,0,160000,0.25,0.002472
256,1267,63,0,160000,0.25,0.00251
256,1267,64,0,160000,0.25,0.002599
256,1267,65,0,160000,0.25,0.002488
256,1267,66,0,160000,0.25,0.003636
256,1267,67,0,160000,0.25,0.003149
256,1267,68,0,160000,0.25,0.003679
256,1267,69,0,160000,0.25,0.002873
256,1267,70,0,160000,0.25,0.003476
256,1267,71,0,160000,0.25,0.002936
256,1267,72,0,160000,0.25,0.003362
256,1267,73,0,160000,0.25,0.002495
256,1267,74,0,160000,0.25,0.004228
256,1267,75,0,160000,0.25,0.001922
256,1267,76,0,160000,0.25,0.003394
256,1267,77,0,160000,0.25,0.003568
256,1267,78,0,160000,0.25,0.002035
256,1267,79,0,160000,0.25,0.002281
256,1267,80,0,160000,0.25,0.002701
256,1267,81,0,160000,0.25,0.003894
256,1267,82,0,160000,0.25,0.002714
256,1267,83,0,160000,0.25,0.002347
256,1267,84,0,160000,0.25,0.003716
256,1267,85,0,160000,0.25,0.002496
256,1267,86,0,160000,0.25,0.003752
256,1267,87,0,160000,0.25,0.002208
256,1267,88,0,160000,0.25,0.003214
256,1267,89,0,160000,0.25,0.002388
256,1267,90,0,160000,0.25,0.003448
256,1267,91,0,160000,0.25,0.004324
256,1267,92,0,160000,0.25,0.003571
256,1267,93,0,160000,0.25,0.002633
256,1267,94,0,160000,0.25,0.003104
256,1267,95,0,160000,0.25,0.004223
256,1267,96,0,160000,0.25,0.002702
256,1267,97,0,160000,0.25,0.005324
256,1267,98,0,160000,0.25,0.003241
256,1267,99,0,160000,0.25,0.002029
256,1267,100,0,160000,0.25,0.002974
256,1267,101,0,160000,0.25,0.002684
256,1267,102,0,160000,0.25,0.002974
256,1267,103,0,160000,0.25,0.003048
256,1267,104,0,160000,0.25,0.002902
256,1267,105,0,160000,0.25,0.002904
256,1267,106,0,160000,0.25,0.002647
256,1267,107,0,160000,0.25,0.002797
256,1267,108,0,160000,0.25,0.002802
256,1267,109,0,160000,0.25,0.003164
256,1267,110,0,160000,0.25,0.004304
256,1267,111,0,160000,0.25,0.003401
256,1267,112,0,160000,0.25,0.003102
256,1267,113,0,160000,0.25,0.003873
256,1267,114,0,160000,0.25,0.002858
256,1267,115,0,160000,0.25,0.002113
256,1267,116,0,160000,0.25,0.003296
256,1267,117,0,160000,0.25,0.00259
256,1267,118,0,160000,0.25,0.002941
256,1267,119,0,160000,0.25,0.002529
256,1267,120,0,160000,0.25,0.003797
256,1267,121,0,160000,0.25,0.002237
256,1267,122,0,160000,0.25,0.003204
256,1267,123,0,160000,0.25,0.002318
256,1267,124,0,160000,0.25,0.002723
256,1267,125,0,160000,0.25,0.002288
256,1267,126,0,160000,0.25,0.002952
256,1267,127,0,160000,0.25,0.002929
256,1267,128,0,160000,0.25,0.003056
256,1267,129,0,160000,0.25,0.003254
256,1267,130,0,160000,0.25,0.002966
256,1267,131,0,160000,0.25,0.003842
256,1267,132,0,160000,0.25,0.002913
256,1267,133,0,160000,0.25,0.002604
256,1267,134,0,160000,0.25,0.002673
256,1267,135,0,160000,0.25,0.002876
256,1267,136,0,160000,0.25,0.003229
256,1267,137,0,160000,0.25,0.002032
256,1267,138,0,160000,0.25,0.003053
256,1267,139,0,160000,0.25,0.002608
256,1267,140,0,160000,0.25,0.002718
256,1267,141,0,160000,0.25,0.002696
256,1267,142,0,160000,0.25,0.003496
256,1267,143,0,160000,0.25,0.003645
256,1267,144,0,160000,0.25,0.002485
256,1267,145,0,160000,0.25,0.003196
256,1267,146,0,160000,0.25,0.003828
256,1267,147,0,160000,0.25,0.003876
256,1267,148,0,160000,0.25,0.00445
256,1267,149,0,160000,0.25,0.004992
256,1267,150,0,160000,0.25,0.002445
256,1267,151,0,160000,0.25,0.002527
256,1267,152,0,160000,0.25,0.002787
256,1267,153,0,160000,0.25,0.003266
256,1267,154,0,160000,0.25,0.002341
256,1267,155,0,160000,0.25,0.002347
256,1267,156,0,160000,0.25,0.003089
256,1267,157,0,160000,0.25,0.002905
256,1267,158,0,160000,0.25,0.002642
256,1267,159,0,160000,0.25,0.002176
256,1267,160,0,160000,0.25,0.002968
256,1267,161,0,160000,0.25,0.003072
256,1267,162,0,160000,0.25,0.00349
256,1267,163,0,160000,0.25,0.002878
256,1267,164,0,160000,0.25,0.002343
256,1267,165,0,160000,0.25,0.002596
256,1267,166,0,160000,0.25,0.002844
256,1267,167,0,160000,0.25,0.002424
256,1267,168,0,160000,0.25,0.002531
256,1267,169,0,160000,0.25,0.002966
256,1267,170,0,160000,0.25,0.00305
256,1267,171,0,160000,0.25,0.003295
256,1267,172,0,160000,0.25,0.002364
256,1267,173,0,160000,0.25,0.003115
256,1267,174,0,160000,0.25,0.00263
256,1267,175,0,160000,0.25,0.001863
256,1267,176,0,160000,0.25,0.002842
256,1267,177,0,160000,0.25,0.002841
256,1267,178,0,160000,0.25,0.002551
256,1267,179,0,160000,0.25,0.003117
256,1267,180,0,160000,0.25,0.002856
256,1267,181,0,160000,0.25,0.002812
256,1267,182,0,160000,0.25,0.00373
256,1267,183,0,160000,0.25,0.002764
256,1267,184,0,160000,0.25,0.002806
256,1267,185,0,160000,0.25,0.002324
256,1267,186,0,160000,0.25,0.00299
256,1267,187,0,160000,0.25,0.004727
256,1267,188,0,160000,0.25,0.003696
256,1267,189,0,160000,0.25,0.003545
256,1267,190,0,160000,0.25,0.004025
256,1267,191,0,160000,0.25,0.003115
256,1267,192,0,160000,0.25,0.003374
256,1267,193,0,160000,0.25,0.004428
256,1267,194,0,160000,0.25,0.003633
256,1267,195,0,160000,0.25,0.002575
256,1267,196,0,160000,0.25,0.003221
256,1267,197,0,160000,0.25,0.004175
256,1267,198,0,160000,0.25,0.002242
256,1267,199,0,160000,0.25,0.002595
256,1267,200,0,160000,0.25,0.002469
256,1267,201,0,160000,0.25,0.002297
256,1267,202,0,160000,0.25,0.004956
256,1267,203,0,160000,0.25,0.002586
256,1267,204,0,160000,0.25,0.002424
256,1267,205,0,160000,0.25,0.002682
256,1267,206,0,160000,0.25,0.003595
256,1267,207,0,160000,0.25,0.004345
256,1267,208,0,160000,0.25,0.003286
256,1267,209,0,160000,0.25,0.001942
256,1267,210,0,160000,0.25,0.002939
256,1267,211,0,160000,0.25,0.00262
256,1267,212,0,160000,0.25,0.002655
256,1267,213,0,160000,0.25,0.002999
256,1267,214,0,160000,0.25,0.003419
256,1267,215,0,160000,0.25,0.002437
256,1267,216,0,160000,0.25,0.002321
256,1267,217,0,160000,0.25,0.002751
256,1267,218,0,160000,0.25,0.003324
256,1267,219,0,160000,0.25,0.00298
256,1267,220,0,160000,0.25,0.003656
256,1267,221,0,160000,0.25,0.003718
256,1267,222,0,160000,0.25,0.002288
256,1267,223,0,160000,0.25,0.002982
256,1267,224,0,160000,0.25,0.002746
256,1267,225,0,160000,0.25,0.00222
256,1267,226,0,160000,0.25,0.003288
256,1267,227,0,160000,0.25,0.00363
256,1267,228,0,160000,0.25,0.002488
256,1267,229,0,160000,0.25,0.002659
256,1267,230,0,160000,0.25,0.004875
256,1267,231,0,160000,0.25,0.003417
256,1267,232,0,160000,0.25,0.002603
256,1267,233,0,160000,0.25,0.005886
256,1267,234,0,160000,0.25,0.004167
256,1267,235,0,160000,0.25,0.002895
256,1267,236,0,160000,0.25,0.003615
256,1267,237,0,160000,0.25,0.00387
256,1267,238,0,160000,0.25,0.003324
256,1267,239,0,160000,0.25,0.003742
256,1267,240,0,160000,0.25,0.002735
256,1267,241,0,160000,0.25,0.003547
256,1267,242,0,160000,0.25,0.002999
256,1267,243,0,160000,0.25,0.002508
256,1267,244,0,160000,0.25,0.002786
256,1267,245,0,160000,0.25,0.002321
256,1267,246,0,160000,0.25,0.004061
256,1267,247,0,160000,0.25,0.005088
256,1267,248,0,160000,0.25,0.002483
256,1267,249,0,160000,0.25,0.003857
256,1267,250,0,160000,0.25,0.003524
256,1267,251,0,160000,0.25,0.002472
256,1267,252,0,160000,0.25,0.003234
256,1267,253,0,160000,0.25,0.003783
256,1267,254,0,160000,0.25,0.002332
256,1267,255,0,160000,0.25,0.002108
256,1267,256,0,160000,0.25,0.002246
256,1267,257,0,160000,0.25,0.002833
256,1267,258,0,160000,0.25,0.003459
256,1267,259,0,160000,0.25,0.004149
256,1267,260,0,160000,0.25,0.003143
256,1267,261,0,160000,0.25,0.002845
256,1267,262,0,160000,0.25,0.002825
256,1267,263,0,160000,0.25,0.003348
256,1267,264,0,160000,0.25,0.003048
256,1267,265,0,160000,0.25,0.003249
256,1267,266,0,160000,0.25,0.002951
256,1267,267,0,160000,0.25,0.003729
256,1267,268,0,160000,0.25,0.002227
256,1267,269,0,160000,0.25,0.002955
256,1267,270,0,160000,0.25,0.003233
256,1267,271,0,160000,0.25,0.00205
256,1267,272,0,160000,0.25,0.004454
256,1267,273,0,160000,0.25,0.002805
256,1267,274,0,160000,0.25,0.003007
256,1267,275,0,160000,0.25,0.000754
256,1267,276,0,160000,0.25,0.000793
256,1267,277,0,160000,0.25,0.002003
256,1267,278,0,160000,0.25,0.003004
256,1267,279,0,160000,0.25,0.005329
256,1267,280,0,160000,0.25,0.003603
256,1267,281,0,160000,0.25,0.002569
256,1267,282,0,160000,0.25,0.002823
256,1267,283,0,160000,0.25,0.003894
256,1267,284,0,160000,0.25,0.002328
256,1267,285,0,160000,0.25,0.004019
256,1267,286,0,160000,0.25,0.003386
256,1267,287,0,160000,0.25,0.002623
256,1267,288,0,160000,0.25,0.001608
256,1267,289,0,160000,0.25,0.00327
256,1267,290,0,160000,0.25,0.002499
256,1267,291,0,160000,0.25,0.004403
256,1267,292,0,160000,0.25,0.003114
256,1267,293,0,160000,0.25,0.002937
256,1267,294,0,160000,0.25,0.003464
256,1267,295,0,160000,0.25,0.002542
256,1267,296,0,160000,0.25,0.003423
256,1267,297,0,160000,0.25,0.002637
256,1267,298,0,160000,0.25,0.003906
256,1267,299,0,160000,0.25,0.002364
256,1267,300,0,160000,0.25,0.003014
256,1267,301,0,160000,0.25,0.002633
256,1267,302,0,160000,0.25,0.0034
256,1267,303,0,160000,0.25,0.003263
256,1267,304,0,160000,0.25,0.003403
256,1267,305,0,160000,0.25,0.002773
256,1267,306,0,160000,0.25,0.003596
256,1267,307,0,160000,0.25,0.003794
256,1267,308,0,160000,0.25,0.002787
256,1267,309,0,160000,0.25,0.00302
256,1267,310,0,160000,0.25,0.002416
256,1267,311,0,160000,0.25,0.00237
256,1267,312,0,160000,0.25,0.002675
256,1267,313,0,160000,0.25,0.002524
256,1267,314,0,160000,0.25,0.002494
256,1267,315,0,160000,0.25,0.003727
256,1267,316,0,160000,0.25,0.002842
256,1267,317,0,160000,0.25,0.002576
256,1267,318,0,160000,0.25,0.002301
256,1267,319,0,160000,0.25,0.003245
256,1267,320,0,160000,0.25,0.002126
256,1267,321,0,160000,0.25,0.003055
256,1267,322,0,160000,0.25,0.002954
256,1267,323,0,160000,0.25,0.003092
256,1267,324,0,160000,0.25,0.00464
256,1267,325,0,160000,0.25,0.00234
256,1267,326,0,160000,0.25,0.003014
256,1267,327,0,160000,0.25,0.002331
256,1267,328,0,160000,0.25,0.00451
256,1267,329,0,160000,0.25,0.003567
256,1267,330,0,160000,0.25,0.003895
256,1267,331,0,160000,0.25,0.002789
256,1267,332,0,160000,0.25,0.002414
256,1267,333,0,160000,0.25,0.002678
256,1267,334,0,160000,0.25,0.00257
256,1267,335,0,160000,0.25,0.00267
256,1267,336,0,160000,0.25,0.003337
256,1267,337,0,160000,0.25,0.002994
256,1267,338,0,160000,0.25,0.00195
256,1267,339,0,160000,0.25,0.003193
256,1267,340,0,160000,0.25,0.002531
256,1267,341,0,160000,0.25,0.003213
256,1267,342,0,160000,0.25,0.002853
256,1267,343,0,160000,0.25,0.002601
256,1267,344,0,160000,0.25,0.004473
256,1267,345,0,160000,0.25,0.00219
256,1267,346,0,160000,0.25,0.002606
256,1267,347,0,160000,0.25,0.00351
256,1267,348,0,160000,0.25,0.003145
256,1267,349,0,160000,0.25,0.003118
256,1267,350,0,160000,0.25,0.004703
256,1267,351,0,160000,0.25,0.002419
256,1267,352,0,160000,0.25,0.003496
256,1267,353,0,160000,0.25,0.003119
256,1267,354,0,160000,0.25,0.003659
256,1267,355,0,160000,0.25,0.002916
256,1267,356,0,160000,0.25,0.004569
256,1267,357,0,160000,0.25,0.00336
256,1267,358,0,160000,0.25,0.002718
256,1267,359,0,160000,0.25,0.002517
256,1267,360,0,160000,0.25,0.003828
256,1267,361,0,160000,0.25,0.003546
256,1267,362,0,160000,0.25,0.002671
256,1267,363,0,160000,0.25,0.002477
256,1267,364,0,160000,0.25,0.0032
256,1267,365,0,160000,0.25,0.002765
256,1267,366,0,160000,0.25,0.003698
256,1267,367,0,160000,0.25,0.003121
256,1267,368,0,160000,0.25,0.004729
256,1267,369,0,160000,0.25,0.003554
256,1267,370,0,160000,0.25,0.004113
256,1267,371,0,160000,0.25,0.002596
256,1267,372,0,160000,0.25,0.003119
256,1267,373,0,160000,0.25,0.002613
256,1267,374,0,160000,0.25,0.003432
256,1267,375,0,160000,0.25,0.002885
256,1267,376,0,160000,0.25,0.002204
256,1267,377,0,160000,0.25,0.002022
256,1267,378,0,160000,0.25,0.003147
256,1267,379,0,160000,0.25,0.003563
256,1267,380,0,160000,0.25,0.002955
256,1267,381,0,160000,0.25,0.002544
256,1267,382,0,160000,0.25,0.002759
256,1267,383,0,160000,0.25,0.003285
256,1267,384,0,160000,0.25,0.002768
256,1267,385,0,160000,0.25,0.003321
256,1267,386,0,160000,0.25,0.002365
256,1267,387,0,160000,0.25,0.003619
256,1267,388,0,160000,0.25,0.002904
256,1267,389,0,160000,0.25,0.00369
256,1267,390,0,160000,0.25,0.002959
256,1267,391,0,160000,0.25,0.003059
256,1267,392,0,160000,0.25,0.002125
256,1267,393,0,160000,0.25,0.003168
256,1267,394,0,160000,0.25,0.001947
256,1267,395,0,160000,0.25,0.002303
256,1267,396,0,160000,0.25,0.003077
256,1267,397,0,160000,0.25,0.002433
256,1267,398,0,160000,0.25,0.003929
256,1267,399,0,160000,0.25,0.00274
256,1267,400,0,160000,0.25,0.001922
256,1318,1,0,160000,0.25,0.001122
256,1318,2,0,160000,0.25,0.004075
256,1318,3,0,160000,0.25,0.003976
256,1318,4,0,160000,0.25,0.002736
256,1318,5,0,160000,0.25,0.005297
256,1318,6,0,160000,0.25,0.003423
256,1318,7,0,160000,0.25,0.003179
256,1318,8,0,160000,0.25,0.004668
256,1318,9,0,160000,0.25,0.002501
256,1318,10,0,160000,0.25,0.003061
256,1318,11,0,160000,0.25,0.004981
256,1318,12,0,160000,0.25,0.00328
256,1318,13,0,160000,0.25,0.00456
256,1318,14,0,160000,0.25,0.00258
256,1318,15,0,160000,0.25,0.003905
256,1318,16,0,160000,0.25,0.002747
256,1318,17,0,160000,0.25,0.004937
256,1318,18,0,160000,0.25,0.005385
256,1318,19,0,160000,0.25,0.004221
256,1318,20,0,160000,0.25,0.005133
256,1318,21,0,160000,0.25,0.002362
256,1318,22,0,160000,0.25,0.002989
256,1318,23,0,160000,0.25,0.007123
256,1318,24,0,160000,0.25,0.005013
256,1318,25,0,160000,0.25,0.002275
256,1318,26,0,160000,0.25,0.006379
256,1318,27,0,160000,0.25,0.003358
256,1318,28,0,160000,0.25,0.006304
256,1318,29,0,160000,0.25,0.003884
256,1318,30,0,160000,0.25,0.004493
256,1318,31,0,160000,0.25,0.003482
256,1318,32,0,160000,0.25,0.003175
256,1318,33,0,160000,0.25,0.003814
256,1318,34,0,160000,0.25,0.002688
256,1318,35,0,160000,0.25,0.005428
256,1318,36,0,160000,0.25,0.00515
256,1318,37,0,160000,0.25,0.004863
256,1318,38,0,160000,0.25,0.003198
256,1318,39,0,160000,0.25,0.004451
256,1318,40,0,160000,0.25,0.002561
256,1318,41,0,160000,0.25,0.003516
256,1318,42,0,160000,0.25,0.00282
256,1318,43,0,160000,0.25,0.003271
256,1318,44,0,160000,0.25,0.008885
256,1318,45,0,160000,0.25,0.004154
256,1318,46,0,160000,0.25,0.003076
256,1318,47,0,160000,0.25,0.005158
256,1318,48,0,160000,0.25,0.004076
256,1318,49,0,160000,0.25,0.003924
256,1318,50,0,160000,0.25,0.003716
256,1318,51,0,160000,0.25,0.002966
256,1318,52,0,160000,0.25,0.003035
256,1318,53,0,160000,0.25,0.004721
256,1318,54,0,160000,0.25,0.003105
256,1318,55,0,160000,0.25,0.003166
256,1318,56,0,160000,0.25,0.004124
256,1318,57,0,160000,0.25,0.002787
256,1318,58,0,160000,0.25,0.00282
256,1318,59,0,160000,0.25,0.004065
256,1318,60,0,160000,0.25,0.004081
256,1318,61,0,160000,0.25,0.003344
256,1318,62,0,160000,0.25,0.002403
256,1318,63,0,160000,0.25,0.003408
256,1318,64,0,160000,0.25,0.00388
256,1318,65,0,160000,0.25,0.00498
256,1318,66,0,160000,0.25,0.004749
256,1318,67,0,160000,0.25,0.003689
256,1318,68,0,160000,0.25,0.004272
256,1318,69,0,160000,0.25,0.005955
256,1318,70,0,160000,0.25,0.003
256,1318,71,0,160000,0.25,0.003133
256,1318,72,0,160000,0.25,0.000995
256,1318,73,0,160000,0.25,0.002761
256,1318,74,0,160000,0.25,0.00269
256,1318,75,0,160000,0.25,0.005432
256,1318,76,0,160000,0.25,0.002323
256,1318,77,0,160000,0.25,0.003091
256,1318,78,0,160000,0.25,0.004052
256,1318,79,0,160000,0.25,0.008784
256,1318,80,0,160000,0.25,0.003237
256,1318,81,0,160000,0.25,0.003562
256,1318,82,0,160000,0.25,0.003171
256,1318,83,0,160000,0.25,0.004026
256,1318,84,0,160000,0.25,0.00456
256,1318,85,0,160000,0.25,0.003299
256,1318,86,0,160000,0.25,0.004494
256,1318,87,0,160000,0.25,0.002757
256,1318,88,0,160000,0.25,0.002357
256,1318,89,0,160000,0.25,0.002283
256,1318,90,0,160000,0.25,0.003409
256,1318,91,0,160000,0.25,0.004828
256,1318,92,0,160000,0.25,0.002901
256,1318,93,0,160000,0.25,0.002228
256,1318,94,0,160000,0.25,0.002608
256,1318,95,0,160000,0.25,0.006485
256,1318,96,0,160000,0.25,0.005699
256,1318,97,0,160000,0.25,0.00301
256,1318,98,0,160000,0.25,0.005225
256,1318,99,0,160000,0.25,0.002107
256,1318,100,0,160000,0.25,0.003488
256,1318,101,0,160000,0.25,0.002772
256,1318,102,0,160000,0.25,0.004601
256,1318,103,0,160000,0.25,0.005395
256,1318,104,0,160000,0.25,0.004063
256,1318,105,0,160000,0.25,0.004867
256,1318,106,0,160000,0.25,0.003342
256,1318,107,0,160000,0.25,0.003312
256,1318,108,0,160000,0.25,0.005093
256,1318,109,0,160000,0.25,0.00262
256,1318,110,0,160000,0.25,0.003904
256,1318,111,0,160000,0.25,0.00479
256,1318,112,0,160000,0.25,0.005651
256,1318,113,0,160000,0.25,0.00336
256,1318,114,0,160000,0.25,0.005762
256,1318,115,0,160000,0.25,0.00496
256,1318,116,0,160000,0.25,0.004576
256,1318,117,0,160000,0.25,0.004211
256,1318,118,0,160000,0.25,0.002292
256,1318,119,0,160000,0.25,0.004452
256,1318,120,0,160000,0.25,0.003819
256,1318,121,0,160000,0.25,0.003508
256,1318,122,0,160000,0.25,0.002958
256,1318,123,0,160000,0.25,0.004488
256,1318,124,0,160000,0.25,0.00381
256,1318,125,0,160000,0.25,0.003848
256,1318,126,0,160000,0.25,0.004167
256,1318,127,0,160000,0.25,0.002754
256,1318,128,0,160000,0.25,0.004221
256,1318,129,0,160000,0.25,0.00399
256,1318,130,0,160000,0.25,0.003149
256,1318,131,0,160000,0.25,0.005192
256,1318,132,0,160000,0.25,0.003584
256,1318,133,0,160000,0.25,0.00507
256,1318,134,0,160000,0.25,0.002637
256,1318,135,0,160000,0.25,0.004927
256,1318,136,0,160000,0.25,0.003382
256,1318,137,0,160000,0.25,0.005106
256,1318,138,0,160000,0.25,0.006632
256,1318,139,0,160000,0.25,0.002491
256,1318,140,0,160000,0.25,0.00645
256,1318,141,0,160000,0.25,0.003292
256,1318,142,0,160000,0.25,0.003134
256,1318,143,0,160000,0.25,0.003344
256,1318,144,0,160000,0.25,0.00442
256,1318,145,0,160000,0.25,0.003352
256,1318,146,0,160000,0.25,0.004954
256,1318,147,0,160000,0.25,0.005483
256,1318,148,0,160000,0.25,0.003527
256,1318,149,0,160000,0.25,0.002609
256,1318,150,0,160000,0.25,0.00482
256,1318,151,0,160000,0.25,0.005508
256,1318,152,0,160000,0.25,0.004736
256,1318,153,0,160000,0.25,0.004093
256,1318,154,0,160000,0.25,0.003631
256,1318,155,0,160000,0.25,0.006786
256,1318,156,0,160000,0.25,0.002365
256,1318,157,0,160000,0.25,0.004383
256,1318,158,0,160000,0.25,0.006089
256,1318,159,0,160000,0.25,0.003151
256,1318,160,0,160000,0.25,0.005308
256,1318,161,0,160000,0.25,0.007543
256,1318,162,0,160000,0.25,0.003805
256,1318,163,0,160000,0.25,0.003128
256,1318,164,0,160000,0.25,0.004504
256,1318,165,0,160000,0.25,0.002942
256,1318,166,0,160000,0.25,0.002867
256,1318,167,0,160000,0.25,0.003049
256,1318,168,0,160000,0.25,0.003566
256,1318,169,0,160000,0.25,0.003321
256,1318,170,0,160000,0.25,0.004063
256,1318,171,0,160000,0.25,0.005194
256,1318,172,0,160000,0.25,0.00396
256,1318,173,0,160000,0.25,0.002748
256,1318,174,0,160000,0.25,0.0026
256,1318,175,0,160000,0.25,0.004563
256,1318,176,0,160000,0.25,0.002786
256,1318,177,0,160000,0.25,0.004351
256,1318,178,0,160000,0.25,0.003188
256,1318,179,0,160000,0.25,0.003214
256,1318,180,0,160000,0.25,0.002732
256,1318,181,0,160000,0.25,0.002807
256,1318,182,0,160000,0.25,0.002791
256,1318,183,0,160000,0.25,0.004147
256,1318,184,0,160000,0.25,0.002924
256,1318,185,0,160000,0.25,0.005525
256,1318,186,0,160000,0.25,0.004009
256,1318,187,0,160000,0.25,0.006
256,1318,188,0,160000,0.25,0.002078
256,1318,189,0,160000,0.25,0.003664
256,1318,190,0,160000,0.25,0.00412
256,1318,191,0,160000,0.25,0.003894
256,1318,192,0,160000,0.25,0.002923
256,1318,193,0,160000,0.25,0.01063
256,1318,194,0,160000,0.25,0.003025
256,1318,195,0,160000,0.25,0.003765
256,1318,196,0,160000,0.25,0.003098
256,1318,197,0,160000,0.25,0.00539
256,1318,198,0,160000,0.25,0.00301
256,1318,199,0,160000,0.25,0.004346
256,1318,200,0,160000,0.25,0.004616
256,1318,201,0,160000,0.25,0.003271
256,1318,202,0,160000,0.25,0.003096
256,1318,203,0,160000,0.25,0.003157
256,1318,204,0,160000,0.25,0.005629
256,1318,205,0,160000,0.25,0.003387
256,1318,206,0,160000,0.25,0.004495
256,1318,207,0,160000,0.25,0.004576
256,1318,208,0,160000,0.25,0.003227
256,1318,209,0,160000,0.25,0.003638
256,1318,210,0,160000,0.25,0.004089
256,1318,211,0,160000,0.25,0.004137
256,1318,212,0,160000,0.25,0.003895
256,1318,213,0,160000,0.25,0.005085
256,1318,214,0,160000,0.25,0.004499
256,1318,215,0,160000,0.25,0.004586
256,1318,216,0,160000,0.25,0.003933
256,1318,217,0,160000,0.25,0.008282
256,1318,218,0,160000,0.25,0.003809
256,1318,219,0,160000,0.25,0.004421
256,1318,220,0,160000,0.25,0.003686
256,1318,221,0,160000,0.25,0.004245
256,1318,222,0,160000,0.25,0.006822
256,1318,223,0,160000,0.25,0.002511
256,1318,224,0,160000,0.25,0.005698
256,1318,225,0,160000,0.25,0.002607
256,1318,226,0,160000,0.25,0.006622
256,1318,227,0,160000,0.25,0.004455
256,1318,228,0,160000,0.25,0.002935
256,1318,229,0,160000,0.25,0.002782
256,1318,230,0,160000,0.25,0.003513
256,1318,231,0,160000,0.25,0.005137
256,1318,232,0,160000,0.25,0.003769
256,1318,233,0,160000,0.25,0.00508
256,1318,234,0,160000,0.25,0.005745
256,1318,235,0,160000,0.25,0.004376
256,1318,236,0,160000,0.25,0.002495
256,1318,237,0,160000,0.25,0.005566
256,1318,238,0,160000,0.25,0.004908
256,1318,239,0,160000,0.25,0.006377
256,1318,240,0,160000,0.25,0.003703
256,1318,241,0,160000,0.25,0.00435
256,1318,242,0,160000,0.25,0.003728
256,1318,243,0,160000,0.25,0.006498
256,1318,244,0,160000,0.25,0.003467
256,1318,245,0,160000,0.25,0.005153
256,1318,246,0,160000,0.25,0.006417
256,1318,247,0,160000,0.25,0.004005
256,1318,248,0,160000,0.25,0.002905
256,1318,249,0,160000,0.25,0.00435
256,1318,250,0,160000,0.25,0.004307
256,1318,251,0,160000,0.25,0.0041
256,1318,252,0,160000,0.25,0.00335
256,1318,253,0,160000,0.25,0.00361
256,1318,254,0,160000,0.25,0.002833
256,1318,255,0,160000,0.25,0.003466
256,1318,256,0,160000,0.25,0.003335
256,1318,257,0,160000,0.25,0.004281
256,1318,258,0,160000,0.25,0.005106
256,1318,259,0,160000,0.25,0.00588
256,1318,260,0,160000,0.25,0.004376
256,1318,261,0,160000,0.25,0.00634
256,1318,262,0,160000,0.25,0.00477
256,1318,263,0,160000,0.25,0.004983
256,1318,264,0,160000,0.25,0.006048
256,1318,265,0,160000,0.25,0.003317
256,1318,266,0,160000,0.25,0.003996
256,1318,267,0,160000,0.25,0.003228
256,1318,268,0,160000,0.25,0.005752
256,1318,269,0,160000,0.25,0.004333
256,1318,270,0,160000,0.25,0.00324
256,1318,271,0,160000,0.25,0.005359
256,1318,272,0,160000,0.25,0.004266
256,1318,273,0,160000,0.25,0.005204
256,1318,274,0,160000,0.25,0.007618
256,1318,275,0,160000,0.25,0.001498
256,1318,276,0,160000,0.25,0.003428
256,1318,277,0,160000,0.25,0.002507
256,1318,278,0,160000,0.25,0.002404
256,1318,279,0,160000,0.25,0.002453
256,1318,280,0,160000,0.25,0.002973
256,1318,281,0,160000,0.25,0.004339
256,1318,282,0,160000,0.25,0.003147
256,1318,283,0,160000,0.25,0.002686
256,1318,284,0,160000,0.25,0.002909
256,1318,285,0,160000,0.25,0.004328
256,1318,286,0,160000,0.25,0.003493
256,1318,287,0,160000,0.25,0.00291
256,1318,288,0,160000,0.25,0.003684
256,1318,289,0,160000,0.25,0.003984
256,1318,290,0,160000,0.25,0.00266
256,1318,291,0,160000,0.25,0.004033
256,1318,292,0,160000,0.25,0.003617
256,1318,293,0,160000,0.25,0.006459
256,1318,294,0,160000,0.25,0.006727
256,1318,295,0,160000,0.25,0.004931
256,1318,296,0,160000,0.25,0.003491
256,1318,297,0,160000,0.25,0.003764
256,1318,298,0,160000,0.25,0.003679
256,1318,299,0,160000,0.25,0.003732
256,1318,300,0,160000,0.25,0.002974
256,1318,301,0,160000,0.25,0.005238
256,1318,302,0,160000,0.25,0.004414
256,1318,303,0,160000,0.25,0.003543
256,1318,304,0,160000,0.25,0.003053
256,1318,305,0,160000,0.25,0.002549
256,1318,306,0,160000,0.25,0.003385
256,1318,307,0,160000,0.25,0.004082
256,1318,308,0,160000,0.25,0.005107
256,1318,309,0,160000,0.25,0.004419
256,1318,310,0,160000,0.25,0.00288
256,1318,311,0,160000,0.25,0.003488
256,1318,312,0,160000,0.25,0.005146
256,1318,313,0,160000,0.25,0.003247
256,1318,314,0,160000,0.25,0.005465
256,1318,315,0,160000,0.25,0.001922
256,1318,316,0,160000,0.25,0.00283
256,1318,317,0,160000,0.25,0.00372
256,1318,318,0,160000,0.25,0.005884
256,1318,319,0,160000,0.25,0.005981
256,1318,320,0,160000,0.25,0.002639
256,1318,321,0,160000,0.25,0.004163
256,1318,322,0,160000,0.25,0.008001
256,1318,323,0,160000,0.25,0.004065
256,1318,324,0,160000,0.25,0.005451
256,1318,325,0,160000,0.25,0.004547
256,1318,326,0,160000,0.25,0.003162
256,1318,327,0,160000,0.25,0.00249
256,1318,328,0,160000,0.25,0.003317
256,1318,329,0,160000,0.25,0.004291
256,1318,330,0,160000,0.25,0.004952
256,1318,331,0,160000,0.25,0.003935
256,1318,332,0,160000,0.25,0.004816
256,1318,333,0,160000,0.25,0.003853
256,1318,334,0,160000,0.25,0.003644
256,1318,335,0,160000,0.25,0.002848
256,1318,336,0,160000,0.25,0.003554
256,1318,337,0,160000,0.25,0.002928
256,1318,338,0,160000,0.25,0.007634
256,1318,339,0,160000,0.25,0.004365
256,1318,340,0,160000,0.25,0.003643
256,1318,341,0,160000,0.25,0.002981
256,1318,342,0,160000,0.25,0.005153
256,1318,343,0,160000,0.25,0.004317
256,1318,344,0,160000,0.25,0.00444
256,1318,345,0,160000,0.25,0.002899
256,1318,346,0,160000,0.25,0.003316
256,1318,347,0,160000,0.25,0.002879
256,1318,348,0,160000,0.25,0.003419
256,1318,349,0,160000,0.25,0.007024
256,1318,350,0,160000,0.25,0.002683
256,1318,351,0,160000,0.25,0.003769
256,1318,352,0,160000,0.25,0.002891
256,1318,353,0,160000,0.25,0.002895
256,1318,354,0,160000,0.25,0.003612
256,1318,355,0,160000,0.25,0.004183
256,1318,356,0,160000,0.25,0.003697
256,1318,357,0,160000,0.25,0.007727
256,1318,358,0,160000,0.25,0.003275
256,1318,359,0,160000,0.25,0.003139
256,1318,360,0,160000,0.25,0.003702
256,1318,361,0,160000,0.25,0.003302
256,1318,362,0,160000,0.25,0.003598
256,1318,363,0,160000,0.25,0.003264
256,1318,364,0,160000,0.25,0.005293
256,1318,365,0,160000,0.25,0.003532
256,1318,366,0,160000,0.25,0.005267
256,1318,367,0,160000,0.25,0.003012
256,1318,368,0,160000,0.25,0.002887
256,1318,369,0,160000,0.25,0.005779
256,1318,370,0,160000,0.25,0.004589
256,1318,371,0,160000,0.25,0.00269
256,1318,372,0,160000,0.25,0.004639
256,1318,373,0,160000,0.25,0.003125
256,1318,374,0,160000,0.25,0.004006
256,1318,375,0,160000,0.25,0.003481
256,1318,376,0,160000,0.25,0.002676
256,1318,377,0,160000,0.25,0.00457
256,1318,378,0,160000,0.25,0.002612
256,1318,379,0,160000,0.25,0.002601
256,1318,380,0,160000,0.25,0.005961
256,1318,381,0,160000,0.25,0.00452
256,1318,382,0,160000,0.25,0.005144
256,1318,383,0,160000,0.25,0.002914
256,1318,384,0,160000,0.25,0.007228
256,1318,385,0,160000,0.25,0.003361
256,1318,386,0,160000,0.25,0.00456
256,1318,387,0,160000,0.25,0.004038
256,1318,388,0,160000,0.25,0.004901
256,1318,389,0,160000,0.25,0.004249
256,1318,390,0,160000,0.25,0.002325
256,1318,391,0,160000,0.25,0.005006
256,1318,392,0,160000,0.25,0.003034
256,1318,393,0,160000,0.25,0.00406
256,1318,394,0,160000,0.25,0.003587
256,1318,395,0,160000,0.25,0.00267
256,1318,396,0,160000,0.25,0.002597
256,1318,397,0,160000,0.25,0.002318
256,1318,398,0,160000,0.25,0.004752
256,1318,399,0,160000,0.25,0.00441
256,1318,400,0,160000,0.25,0.0043
256,1370,1,0,160000,0.25,0.00283
256,1370,2,0,160000,0.25,0.008063
256,1370,3,0,160000,0.25,0.009991
256,1370,4,0,160000,0.25,0.007836
256,1370,5,0,160000,0.25,0.003746
256,1370,6,0,160000,0.25,0.005058
256,1370,7,0,160000,0.25,0.003653
256,1370,8,0,160000,0.25,0.009972
256,1370,9,0,160000,0.25,0.004445
256,1370,10,0,160000,0.25,0.003768
256,1370,11,0,160000,0.25,0.003765
256,1370,12,0,160000,0.25,0.006003
256,1370,13,0,160000,0.25,0.008859
256,1370,14,0,160000,0.25,0.008184
256,1370,15,0,160000,0.25,0.005601
256,1370,16,0,160000,0.25,0.01094
256,1370,17,0,160000,0.25,0.004568
256,1370,18,0,160000,0.25,0.008251
256,1370,19,0,160000,0.25,0.003934
256,1370,20,0,160000,0.25,0.009675
256,1370,21,0,160000,0.25,0.004191
256,1370,22,0,160000,0.25,0.003211
256,1370,23,0,160000,0.25,0.010402
256,1370,24,0,160000,0.25,0.009547
256,1370,25,0,160000,0.25,0.002686
256,1370,26,0,160000,0.25,0.004439
256,1370,27,0,160000,0.25,0.006136
256,1370,28,0,160000,0.25,0.003521
256,1370,29,0,160000,0.25,0.002308
256,1370,30,0,160000,0.25,0.004367
256,1370,31,0,160000,0.25,0.003286
256,1370,32,0,160000,0.25,0.003454
256,1370,33,0,160000,0.25,0.005013
256,1370,34,0,160000,0.25,0.004562
256,1370,35,0,160000,0.25,0.00984
256,1370,36,0,160000,0.25,0.007701
256,1370,37,0,160000,0.25,0.004298
256,1370,38,0,160000,0.25,0.004373
256,1370,39,0,160000,0.25,0.00561
256,1370,40,0,160000,0.25,0.005639
256,1370,41,0,160000,0.25,0.009279
256,1370,42,0,160000,0.25,0.002431
256,1370,43,0,160000,0.25,0.003819
256,1370,44,0,160000,0.25,0.006069
256,1370,45,0,160000,0.25,0.006725
256,1370,46,0,160000,0.25,0.004382
256,1370,47,0,160000,0.25,0.004696
256,1370,48,0,160000,0.25,0.006447
256,1370,49,0,160000,0.25,0.003746
256,1370,50,0,160000,0.25,0.004754
256,1370,51,0,160000,0.25,0.004599
256,1370,52,0,160000,0.25,0.00656
256,1370,53,0,160000,0.25,0.006798
256,1370,54,0,160000,0.25,0.006076
256,1370,55,0,160000,0.25,0.005422
256,1370,56,0,160000,0.25,0.004951
256,1370,57,0,160000,0.25,0.006973
256,1370,58,0,160000,0.25,0.003913
256,1370,59,0,160000,0.25,0.004409
256,1370,60,0,160000,0.25,0.008576
256,1370,61,0,160000,0.25,0.004214
256,1370,62,0,160000,0.25,0.007752
256,1370,63,0,160000,0.25,0.005983
256,1370,64,0,160000,0.25,0.006528
256,1370,65,0,160000,0.25,0.004691
256,1370,66,0,160000,0.25,0.007054
256,1370,67,0,160000,0.25,0.003637
256,1370,68,0,160000,0.25,0.004707
256,1370,69,0,160000,0.25,0.004163
256,1370,70,0,160000,0.25,0.003717
256,1370,71,0,160000,0.25,0.005134
256,1370,72,0,160000,0.25,0.005983
256,1370,73,0,160000,0.25,0.006268
256,1370,74,0,160000,0.25,0.005074
256,1370,75,0,160000,0.25,0.010422
256,1370,76,0,160000,0.25,0.001931
256,1370,77,0,160000,0.25,0.004829
256,1370,78,0,160000,0.25,0.005182
256,1370,79,0,160000,0.25,0.003431
256,1370,80,0,160000,0.25,0.001526
256,1370,81,0,160000,0.25,0.004379
256,1370,82,0,160000,0.25,0.003001
256,1370,83,0,160000,0.25,0.005731
256,1370,84,0,160000,0.25,0.006531
256,1370,85,0,160000,0.25,0.00352
256,1370,86,0,160000,0.25,0.005491
256,1370,87,0,160000,0.25,0.004139
256,1370,88,0,160000,0.25,0.006393
256,1370,89,0,160000,0.25,0.006122
256,1370,90,0,160000,0.25,0.002556
256,1370,91,0,160000,0.25,0.005255
256,1370,92,0,160000,0.25,0.005218
256,1370,93,0,160000,0.25,0.003039
256,1370,94,0,160000,0.25,0.007157
256,1370,95,0,160000,0.25,0.004425
256,1370,96,0,160000,0.25,0.006724
256,1370,97,0,160000,0.25,0.002567
256,1370,98,0,160000,0.25,0.00621
256,1370,99,0,160000,0.25,0.003382
256,1370,100,0,160000,0.25,0.005441
256,1370,101,0,160000,0.25,0.004796
256,1370,102,0,160000,0.25,0.003843
256,1370,103,0,160000,0.25,0.003611
256,1370,104,0,160000,0.25,0.005487
256,1370,105,0,160000,0.25,0.005787
256,1370,106,0,160000,0.25,0.003586
256,1370,107,0,160000,0.25,0.008427
256,1370,108,0,160000,0.25,0.003499
256,1370,109,0,160000,0.25,0.008071
256,1370,110,0,160000,0.25,0.004328
256,1370,111,0,160000,0.25,0.004269
256,1370,112,0,160000,0.25,0.006841
256,1370,113,0,160000,0.25,0.007331
256,1370,114,0,160000,0.25,0.006525
256,1370,115,0,160000,0.25,0.003483
256,1370,116,0,160000,0.25,0.004532
256,1370,117,0,160000,0.25,0.006551
256,1370,118,0,160000,0.25,0.005007
256,1370,119,0,160000,0.25,0.00713
256,1370,120,0,160000,0.25,0.005242
256,1370,121,0,160000,0.25,0.008426
256,1370,122,0,160000,0.25,0.005335
256,1370,123,0,160000,0.25,0.005889
256,1370,124,0,160000,0.25,0.004909
256,1370,125,0,160000,0.25,0.003366
256,1370,126,0,160000,0.25,0.00363
256,1370,127,0,160000,0.25,0.007312
256,1370,128,0,160000,0.25,0.005536
256,1370,129,0,160000,0.25,0.004798
256,1370,130,0,160000,0.25,0.006249
256,1370,131,0,160000,0.25,0.0095
256,1370,132,0,160000,0.25,0.007249
256,1370,133,0,160000,0.25,0.003274
256,1370,134,0,160000,0.25,0.003199
256,1370,135,0,160000,0.25,0.003645
256,1370,136,0,160000,0.25,0.00608
256,1370,137,0,160000,0.25,0.00788
256,1370,138,0,160000,0.25,0.00404
256,1370,139,0,160000,0.25,0.008447
256,1370,140,0,160000,0.25,0.006239
256,1370,141,0,160000,0.25,0.00628
256,1370,142,0,160000,0.25,0.003913
256,1370,143,0,160000,0.25,0.008089
256,1370,144,0,160000,0.25,0.004644
256,1370,145,0,160000,0.25,0.008856
256,1370,146,0,160000,0.25,0.008534
256,1370,147,0,160000,0.25,0.00442
256,1370,148,0,160000,0.25,0.005498
256,1370,149,0,160000,0.25,0.004955
256,1370,150,0,160000,0.25,0.00778
256,1370,151,0,160000,0.25,0.00816
256,1370,152,0,160000,0.25,0.005461
256,1370,153,0,160000,0.25,0.010688
256,1370,154,0,160000,0.25,0.003409
256,1370,155,0,160000,0.25,0.005236
256,1370,156,0,160000,0.25,0.003898
256,1370,157,0,160000,0.25,0.004906
256,1370,158,0,160000,0.25,0.007086
256,1370,159,0,160000,0.25,0.005592
256,1370,160,0,160000,0.25,0.008218
256,1370,161,0,160000,0.25,0.00746
256,1370,162,0,160000,0.25,0.008962
256,1370,163,0,160000,0.25,0.003744
256,1370,164,0,160000,0.25,0.006802
256,1370,165,0,160000,0.25,0.005544
256,1370,166,0,160000,0.25,0.005669
256,1370,167,0,160000,0.25,0.008303
256,1370,168,0,160000,0.25,0.004455
256,1370,169,0,160000,0.25,0.012763
256,1370,170,0,160000,0.25,0.00715
256,1370,171,0,160000,0.25,0.005701
256,1370,172,0,160000,0.25,0.004579
256,1370,173,0,160000,0.25,0.005636
256,1370,174,0,160000,0.25,0.00408
256,1370,175,0,160000,0.25,0.003748
256,1370,176,0,160000,0.25,0.007349
256,1370,177,0,160000,0.25,0.006806
256,1370,178,0,160000,0.25,0.004576
256,1370,179,0,160000,0.25,0.004051
256,1370,180,0,160000,0.25,0.002437
256,1370,181,0,160000,0.25,0.003847
256,1370,182,0,160000,0.25,0.004291
256,1370,183,0,160000,0.25,0.007491
256,1370,184,0,160000,0.25,0.004987
256,1370,185,0,160000,0.25,0.010014
256,1370,186,0,160000,0.25,0.006826
256,1370,187,0,160000,0.25,0.004508
256,1370,188,0,160000,0.25,0.003305
256,1370,189,0,160000,0.25,0.00315
256,1370,190,0,160000,0.25,0.003914
256,1370,191,0,160000,0.25,0.005829
256,1370,192,0,160000,0.25,0.003396
256,1370,193,0,160000,0.25,0.005368
256,1370,194,0,160000,0.25,0.005171
256,1370,195,0,160000,0.25,0.006202
256,1370,196,0,160000,0.25,0.008778
256,1370,197,0,160000,0.25,0.003249
256,1370,198,0,160000,0.25,0.003863
256,1370,199,0,160000,0.25,0.00543
256,1370,200,0,160000,0.25,0.00538
256,1370,201,0,160000,0.25,0.00693
256,1370,202,0,160000,0.25,0.004839
256,1370,203,0,160000,0.25,0.005097
256,1370,204,0,160000,0.25,0.006534
256,1370,205,0,160000,0.25,0.007413
256,1370,206,0,160000,0.25,0.004317
256,1370,207,0,160000,0.25,0.002998
256,1370,208,0,160000,0.25,0.002845
256,1370,209,0,160000,0.25,0.007146
256,1370,210,0,160000,0.25,0.007051
256,1370,211,0,160000,0.25,0.005287
256,1370,212,0,160000,0.25,0.008928
256,1370,213,0,160000,0.25,0.004766
256,1370,214,0,160000,0.25,0.009106
256,1370,215,0,160000,0.25,0.005637
256,1370,216,0,160000,0.25,0.007212
256,1370,217,0,160000,0.25,0.009046
256,1370,218,0,160000,0.25,0.004997
256,1370,219,0,160000,0.25,0.005807
256,1370,220,0,160000,0.25,0.01214
256,1370,221,0,160000,0.25,0.002962
256,1370,222,0,160000,0.25,0.00465
256,1370,223,0,160000,0.25,0.003645
256,1370,224,0,160000,0.25,0.005682
256,1370,225,0,160000,0.25,0.00392
256,1370,226,0,160000,0.25,0.009988
256,1370,227,0,160000,0.25,0.007888
256,1370,228,0,160000,0.25,0.006536
256,1370,229,0,160000,0.25,0.004361
256,1370,230,0,160000,0.25,0.004106
256,1370,231,0,160000,0.25,0.00519
256,1370,232,0,160000,0.25,0.004984
256,1370,233,0,160000,0.25,0.004375
256,1370,234,0,160000,0.25,0.00307
256,1370,235,0,160000,0.25,0.005059
256,1370,236,0,160000,0.25,0.005584
256,1370,237,0,160000,0.25,0.003638
256,1370,238,0,160000,0.25,0.002815
256,1370,239,0,160000,0.25,0.006205
256,1370,240,0,160000,0.25,0.00579
256,1370,241,0,160000,0.25,0.003891
256,1370,242,0,160000,0.25,0.008761
256,1370,243,0,160000,0.25,0.002777
256,1370,244,0,160000,0.25,0.005706
256,1370,245,0,160000,0.25,0.00618
256,1370,246,0,160000,0.25,0.006657
256,1370,247,0,160000,0.25,0.005288
256,1370,248,0,160000,0.25,0.004468
256,1370,249,0,160000,0.25,0.003935
256,1370,250,0,160000,0.25,0.004824
256,1370,251,0,160000,0.25,0.003782
256,1370,252,0,160000,0.25,0.002799
256,1370,253,0,160000,0.25,0.00412
256,1370,254,0,160000,0.25,0.004222
256,1370,255,0,160000,0.25,0.004131
256,1370,256,0,160000,0.25,0.008845
256,1370,257,0,160000,0.25,0.00665
256,1370,258,0,160000,0.25,0.009419
256,1370,259,0,160000,0.25,0.012792
256,1370,260,0,160000,0.25,0.005139
256,1370,261,0,160000,0.25,0.003705
256,1370,262,0,160000,0.25,0.010049
256,1370,263,0,160000,0.25,0.003418
256,1370,264,0,160000,0.25,0.005273
256,1370,265,0,160000,0.25,0.004845
256,1370,266,0,160000,0.25,0.00316
256,1370,267,0,160000,0.25,0.004398
256,1370,268,0,160000,0.25,0.006036
256,1370,269,0,160000,0.25,0.003781
256,1370,270,0,160000,0.25,0.005837
256,1370,271,0,160000,0.25,0.00677
256,1370,272,0,160000,0.25,0.003256
256,1370,273,0,160000,0.25,0.010596
256,1370,274,0,160000,0.25,0.002005
256,1370,275,0,160000,0.25,0.007506
256,1370,276,0,160000,0.25,0.003178
256,1370,277,0,160000,0.25,0.00235
256,1370,278,0,160000,0.25,0.001863
256,1370,279,0,160000,0.25,0.00256
256,1370,280,0,160000,0.25,0.002168
256,1370,281,0,160000,0.25,0.00291
256,1370,282,0,160000,0.25,0.001955
256,1370,283,0,160000,0.25,0.007442
256,1370,284,0,160000,0.25,0.003277
256,1370,285,0,160000,0.25,0.001785
256,1370,286,0,160000,0.25,0.005323
256,1370,287,0,160000,0.25,0.003813
256,1370,288,0,160000,0.25,0.003442
256,1370,289,0,160000,0.25,0.001515
256,1370,290,0,160000,0.25,0.004232
256,1370,291,0,160000,0.25,0.004819
256,1370,292,0,160000,0.25,0.01096
256,1370,293,0,160000,0.25,0.008441
256,1370,294,0,160000,0.25,0.003137
256,1370,295,0,160000,0.25,0.007493
256,1370,296,0,160000,0.25,0.004111
256,1370,297,0,160000,0.25,0.007351
256,1370,298,0,160000,0.25,0.003536
256,1370,299,0,160000,0.25,0.006724
256,1370,300,0,160000,0.25,0.003449
256,1370,301,0,160000,0.25,0.005472
256,1370,302,0,160000,0.25,0.004013
256,1370,303,0,160000,0.25,0.003482
256,1370,304,0,160000,0.25,0.001904
256,1370,305,0,160000,0.25,0.005783
256,1370,306,0,160000,0.25,0.004085
256,1370,307,0,160000,0.25,0.003287
256,1370,308,0,160000,0.25,0.005243
256,1370,309,0,160000,0.25,0.005485
256,1370,310,0,160000,0.25,0.004099
256,1370,311,0,160000,0.25,0.006231
256,1370,312,0,160000,0.25,0.003407
256,1370,313,0,160000,0.25,0.006456
256,1370,314,0,160000,0.25,0.007867
256,1370,315,0,160000,0.25,0.006439
256,1370,316,0,160000,0.25,0.006978
256,1370,317,0,160000,0.25,0.007619
256,1370,318,0,160000,0.25,0.007545
256,1370,319,0,160000,0.25,0.005302
256,1370,320,0,160000,0.25,0.006172
256,1370,321,0,160000,0.25,0.007885
256,1370,322,0,160000,0.25,0.004886
256,1370,323,0,160000,0.25,0.004616
256,1370,324,0,160000,0.25,0.006154
256,1370,325,0,160000,0.25,0.007523
256,1370,326,0,160000,0.25,0.003485
256,1370,327,0,160000,0.25,0.00665
256,1370,328,0,160000,0.25,0.004491
256,1370,329,0,160000,0.25,0.00923
256,1370,330,0,160000,0.25,0.003864
256,1370,331,0,160000,0.25,0.004081
256,1370,332,0,160000,0.25,0.007189
256,1370,333,0,160000,0.25,0.005374
256,1370,334,0,160000,0.25,0.008215
256,1370,335,0,160000,0.25,0.011619
256,1370,336,0,160000,0.25,0.002162
256,1370,337,0,160000,0.25,0.003406
256,1370,338,0,160000,0.25,0.004894
256,1370,339,0,160000,0.25,0.004753
256,1370,340,0,160000,0.25,0.008713
256,1370,341,0,160000,0.25,0.004541
256,1370,342,0,160000,0.25,0.005604
256,1370,343,0,160000,0.25,0.006781
256,1370,344,0,160000,0.25,0.00837
256,1370,345,0,160000,0.25,0.005196
256,1370,346,0,160000,0.25,0.006156
256,1370,347,0,160000,0.25,0.004031
256,1370,348,0,160000,0.25,0.011176
256,1370,349,0,160000,0.25,0.007568
256,1370,350,0,160000,0.25,0.007105
256,1370,351,0,160000,0.25,0.006598
256,1370,352,0,160000,0.25,0.004865
256,1370,353,0,160000,0.25,0.003409
256,1370,354,0,160000,0.25,0.004209
256,1370,355,0,160000,0.25,0.006167
256,1370,356,0,160000,0.25,0.003151
256,1370,357,0,160000,0.25,0.006689
256,1370,358,0,160000,0.25,0.005668
256,1370,359,0,160000,0.25,0.007886
256,1370,360,0,160000,0.25,0.005132
256,1370,361,0,160000,0.25,0.004809
256,1370,362,0,160000,0.25,0.005791
256,1370,363,0,160000,0.25,0.004195
256,1370,364,0,160000,0.25,0.009161
256,1370,365,0,160000,0.25,0.00397
256,1370,366,0,160000,0.25,0.0137
256,1370,367,0,160000,0.25,0.007022
256,1370,368,0,160000,0.25,0.003657
256,1370,369,0,160000,0.25,0.004799
256,1370,370,0,160000,0.25,0.007918
256,1370,371,0,160000,0.25,0.003458
256,1370,372,0,160000,0.25,0.005025
256,1370,373,0,160000,0.25,0.004285
256,1370,374,0,160000,0.25,0.005898
256,1370,375,0,160000,0.25,0.0074
256,1370,376,0,160000,0.25,0.011369
256,1370,377,0,160000,0.25,0.00945
256,1370,378,0,160000,0.25,0.00404
256,1370,379,0,160000,0.25,0.005852
256,1370,380,0,160000,0.25,0.006629
256,1370,381,0,160000,0.25,0.005547
256,1370,382,0,160000,0.25,0.00374
256,1370,383,0,160000,0.25,0.003681
256,1370,384,0,160000,0.25,0.007401
256,1370,385,0,160000,0.25,0.007037
256,1370,386,0,160000,0.25,0.007887
256,1370,387,0,160000,0.25,0.006232
256,1370,388,0,160000,0.25,0.004289
256,1370,389,0,160000,0.25,0.004288
256,1370,390,0,160000,0.25,0.004515
256,1370,391,0,160000,0.25,0.004591
256,1370,392,0,160000,0.25,0.003254
256,1370,393,0,160000,0.25,0.003346
256,1370,394,0,160000,0.25,0.005769
256,1370,395,0,160000,0.25,0.005212
256,1370,396,0,160000,0.25,0.007271
256,1370,397,0,160000,0.25,0.003823
256,1370,398,0,160000,0.25,0.005355
256,1370,399,0,160000,0.25,0.007339
256,1370,400,0,160000,0.25,0.003628
256,1421,1,0,160000,0.25,0.003814
256,1421,2,0,160000,0.25,0.005068
256,1421,3,0,160000,0.25,0.010312
256,1421,4,0,160000,0.25,0.005254
256,1421,5,0,160000,0.25,0.011666
256,1421,6,0,160000,0.25,0.010212
256,1421,7,0,160000,0.25,0.007241
256,1421,8,0,160000,0.25,0.00824
256,1421,9,0,160000,0.25,0.010058
256,1421,10,0,160000,0.25,0.00978
256,1421,11,0,160000,0.25,0.013118
256,1421,12,0,160000,0.25,0.003972
256,1421,13,0,160000,0.25,0.006688
256,1421,14,0,160000,0.25,0.009214
256,1421,15,0,160000,0.25,0.012547
256,1421,16,0,160000,0.25,0.013759
256,1421,17,0,160000,0.25,0.003467
256,1421,18,0,160000,0.25,0.006983
256,1421,19,0,160000,0.25,0.011344
256,1421,20,0,160000,0.25,0.010064
256,1421,21,0,160000,0.25,0.006168
256,1421,22,0,160000,0.25,0.014165
256,1421,23,0,160000,0.25,0.007372
256,1421,24,0,160000,0.25,0.009621
256,1421,25,0,160000,0.25,0.003273
256,1421,26,0,160000,0.25,0.004304
256,1421,27,0,160000,0.25,0.007176
256,1421,28,0,160000,0.25,0.007972
256,1421,29,0,160000,0.25,0.010132
256,1421,30,0,160000,0.25,0.004836
256,1421,31,0,160000,0.25,0.011025
256,1421,32,0,160000,0.25,0.008937
256,1421,33,0,160000,0.25,0.009723
256,1421,34,0,160000,0.25,0.011743
256,1421,35,0,160000,0.25,0.0129
256,1421,36,0,160000,0.25,0.00603
256,1421,37,0,160000,0.25,0.007341
256,1421,38,0,160000,0.25,0.00842
256,1421,39,0,160000,0.25,0.006023
256,1421,40,0,160000,0.25,0.005586
256,1421,41,0,160000,0.25,0.002961
256,1421,42,0,160000,0.25,0.00501
256,1421,43,0,160000,0.25,0.008829
256,1421,44,0,160000,0.25,0.006107
256,1421,45,0,160000,0.25,0.004319
256,1421,46,0,160000,0.25,0.011728
256,1421,47,0,160000,0.25,0.008229
256,1421,48,0,160000,0.25,0.008586
256,1421,49,0,160000,0.25,0.007843
256,1421,50,0,160000,0.25,0.010408
256,1421,51,0,160000,0.25,0.004791
256,1421,52,0,160000,0.25,0.007939
256,1421,53,0,160000,0.25,0.003546
256,1421,54,0,160000,0.25,0.006975
256,1421,55,0,160000,0.25,0.008547
256,1421,56,0,160000,0.25,0.008292
256,1421,57,0,160000,0.25,0.003969
256,1421,58,0,160000,0.25,0.00327
256,1421,59,0,160000,0.25,0.009866
256,1421,60,0,160000,0.25,0.014084
256,1421,61,0,160000,0.25,0.002957
256,1421,62,0,160000,0.25,0.003982
256,1421,63,0,160000,0.25,0.004973
256,1421,64,0,160000,0.25,0.012299
256,1421,65,0,160000,0.25,0.003968
256,1421,66,0,160000,0.25,0.004598
256,1421,67,0,160000,0.25,0.00575
256,1421,68,0,160000,0.25,0.006523
256,1421,69,0,160000,0.25,0.007541
256,1421,70,0,160000,0.25,0.00388
256,1421,71,0,160000,0.25,0.005035
256,1421,72,0,160000,0.25,0.004903
256,1421,73,0,160000,0.25,0.006419
256,1421,74,0,160000,0.25,0.005416
256,1421,75,0,160000,0.25,0.006157
256,1421,76,0,160000,0.25,0.008165
256,1421,77,0,160000,0.25,0.003501
256,1421,78,0,160000,0.25,0.005892
256,1421,79,0,160000,0.25,0.008932
256,1421,80,0,160000,0.25,0.002378
256,1421,81,0,160000,0.25,0.011011
256,1421,82,0,160000,0.25,0.008863
256,1421,83,0,160000,0.25,0.002746
256,1421,84,0,160000,0.25,0.004485
256,1421,85,0,160000,0.25,0.003013
256,1421,86,0,160000,0.25,0.007693
256,1421,87,0,160000,0.25,0.004341
256,1421,88,0,160000,0.25,0.003018
256,1421,89,0,160000,0.25,0.010039
256,1421,90,0,160000,0.25,0.010242
256,1421,91,0,160000,0.25,0.008019
256,1421,92,0,160000,0.25,0.00567
256,1421,93,0,160000,0.25,0.005339
256,1421,94,0,160000,0.25,0.010078
256,1421,95,0,160000,0.25,0.006762
256,1421,96,0,160000,0.25,0.0017
256,1421,97,0,160000,0.25,0.003479
256,1421,98,0,160000,0.25,0.012964
256,1421,99,0,160000,0.25,0.001863
256,1421,100,0,160000,0.25,0.004778
256,1421,101,0,160000,0.25,0.004333
256,1421,102,0,160000,0.25,0.004327
256,1421,103,0,160000,0.25,0.008989
256,1421,104,0,160000,0.25,0.009488
256,1421,105,0,160000,0.25,0.013288
256,1421,106,0,160000,0.25,0.010005
256,1421,107,0,160000,0.25,0.005418
256,1421,108,0,160000,0.25,0.008597
256,1421,109,0,160000,0.25,0.006667
256,1421,110,0,160000,0.25,0.005503
256,1421,111,0,160000,0.25,0.006518
256,1421,112,0,160000,0.25,0.009914
256,1421,113,0,160000,0.25,0.007292
256,1421,114,0,160000,0.25,0.019517
256,1421,115,0,160000,0.25,0.003442
256,1421,116,0,160000,0.25,0.010569
256,1421,117,0,160000,0.25,0.006243
256,1421,118,0,160000,0.25,0.005103
256,1421,119,0,160000,0.25,0.008409
256,1421,120,0,160000,0.25,0.00779
256,1421,121,0,160000,0.25,0.00352
256,1421,122,0,160000,0.25,0.009951
256,1421,123,0,160000,0.25,0.006221
256,1421,124,0,160000,0.25,0.00553
256,1421,125,0,160000,0.25,0.010874
256,1421,126,0,160000,0.25,0.004768
256,1421,127,0,160000,0.25,0.011905
256,1421,128,0,160000,0.25,0.01162
256,1421,129,0,160000,0.25,0.006079
256,1421,130,0,160000,0.25,0.008093
256,1421,131,0,160000,0.25,0.017338
256,1421,132,0,160000,0.25,0.003736
256,1421,133,0,160000,0.25,0.008825
256,1421,134,0,160000,0.25,0.008068
256,1421,135,0,160000,0.25,0.0083
256,1421,136,0,160000,0.25,0.005845
256,1421,137,0,160000,0.25,0.005563
256,1421,138,0,160000,0.25,0.007298
256,1421,139,0,160000,0.25,0.010716
256,1421,140,0,160000,0.25,0.006143
256,1421,141,0,160000,0.25,0.005435
256,1421,142,0,160000,0.25,0.015554
256,1421,143,0,160000,0.25,0.00935
256,1421,144,0,160000,0.25,0.006288
256,1421,145,0,160000,0.25,0.006197
256,1421,146,0,160000,0.25,0.00856
256,1421,147,0,160000,0.25,0.006818
256,1421,148,0,160000,0.25,0.008504
256,1421,149,0,160000,0.25,0.007691
256,1421,150,0,160000,0.25,0.024204
256,1421,151,0,160000,0.25,0.009339
256,1421,152,0,160000,0.25,0.013701
256,1421,153,0,160000,0.25,0.007133
256,1421,154,0,160000,0.25,0.00754
256,1421,155,0,160000,0.25,0.007054
256,1421,156,0,160000,0.25,0.004476
256,1421,157,0,160000,0.25,0.011636
256,1421,158,0,160000,0.25,0.010235
256,1421,159,0,160000,0.25,0.005005
256,1421,160,0,160000,0.25,0.018653
256,1421,161,0,160000,0.25,0.009099
256,1421,162,0,160000,0.25,0.007908
256,1421,163,0,160000,0.25,0.004493
256,1421,164,0,160000,0.25,0.011423
256,1421,165,0,160000,0.25,0.011134
256,1421,166,0,160000,0.25,0.008502
256,1421,167,0,160000,0.25,0.015088
256,1421,168,0,160000,0.25,0.011099
256,1421,169,0,160000,0.25,0.013294
256,1421,170,0,160000,0.25,0.006708
256,1421,171,0,160000,0.25,0.005655
256,1421,172,0,160000,0.25,0.00831
256,1421,173,0,160000,0.25,0.011045
256,1421,174,0,160000,0.25,0.005885
256,1421,175,0,160000,0.25,0.009035
256,1421,176,0,160000,0.25,0.01284
256,1421,177,0,160000,0.25,0.011317
256,1421,178,0,160000,0.25,0.009003
256,1421,179,0,160000,0.25,0.010321
256,1421,180,0,160000,0.25,0.006959
256,1421,181,0,160000,0.25,0.006197
256,1421,182,0,160000,0.25,0.006666
256,1421,183,0,160000,0.25,0.006001
256,1421,184,0,160000,0.25,0.008787
256,1421,185,0,160000,0.25,0.017874
256,1421,186,0,160000,0.25,0.008065
256,1421,187,0,160000,0.25,0.004049
256,1421,188,0,160000,0.25,0.003981
256,1421,189,0,160000,0.25,0.010081
256,1421,190,0,160000,0.25,0.008515
256,1421,191,0,160000,0.25,0.013768
256,1421,192,0,160000,0.25,0.009133
256,1421,193,0,160000,0.25,0.00873
256,1421,194,0,160000,0.25,0.009275
256,1421,195,0,160000,0.25,0.006863
256,1421,196,0,160000,0.25,0.007374
256,1421,197,0,160000,0.25,0.0058
256,1421,198,0,160000,0.25,0.00629
256,1421,199,0,160000,0.25,0.004019
256,1421,200,0,160000,0.25,0.007896
256,1421,201,0,160000,0.25,0.004964
256,1421,202,0,160000,0.25,0.014552
256,1421,203,0,160000,0.25,0.004315
256,1421,204,0,160000,0.25,0.006073
256,1421,205,0,160000,0.25,0.012042
256,1421,206,0,160000,0.25,0.012077
256,1421,207,0,160000,0.25,0.005247
256,1421,208,0,160000,0.25,0.011528
256,1421,209,0,160000,0.25,0.012228
256,1421,210,0,160000,0.25,0.011183
256,1421,211,0,160000,0.25,0.007515
256,1421,212,0,160000,0.25,0.010211
256,1421,213,0,160000,0.25,0.007384
256,1421,214,0,160000,0.25,0.008848
256,1421,215,0,160000,0.25,0.004461
256,1421,216,0,160000,0.25,0.00976
256,1421,217,0,160000,0.25,0.007127
256,1421,218,0,160000,0.25,0.014138
256,1421,219,0,160000,0.25,0.007996
256,1421,220,0,160000,0.25,0.015354
256,1421,221,0,160000,0.25,0.006606
256,1421,222,0,160000,0.25,0.005135
256,1421,223,0,160000,0.25,0.010958
256,1421,224,0,160000,0.25,0.007379
256,1421,225,0,160000,0.25,0.01121
256,1421,226,0,160000,0.25,0.006374
256,1421,227,0,160000,0.25,0.011692
256,1421,228,0,160000,0.25,0.006561
256,1421,229,0,160000,0.25,0.007428
256,1421,230,0,160000,0.25,0.005488
256,1421,231,0,160000,0.25,0.018431
256,1421,232,0,160000,0.25,0.010617
256,1421,233,0,160000,0.25,0.003645
256,1421,234,0,160000,0.25,0.010105
256,1421,235,0,160000,0.25,0.007132
256,1421,236,0,160000,0.25,0.009755
256,1421,237,0,160000,0.25,0.013973
256,1421,238,0,160000,0.25,0.007458
256,1421,239,0,160000,0.25,0.010608
256,1421,240,0,160000,0.25,0.004539
256,1421,241,0,160000,0.25,0.015826
256,1421,242,0,160000,0.25,0.00501
256,1421,243,0,160000,0.25,0.005391
256,1421,244,0,160000,0.25,0.009139
256,1421,245,0,160000,0.25,0.007315
256,1421,246,0,160000,0.25,0.01065
256,1421,247,0,160000,0.25,0.007372
256,1421,248,0,160000,0.25,0.010165
256,1421,249,0,160000,0.25,0.006685
256,1421,250,0,160000,0.25,0.003762
256,1421,251,0,160000,0.25,0.005597
256,1421,252,0,160000,0.25,0.004777
256,1421,253,0,160000,0.25,0.005691
256,1421,254,0,160000,0.25,0.014602
256,1421,255,0,160000,0.25,0.00773
256,1421,256,0,160000,0.25,0.007386
256,1421,257,0,160000,0.25,0.017333
256,1421,258,0,160000,0.25,0.00506
256,1421,259,0,160000,0.25,0.00943
256,1421,260,0,160000,0.25,0.004868
256,1421,261,0,160000,0.25,0.014659
256,1421,262,0,160000,0.25,0.012953
256,1421,263,0,160000,0.25,0.003516
256,1421,264,0,160000,0.25,0.009099
256,1421,265,0,160000,0.25,0.011731
256,1421,266,0,160000,0.25,0.00356
256,1421,267,0,160000,0.25,0.003238
256,1421,268,0,160000,0.25,0.010855
256,1421,269,0,160000,0.25,0.004121
256,1421,270,0,160000,0.25,0.010845
256,1421,271,0,160000,0.25,0.001897
256,1421,272,0,160000,0.25,0.010203
256,1421,273,0,160000,0.25,0.011554
256,1421,274,0,160000,0.25,0.005751
256,1421,275,0,160000,0.25,0.016478
256,1421,276,0,160000,0.25,0.01101
256,1421,277,0,160000,0.25,0.003727
256,1421,278,0,160000,0.25,0.009892
256,1421,279,0,160000,0.25,0.009587
256,1421,280,0,160000,0.25,0.01043
256,1421,281,0,160000,0.25,0.004357
256,1421,282,0,160000,0.25,0.010551
256,1421,283,0,160000,0.25,0.005568
256,1421,284,0,160000,0.25,0.009443
256,1421,285,0,160000,0.25,0.00549
256,1421,286,0,160000,0.25,0.011702
256,1421,287,0,160000,0.25,0.006766
256,1421,288,0,160000,0.25,0.014142
256,1421,289,0,160000,0.25,0.004506
256,1421,290,0,160000,0.25,0.007493
256,1421,291,0,160000,0.25,0.004099
256,1421,292,0,160000,0.25,0.007344
256,1421,293,0,160000,0.25,0.008302
256,1421,294,0,160000,0.25,0.01003
256,1421,295,0,160000,0.25,0.006229
256,1421,296,0,160000,0.25,0.006037
256,1421,297,0,160000,0.25,0.006389
256,1421,298,0,160000,0.25,0.006839
256,1421,299,0,160000,0.25,0.008431
256,1421,300,0,160000,0.25,0.010631
256,1421,301,0,160000,0.25,0.011489
256,1421,302,0,160000,0.25,0.003829
256,1421,303,0,160000,0.25,0.012762
256,1421,304,0,160000,0.25,0.012395
256,1421,305,0,160000,0.25,0.010401
256,1421,306,0,160000,0.25,0.004795
256,1421,307,0,160000,0.25,0.008508
256,1421,308,0,160000,0.25,0.008392
256,1421,309,0,160000,0.25,0.007405
256,1421,310,0,160000,0.25,0.005732
256,1421,311,0,160000,0.25,0.007334
256,1421,312,0,160000,0.25,0.008047
256,1421,313,0,160000,0.25,0.009442
256,1421,314,0,160000,0.25,0.009685
256,1421,315,0,160000,0.25,0.005505
256,1421,316,0,160000,0.25,0.004075
256,1421,317,0,160000,0.25,0.005249
256,1421,318,0,160000,0.25,0.008857
256,1421,319,0,160000,0.25,0.006862
256,1421,320,0,160000,0.25,0.00945
256,1421,321,0,160000,0.25,0.017341
256,1421,322,0,160000,0.25,0.011717
256,1421,323,0,160000,0.25,0.005907
256,1421,324,0,160000,0.25,0.009567
256,1421,325,0,160000,0.25,0.005519
256,1421,326,0,160000,0.25,0.009543
256,1421,327,0,160000,0.25,0.009862
256,1421,328,0,160000,0.25,0.008551
256,1421,329,0,160000,0.25,0.006864
256,1421,330,0,160000,0.25,0.006309
256,1421,331,0,160000,0.25,0.013889
256,1421,332,0,160000,0.25,0.010469
256,1421,333,0,160000,0.25,0.005212
256,1421,334,0,160000,0.25,0.007257
256,1421,335,0,160000,0.25,0.004541
256,1421,336,0,160000,0.25,0.009129
256,1421,337,0,160000,0.25,0.008214
256,1421,338,0,160000,0.25,0.006073
256,1421,339,0,160000,0.25,0.009449
256,1421,340,0,160000,0.25,0.005015
256,1421,341,0,160000,0.25,0.009083
256,1421,342,0,160000,0.25,0.010566
256,1421,343,0,160000,0.25,0.007534
256,1421,344,0,160000,0.25,0.007399
256,1421,345,0,160000,0.25,0.012865
256,1421,346,0,160000,0.25,0.003595
256,1421,347,0,160000,0.25,0.011104
256,1421,348,0,160000,0.25,0.005084
256,1421,349,0,160000,0.25,0.007543
256,1421,350,0,160000,0.25,0.008112
256,1421,351,0,160000,0.25,0.004586
256,1421,352,0,160000,0.25,0.01514
256,1421,353,0,160000,0.25,0.003627
256,1421,354,0,160000,0.25,0.005023
256,1421,355,0,160000,0.25,0.00591
256,1421,356,0,160000,0.25,0.007248
256,1421,357,0,160000,0.25,0.004774
256,1421,358,0,160000,0.25,0.005795
256,1421,359,0,160000,0.25,0.005199
256,1421,360,0,160000,0.25,0.008315
256,1421,361,0,160000,0.25,0.007623
256,1421,362,0,160000,0.25,0.005814
256,1421,363,0,160000,0.25,0.010617
256,1421,364,0,160000,0.25,0.010193
256,1421,365,0,160000,0.25,0.009623
256,1421,366,0,160000,0.25,0.003312
256,1421,367,0,160000,0.25,0.007137
256,1421,368,0,160000,0.25,0.006155
256,1421,369,0,160000,0.25,0.019042
256,1421,370,0,160000,0.25,0.006542
256,1421,371,0,160000,0.25,0.008212
256,1421,372,0,160000,0.25,0.009097
256,1421,373,0,160000,0.25,0.007776
256,1421,374,0,160000,0.25,0.009759
256,1421,375,0,160000,0.25,0.008652
256,1421,376,0,160000,0.25,0.016574
256,1421,377,0,160000,0.25,0.005544
256,1421,378,0,160000,0.25,0.014166
256,1421,379,0,160000,0.25,0.003293
256,1421,380,0,160000,0.25,0.004953
256,1421,381,0,160000,0.25,0.004563
256,1421,382,0,160000,0.25,0.004377
256,1421,383,0,160000,0.25,0.007707
256,1421,384,0,160000,0.25,0.010112
256,1421,385,0,160000,0.25,0.004281
256,1421,386,0,160000,0.25,0.008002
256,1421,387,0,160000,0.25,0.009238
256,1421,388,0,160000,0.25,0.013438
256,1421,389,0,160000,0.25,0.005689
256,1421,390,0,160000,0.25,0.003289
256,1421,391,0,160000,0.25,0.007942
256,1421,392,0,160000,0.25,0.011361
256,1421,393,0,160000,0.25,0.006925
256,1421,394,0,160000,0.25,0.01093
256,1421,395,0,160000,0.25,0.005562
256,1421,396,0,160000,0.25,0.009456
256,1421,397,0,160000,0.25,0.00384
256,1421,398,0,160000,0.25,0.017043
256,1421,399,0,160000,0.25,0.006167
256,1421,400,0,160000,0.25,0.005796
256,1472,1,0,160000,0.25,0.005582
256,1472,2,0,160000,0.25,0.020523
256,1472,3,0,160000,0.25,0.007609
256,1472,4,0,160000,0.25,0.007098
256,1472,5,0,160000,0.25,0.008394
256,1472,6,0,160000,0.25,0.01021
256,1472,7,0,160000,0.25,0.011347
256,1472,8,0,160000,0.25,0.016927
256,1472,9,0,160000,0.25,0.007745
256,1472,10,0,160000,0.25,0.025572
256,1472,11,0,160000,0.25,0.008297
256,1472,12,0,160000,0.25,0.015129
256,1472,13,0,160000,0.25,0.029098
256,1472,14,0,160000,0.25,0.019908
256,1472,15,0,160000,0.25,0.011111
256,1472,16,0,160000,0.25,0.017985
256,1472,17,0,160000,0.25,0.017833
256,1472,18,0,160000,0.25,0.018868
256,1472,19,0,160000,0.25,0.018017
256,1472,20,0,160000,0.25,0.016638
256,1472,21,0,160000,0.25,0.016038
256,1472,22,0,160000,0.25,0.006909
256,1472,23,0,160000,0.25,0.014117
256,1472,24,0,160000,0.25,0.015871
256,1472,25,0,160000,0.25,0.010838
256,1472,26,0,160000,0.25,0.016817
256,1472,27,0,160000,0.25,0.006148
256,1472,28,0,160000,0.25,0.021609
256,1472,29,0,160000,0.25,0.006233
256,1472,30,0,160000,0.25,0.015426
256,1472,31,0,160000,0.25,0.02182
256,1472,32,0,160000,0.25,0.01014
256,1472,33,0,160000,0.25,0.009854
256,1472,34,0,160000,0.25,0.012092
256,1472,35,0,160000,0.25,0.003792
256,1472,36,0,160000,0.25,0.014971
256,1472,37,0,160000,0.25,0.017016
256,1472,38,0,160000,0.25,0.0122
256,1472,39,0,160000,0.25,0.012568
256,1472,40,0,160000,0.25,0.006751
256,1472,41,0,160000,0.25,0.012455
256,1472,42,0,160000,0.25,0.006156
256,1472,43,0,160000,0.25,0.010309
256,1472,44,0,160000,0.25,0.008542
256,1472,45,0,160000,0.25,0.006376
256,1472,46,0,160000,0.25,0.009703
256,1472,47,0,160000,0.25,0.004989
256,1472,48,0,160000,0.25,0.015002
256,1472,49,0,160000,0.25,0.008488
256,1472,50,0,160000,0.25,0.003481
256,1472,51,0,160000,0.25,0.010929
256,1472,52,0,160000,0.25,0.017928
256,1472,53,0,160000,0.25,0.005789
256,1472,54,0,160000,0.25,0.011549
256,1472,55,0,160000,0.25,0.00536
256,1472,56,0,160000,0.25,0.012132
256,1472,57,0,160000,0.25,0.006325
256,1472,58,0,160000,0.25,0.013516
256,1472,59,0,160000,0.25,0.00756
256,1472,60,0,160000,0.25,0.008448
256,1472,61,0,160000,0.25,0.007103
256,1472,62,0,160000,0.25,0.012959
256,1472,63,0,160000,0.25,0.002187
256,1472,64,0,160000,0.25,0.011435
256,1472,65,0,160000,0.25,0.016011
256,1472,66,0,160000,0.25,0.008322
256,1472,67,0,160000,0.25,0.001399
256,1472,68,0,160000,0.25,0.009123
256,1472,69,0,160000,0.25,0.019363
256,1472,70,0,160000,0.25,0.008471
256,1472,71,0,160000,0.25,0.006232
256,1472,72,0,160000,0.25,0.010112
256,1472,73,0,160000,0.25,0.019693
256,1472,74,0,160000,0.25,0.009292
256,1472,75,0,160000,0.25,0.024521
256,1472,76,0,160000,0.25,0.00545
256,1472,77,0,160000,0.25,0.004029
256,1472,78,0,160000,0.25,0.008311
256,1472,79,0,160000,0.25,0.008175
256,1472,80,0,160000,0.25,0.005054
256,1472,81,0,160000,0.25,0.006564
256,1472,82,0,160000,0.25,0.005091
256,1472,83,0,160000,0.25,0.009748
256,1472,84,0,160000,0.25,0.003795
256,1472,85,0,160000,0.25,0.009276
256,1472,86,0,160000,0.25,0.017178
256,1472,87,0,160000,0.25,0.018625
256,1472,88,0,160000,0.25,0.010312
256,1472,89,0,160000,0.25,0.006591
256,1472,90,0,160000,0.25,0.004069
256,1472,91,0,160000,0.25,0.010108
256,1472,92,0,160000,0.25,0.014816
256,1472,93,0,160000,0.25,0.006172
256,1472,94,0,160000,0.25,0.006045
256,1472,95,0,160000,0.25,0.008335
256,1472,96,0,160000,0.25,0.012559
256,1472,97,0,160000,0.25,0.004988
256,1472,98,0,160000,0.25,0.013355
256,1472,99,0,160000,0.25,0.018647
256,1472,100,0,160000,0.25,0.009595
256,1472,101,0,160000,0.25,0.008145
256,1472,102,0,160000,0.25,0.008636
256,1472,103,0,160000,0.25,0.01509
256,1472,104,0,160000,0.25,0.027451
256,1472,105,0,160000,0.25,0.008045
256,1472,106,0,160000,0.25,0.013742
256,1472,107,0,160000,0.25,0.008901
256,1472,108,0,160000,0.25,0.00551
256,1472,109,0,160000,0.25,0.010329
256,1472,110,0,160000,0.25,0.01867
256,1472,111,0,160000,0.25,0.011758
256,1472,112,0,160000,0.25,0.014827
256,1472,113,0,160000,0.25,0.010626
256,1472,114,0,160000,0.25,0.006354
256,1472,115,0,160000,0.25,0.017541
256,1472,116,0,160000,0.25,0.013324
256,1472,117,0,160000,0.25,0.01364
256,1472,118,0,160000,0.25,0.012283
256,1472,119,0,160000,0.25,0.013494
256,1472,120,0,160000,0.25,0.010238
256,1472,121,0,160000,0.25,0.014242
256,1472,122,0,160000,0.25,0.016627
256,1472,123,0,160000,0.25,0.010522
256,1472,124,0,160000,0.25,0.009962
256,1472,125,0,160000,0.25,0.01029
256,1472,126,0,160000,0.25,0.013619
256,1472,127,0,160000,0.25,0.013638
256,1472,128,0,160000,0.25,0.015553
256,1472,129,0,160000,0.25,0.008367
256,1472,130,0,160000,0.25,0.008276
256,1472,131,0,160000,0.25,0.018224
256,1472,132,0,160000,0.25,0.010189
256,1472,133,0,160000,0.25,0.015398
256,1472,134,0,160000,0.25,0.014695
256,1472,135,0,160000,0.25,0.022653
256,1472,136,0,160000,0.25,0.007508
256,1472,137,0,160000,0.25,0.015422
256,1472,138,0,160000,0.25,0.010761
256,1472,139,0,160000,0.25,0.017887
256,1472,140,0,160000,0.25,0.016341
256,1472,141,0,160000,0.25,0.011268
256,1472,142,0,160000,0.25,0.008814
256,1472,143,0,160000,0.25,0.021602
256,1472,144,0,160000,0.25,0.008735
256,1472,145,0,160000,0.25,0.009949
256,1472,146,0,160000,0.25,0.019093
256,1472,147,0,160000,0.25,0.00596
256,1472,148,0,160000,0.25,0.027224
256,1472,149,0,160000,0.25,0.009396
256,1472,150,0,160000,0.25,0.009297
256,1472,151,0,160000,0.25,0.01015
256,1472,152,0,160000,0.25,0.007882
256,1472,153,0,160000,0.25,0.010791
256,1472,154,0,160000,0.25,0.00764
256,1472,155,0,160000,0.25,0.020579
256,1472,156,0,160000,0.25,0.01267
256,1472,157,0,160000,0.25,0.02385
256,1472,158,0,160000,0.25,0.013028
256,1472,159,0,160000,0.25,0.019663
256,1472,160,0,160000,0.25,0.014379
256,1472,161,0,160000,0.25,0.009339
256,1472,162,0,160000,0.25,0.008593
256,1472,163,0,160000,0.25,0.018524
256,1472,164,0,160000,0.25,0.018416
256,1472,165,0,160000,0.25,0.008945
256,1472,166,0,160000,0.25,0.016407
256,1472,167,0,160000,0.25,0.014807
256,1472,168,0,160000,0.25,0.013916
256,1472,169,0,160000,0.25,0.015976
256,1472,170,0,160000,0.25,0.011177
256,1472,171,0,160000,0.25,0.03044
256,1472,172,0,160000,0.25,0.010237
256,1472,173,0,160000,0.25,0.010469
256,1472,174,0,160000,0.25,0.012314
256,1472,175,0,160000,0.25,0.009427
256,1472,176,0,160000,0.25,0.011034
256,1472,177,0,160000,0.25,0.00688
256,1472,178,0,160000,0.25,0.01279
256,1472,179,0,160000,0.25,0.014428
256,1472,180,0,160000,0.25,0.010889
256,1472,181,0,160000,0.25,0.005958
256,1472,182,0,160000,0.25,0.018324
256,1472,183,0,160000,0.25,0.008438
256,1472,184,0,160000,0.25,0.010428
256,1472,185,0,160000,0.25,0.012661
256,1472,186,0,160000,0.25,0.017616
256,1472,187,0,160000,0.25,0.016001
256,1472,188,0,160000,0.25,0.007195
256,1472,189,0,160000,0.25,0.00849
256,1472,190,0,160000,0.25,0.015781
256,1472,191,0,160000,0.25,0.017529
256,1472,192,0,160000,0.25,0.010855
256,1472,193,0,160000,0.25,0.017152
256,1472,194,0,160000,0.25,0.012205
256,1472,195,0,160000,0.25,0.017251
256,1472,196,0,160000,0.25,0.013904
256,1472,197,0,160000,0.25,0.011889
256,1472,198,0,160000,0.25,0.018527
256,1472,199,0,160000,0.25,0.022738
256,1472,200,0,160000,0.25,0.023481
256,1472,201,0,160000,0.25,0.026685
256,1472,202,0,160000,0.25,0.011769
256,1472,203,0,160000,0.25,0.00579
256,1472,204,0,160000,0.25,0.005441
256,1472,205,0,160000,0.25,0.011384
256,1472,206,0,160000,0.25,0.02275
256,1472,207,0,160000,0.25,0.00721
256,1472,208,0,160000,0.25,0.010499
256,1472,209,0,160000,0.25,0.017238
256,1472,210,0,160000,0.25,0.014829
256,1472,211,0,160000,0.25,0.014149
256,1472,212,0,160000,0.25,0.008255
256,1472,213,0,160000,0.25,0.015084
256,1472,214,0,160000,0.25,0.022146
256,1472,215,0,160000,0.25,0.017665
256,1472,216,0,160000,0.25,0.012769
256,1472,217,0,160000,0.25,0.026471
256,1472,218,0,160000,0.25,0.023157
256,1472,219,0,160000,0.25,0.008891
256,1472,220,0,160000,0.25,0.017825
256,1472,221,0,160000,0.25,0.015555
256,1472,222,0,160000,0.25,0.015657
256,1472,223,0,160000,0.25,0.011435
256,1472,224,0,160000,0.25,0.010096
256,1472,225,0,160000,0.25,0.035459
256,1472,226,0,160000,0.25,0.007558
256,1472,227,0,160000,0.25,0.018761
256,1472,228,0,160000,0.25,0.01327
256,1472,229,0,160000,0.25,0.015717
256,1472,230,0,160000,0.25,0.012923
256,1472,231,0,160000,0.25,0.015217
256,1472,232,0,160000,0.25,0.007328
256,1472,233,0,160000,0.25,0.017047
256,1472,234,0,160000,0.25,0.015298
256,1472,235,0,160000,0.25,0.011281
256,1472,236,0,160000,0.25,0.005034
256,1472,237,0,160000,0.25,0.013626
256,1472,238,0,160000,0.25,0.011268
256,1472,239,0,160000,0.25,0.010538
256,1472,240,0,160000,0.25,0.008864
256,1472,241,0,160000,0.25,0.010901
256,1472,242,0,160000,0.25,0.007759
256,1472,243,0,160000,0.25,0.008361
256,1472,244,0,160000,0.25,0.016192
256,1472,245,0,160000,0.25,0.01265
256,1472,246,0,160000,0.25,0.011447
256,1472,247,0,160000,0.25,0.011685
256,1472,248,0,160000,0.25,0.0193
256,1472,249,0,160000,0.25,0.007367
256,1472,250,0,160000,0.25,0.009703
256,1472,251,0,160000,0.25,0.024026
256,1472,252,0,160000,0.25,0.008346
256,1472,253,0,160000,0.25,0.013921
256,1472,254,0,160000,0.25,0.015122
256,1472,255,0,160000,0.25,0.016571
256,1472,256,0,160000,0.25,0.022869
256,1472,257,0,160000,0.25,0.007324
256,1472,258,0,160000,0.25,0.011333
256,1472,259,0,160000,0.25,0.02394
256,1472,260,0,160000,0.25,0.003325
256,1472,261,0,160000,0.25,0.014922
256,1472,262,0,160000,0.25,0.018584
256,1472,263,0,160000,0.25,0.023675
256,1472,264,0,160000,0.25,0.004585
256,1472,265,0,160000,0.25,0.017535
256,1472,266,0,160000,0.25,0.010958
256,1472,267,0,160000,0.25,0.02127
256,1472,268,0,160000,0.25,0.025232
256,1472,269,0,160000,0.25,0.005834
256,1472,270,0,160000,0.25,0.007389
256,1472,271,0,160000,0.25,0.004232
256,1472,272,0,160000,0.25,0.012246
256,1472,273,0,160000,0.25,0.003376
256,1472,274,0,160000,0.25,0.015399
256,1472,275,0,160000,0.25,0.012356
256,1472,276,0,160000,0.25,0.011977
256,1472,277,0,160000,0.25,0.004721
256,1472,278,0,160000,0.25,0.008517
256,1472,279,0,160000,0.25,0.007889
256,1472,280,0,160000,0.25,0.010858
256,1472,281,0,160000,0.25,0.010838
256,1472,282,0,160000,0.25,0.010696
256,1472,283,0,160000,0.25,0.008027
256,1472,284,0,160000,0.25,0.015265
256,1472,285,0,160000,0.25,0.01649
256,1472,286,0,160000,0.25,0.016434
256,1472,287,0,160000,0.25,0.008617
256,1472,288,0,160000,0.25,0.006087
256,1472,289,0,160000,0.25,0.002323
256,1472,290,0,160000,0.25,0.004546
256,1472,291,0,160000,0.25,0.016323
256,1472,292,0,160000,0.25,0.007945
256,1472,293,0,160000,0.25,0.006116
256,1472,294,0,160000,0.25,0.009995
256,1472,295,0,160000,0.25,0.010818
256,1472,296,0,160000,0.25,0.007175
256,1472,297,0,160000,0.25,0.00497
256,1472,298,0,160000,0.25,0.017758
256,1472,299,0,160000,0.25,0.01674
256,1472,300,0,160000,0.25,0.011817
256,1472,301,0,160000,0.25,0.01534
256,1472,302,0,160000,0.25,0.009365
256,1472,303,0,160000,0.25,0.009177
256,1472,304,0,160000,0.25,0.012609
256,1472,305,0,160000,0.25,0.003777
256,1472,306,0,160000,0.25,0.014635
256,1472,307,0,160000,0.25,0.01603
256,1472,308,0,160000,0.25,0.014633
256,1472,309,0,160000,0.25,0.005677
256,1472,310,0,160000,0.25,0.023036
256,1472,311,0,160000,0.25,0.007266
256,1472,312,0,160000,0.25,0.016453
256,1472,313,0,160000,0.25,0.010562
256,1472,314,0,160000,0.25,0.005627
256,1472,315,0,160000,0.25,0.014992
256,1472,316,0,160000,0.25,0.013114
256,1472,317,0,160000,0.25,0.033035
256,1472,318,0,160000,0.25,0.00965
256,1472,319,0,160000,0.25,0.01728
256,1472,320,0,160000,0.25,0.014409
256,1472,321,0,160000,0.25,0.010312
256,1472,322,0,160000,0.25,0.015359
256,1472,323,0,160000,0.25,0.012813
256,1472,324,0,160000,0.25,0.009402
256,1472,325,0,160000,0.25,0.010749
256,1472,326,0,160000,0.25,0.016879
256,1472,327,0,160000,0.25,0.013563
256,1472,328,0,160000,0.25,0.011409
256,1472,329,0,160000,0.25,0.015508
256,1472,330,0,160000,0.25,0.011031
256,1472,331,0,160000,0.25,0.012447
256,1472,332,0,160000,0.25,0.006785
256,1472,333,0,160000,0.25,0.005154
256,1472,334,0,160000,0.25,0.020813
256,1472,335,0,160000,0.25,0.01199
256,1472,336,0,160000,0.25,0.004963
256,1472,337,0,160000,0.25,0.004964
256,1472,338,0,160000,0.25,0.016335
256,1472,339,0,160000,0.25,0.0061
256,1472,340,0,160000,0.25,0.006387
256,1472,341,0,160000,0.25,0.013817
256,1472,342,0,160000,0.25,0.009298
256,1472,343,0,160000,0.25,0.007326
256,1472,344,0,160000,0.25,0.01907
256,1472,345,0,160000,0.25,0.010495
256,1472,346,0,160000,0.25,0.015002
256,1472,347,0,160000,0.25,0.006203
256,1472,348,0,160000,0.25,0.00785
256,1472,349,0,160000,0.25,0.012513
256,1472,350,0,160000,0.25,0.016493
256,1472,351,0,160000,0.25,0.010731
256,1472,352,0,160000,0.25,0.011835
256,1472,353,0,160000,0.25,0.009472
256,1472,354,0,160000,0.25,0.010495
256,1472,355,0,160000,0.25,0.004951
256,1472,356,0,160000,0.25,0.008395
256,1472,357,0,160000,0.25,0.020493
256,1472,358,0,160000,0.25,0.025354
256,1472,359,0,160000,0.25,0.00666
256,1472,360,0,160000,0.25,0.00507
256,1472,361,0,160000,0.25,0.006582
256,1472,362,0,160000,0.25,0.00933
256,1472,363,0,160000,0.25,0.013363
256,1472,364,0,160000,0.25,0.016512
256,1472,365,0,160000,0.25,0.004862
256,1472,366,0,160000,0.25,0.007163
256,1472,367,0,160000,0.25,0.017809
256,1472,368,0,160000,0.25,0.009854
256,1472,369,0,160000,0.25,0.007641
256,1472,370,0,160000,0.25,0.024269
256,1472,371,0,160000,0.25,0.013934
256,1472,372,0,160000,0.25,0.006839
256,1472,373,0,160000,0.25,0.011135
256,1472,374,0,160000,0.25,0.013765
256,1472,375,0,160000,0.25,0.015494
256,1472,376,0,160000,0.25,0.007649
256,1472,377,0,160000,0.25,0.01183
256,1472,378,0,160000,0.25,0.006344
256,1472,379,0,160000,0.25,0.004498
256,1472,380,0,160000,0.25,0.006719
256,1472,381,0,160000,0.25,0.008758
256,1472,382,0,160000,0.25,0.002895
256,1472,383,0,160000,0.25,0.010238
256,1472,384,0,160000,0.25,0.015191
256,1472,385,0,160000,0.25,0.00342
256,1472,386,0,160000,0.25,0.004426
256,1472,387,0,160000,0.25,0.007287
256,1472,388,0,160000,0.25,0.013778
256,1472,389,0,160000,0.25,0.011768
256,1472,390,0,160000,0.25,0.013423
256,1472,391,0,160000,0.25,0.005793
256,1472,392,0,160000,0.25,0.017864
256,1472,393,0,160000,0.25,0.009262
256,1472,394,0,160000,0.25,0.007088
256,1472,395,0,160000,0.25,0.011576
256,1472,396,0,160000,0.25,0.024292
256,1472,397,0,160000,0.25,0.005446
256,1472,398,0,160000,0.25,0.013425
256,1472,399,0,160000,0.25,0.00588
256,1472,400,0,160000,0.25,0.011128
256,1523,1,0,160000,0.25,0.012559
256,1523,2,0,160000,0.25,0.028669
256,1523,3,0,160000,0.25,0.012991
256,1523,4,0,160000,0.25,0.01061
256,1523,5,0,160000,0.25,0.01394
256,1523,6,0,160000,0.25,0.031387
256,1523,7,0,160000,0.25,0.017879
256,1523,8,0,160000,0.25,0.012535
256,1523,9,0,160000,0.25,0.008685
256,1523,10,0,160000,0.25,0.072496
256,1523,11,0,160000,0.25,0.019365
256,1523,12,0,160000,0.25,0.015256
256,1523,13,0,160000,0.25,0.024484
256,1523,14,0,160000,0.25,0.029179
256,1523,15,0,160000,0.25,0.012091
256,1523,16,0,160000,0.25,0.026941
256,1523,17,0,160000,0.25,0.018951
256,1523,18,0,160000,0.25,0.023868
256,1523,19,0,160000,0.25,0.021102
256,1523,20,0,160000,0.25,0.034435
256,1523,21,0,160000,0.25,0.024577
256,1523,22,0,160000,0.25,0.015567
256,1523,23,0,160000,0.25,0.016319
256,1523,24,0,160000,0.25,0.008544
256,1523,25,0,160000,0.25,0.015379
256,1523,26,0,160000,0.25,0.01839
256,1523,27,0,160000,0.25,0.024749
256,1523,28,0,160000,0.25,0.023449
256,1523,29,0,160000,0.25,0.022082
256,1523,30,0,160000,0.25,0.018474
256,1523,31,0,160000,0.25,0.017119
256,1523,32,0,160000,0.25,0.03274
256,1523,33,0,160000,0.25,0.02722
256,1523,34,0,160000,0.25,0.012639
256,1523,35,0,160000,0.25,0.019776
256,1523,36,0,160000,0.25,0.012503
256,1523,37,0,160000,0.25,0.011102
256,1523,38,0,160000,0.25,0.022344
256,1523,39,0,160000,0.25,0.015198
256,1523,40,0,160000,0.25,0.056708
256,1523,41,0,160000,0.25,0.038826
256,1523,42,0,160000,0.25,0.031882
256,1523,43,0,160000,0.25,0.006939
256,1523,44,0,160000,0.25,0.022917
256,1523,45,0,160000,0.25,0.017269
256,1523,46,0,160000,0.25,0.005313
256,1523,47,0,160000,0.25,0.044287
256,1523,48,0,160000,0.25,0.067629
256,1523,49,0,160000,0.25,0.009085
256,1523,50,0,160000,0.25,0.007664
256,1523,51,0,160000,0.25,0.0155
256,1523,52,0,160000,0.25,0.00875
256,1523,53,0,160000,0.25,0.018531
256,1523,54,0,160000,0.25,0.035461
256,1523,55,0,160000,0.25,0.005601
256,1523,56,0,160000,0.25,0.013159
256,1523,57,0,160000,0.25,0.015759
256,1523,58,0,160000,0.25,0.042718
256,1523,59,0,160000,0.25,0.013432
256,1523,60,0,160000,0.25,0.022107
256,1523,61,0,160000,0.25,0.008538
256,1523,62,0,160000,0.25,0.017281
256,1523,63,0,160000,0.25,0.015639
256,1523,64,0,160000,0.25,0.007508
256,1523,65,0,160000,0.25,0.004818
256,1523,66,0,160000,0.25,0.007905
256,1523,67,0,160000,0.25,0.006676
256,1523,68,0,160000,0.25,0.032881
256,1523,69,0,160000,0.25,0.006133
256,1523,70,0,160000,0.25,0.014694
256,1523,71,0,160000,0.25,0.016945
256,1523,72,0,160000,0.25,0.032974
256,1523,73,0,160000,0.25,0.04451
256,1523,74,0,160000,0.25,0.012556
256,1523,75,0,160000,0.25,0.016179
256,1523,76,0,160000,0.25,0.021831
256,1523,77,0,160000,0.25,0.011821
256,1523,78,0,160000,0.25,0.07773
256,1523,79,0,160000,0.25,0.010024
256,1523,80,0,160000,0.25,0.047769
256,1523,81,0,160000,0.25,0.03418
256,1523,82,0,160000,0.25,0.016059
256,1523,83,0,160000,0.25,0.012141
256,1523,84,0,160000,0.25,0.034253
256,1523,85,0,160000,0.25,0.02794
256,1523,86,0,160000,0.25,0.030943
256,1523,87,0,160000,0.25,0.011831
256,1523,88,0,160000,0.25,0.077994
256,1523,89,0,160000,0.25,0.049354
256,1523,90,0,160000,0.25,0.004736
256,1523,91,0,160000,0.25,0.03697
256,1523,92,0,160000,0.25,0.016085
256,1523,93,0,160000,0.25,0.030299
256,1523,94,0,160000,0.25,0.00335
256,1523,95,0,160000,0.25,0.012408
256,1523,96,0,160000,0.25,0.011661
256,1523,97,0,160000,0.25,0.020839
256,1523,98,0,160000,0.25,0.012583
256,1523,99,0,160000,0.25,0.015194
256,1523,100,0,160000,0.25,0.017968
256,1523,101,0,160000,0.25,0.023431
256,1523,102,0,160000,0.25,0.013527
256,1523,103,0,160000,0.25,0.010494
256,1523,104,0,160000,0.25,0.011663
256,1523,105,0,160000,0.25,0.035517
256,1523,106,0,160000,0.25,0.03279
256,1523,107,0,160000,0.25,0.023297
256,1523,108,0,160000,0.25,0.034542
256,1523,109,0,160000,0.25,0.030012
256,1523,110,0,160000,0.25,0.024254
256,1523,111,0,160000,0.25,0.010731
256,1523,112,0,160000,0.25,0.041386
256,1523,113,0,160000,0.25,0.025649
256,1523,114,0,160000,0.25,0.023517
256,1523,115,0,160000,0.25,0.035448
256,1523,116,0,160000,0.25,0.023811
256,1523,117,0,160000,0.25,0.023618
256,1523,118,0,160000,0.25,0.030308
256,1523,119,0,160000,0.25,0.059922
256,1523,120,0,160000,0.25,0.047244
256,1523,121,0,160000,0.25,0.026224
256,1523,122,0,160000,0.25,0.030264
256,1523,123,0,160000,0.25,0.006784
256,1523,124,0,160000,0.25,0.01244
256,1523,125,0,160000,0.25,0.012523
256,1523,126,0,160000,0.25,0.012928
256,1523,127,0,160000,0.25,0.031289
256,1523,128,0,160000,0.25,0.029167
256,1523,129,0,160000,0.25,0.025058
256,1523,130,0,160000,0.25,0.012087
256,1523,131,0,160000,0.25,0.014534
256,1523,132,0,160000,0.25,0.021713
256,1523,133,0,160000,0.25,0.015941
256,1523,134,0,160000,0.25,0.020365
256,1523,135,0,160000,0.25,0.02112
256,1523,136,0,160000,0.25,0.019246
256,1523,137,0,160000,0.25,0.026136
256,1523,138,0,160000,0.25,0.017672
256,1523,139,0,160000,0.25,0.028912
256,1523,140,0,160000,0.25,0.028046
256,1523,141,0,160000,0.25,0.009811
256,1523,142,0,160000,0.25,0.042761
256,1523,143,0,160000,0.25,0.027398
256,1523,144,0,160000,0.25,0.02918
256,1523,145,0,160000,0.25,0.01555
256,1523,146,0,160000,0.25,0.011974
256,1523,147,0,160000,0.25,0.013313
256,1523,148,0,160000,0.25,0.014508
256,1523,149,0,160000,0.25,0.023982
256,1523,150,0,160000,0.25,0.015305
256,1523,151,0,160000,0.25,0.010224
256,1523,152,0,160000,0.25,0.017967
256,1523,153,0,160000,0.25,0.031803
256,1523,154,0,160000,0.25,0.025228
256,1523,155,0,160000,0.25,0.015787
256,1523,156,0,160000,0.25,0.043679
256,1523,157,0,160000,0.25,0.011264
256,1523,158,0,160000,0.25,0.037769
256,1523,159,0,160000,0.25,0.030682
256,1523,160,0,160000,0.25,0.011739
256,1523,161,0,160000,0.25,0.02887
256,1523,162,0,160000,0.25,0.02648
256,1523,163,0,160000,0.25,0.016803
256,1523,164,0,160000,0.25,0.019726
256,1523,165,0,160000,0.25,0.019996
256,1523,166,0,160000,0.25,0.027804
256,1523,167,0,160000,0.25,0.033918
256,1523,168,0,160000,0.25,0.051598
256,1523,169,0,160000,0.25,0.021191
256,1523,170,0,160000,0.25,0.010027
256,1523,171,0,160000,0.25,0.01215
256,1523,172,0,160000,0.25,0.016584
256,1523,173,0,160000,0.25,0.034998
256,1523,174,0,160000,0.25,0.010564
256,1523,175,0,160000,0.25,0.016796
256,1523,176,0,160000,0.25,0.023584
256,1523,177,0,160000,0.25,0.006861
256,1523,178,0,160000,0.25,0.037286
256,1523,179,0,160000,0.25,0.01619
256,1523,180,0,160000,0.25,0.011623
256,1523,181,0,160000,0.25,0.0141
256,1523,182,0,160000,0.25,0.024363
256,1523,183,0,160000,0.25,0.030597
256,1523,184,0,160000,0.25,0.009412
256,1523,185,0,160000,0.25,0.036273
256,1523,186,0,160000,0.25,0.01569
256,1523,187,0,160000,0.25,0.010559
256,1523,188,0,160000,0.25,0.015328
256,1523,189,0,160000,0.25,0.019044
256,1523,190,0,160000,0.25,0.013317
256,1523,191,0,160000,0.25,0.020577
256,1523,192,0,160000,0.25,0.030012
256,1523,193,0,160000,0.25,0.015516
256,1523,194,0,160000,0.25,0.017029
256,1523,195,0,160000,0.25,0.014455
256,1523,196,0,160000,0.25,0.016779
256,1523,197,0,160000,0.25,0.014156
256,1523,198,0,160000,0.25,0.022974
256,1523,199,0,160000,0.25,0.01571
256,1523,200,0,160000,0.25,0.010379
256,1523,201,0,160000,0.25,0.020186
256,1523,202,0,160000,0.25,0.027632
256,1523,203,0,160000,0.25,0.021668
256,1523,204,0,160000,0.25,0.005053
256,1523,205,0,160000,0.25,0.034659
256,1523,206,0,160000,0.25,0.044483
256,1523,207,0,160000,0.25,0.018239
256,1523,208,0,160000,0.25,0.047923
256,1523,209,0,160000,0.25,0.033154
256,1523,210,0,160000,0.25,0.019268
256,1523,211,0,160000,0.25,0.019582
256,1523,212,0,160000,0.25,0.021035
256,1523,213,0,160000,0.25,0.014545
256,1523,214,0,160000,0.25,0.023407
256,1523,215,0,160000,0.25,0.021546
256,1523,216,0,160000,0.25,0.007768
256,1523,217,0,160000,0.25,0.017317
256,1523,218,0,160000,0.25,0.017641
256,1523,219,0,160000,0.25,0.013543
256,1523,220,0,160000,0.25,0.041737
256,1523,221,0,160000,0.25,0.011869
256,1523,222,0,160000,0.25,0.02818
256,1523,223,0,160000,0.25,0.009853
256,1523,224,0,160000,0.25,0.007418
256,1523,225,0,160000,0.25,0.019849
256,1523,226,0,160000,0.25,0.031961
256,1523,227,0,160000,0.25,0.018803
256,1523,228,0,160000,0.25,0.013716
256,1523,229,0,160000,0.25,0.012316
256,1523,230,0,160000,0.25,0.017736
256,1523,231,0,160000,0.25,0.016602
256,1523,232,0,160000,0.25,0.018314
256,1523,233,0,160000,0.25,0.014844
256,1523,234,0,160000,0.25,0.042959
256,1523,235,0,160000,0.25,0.015658
256,1523,236,0,160000,0.25,0.017636
256,1523,237,0,160000,0.25,0.006577
256,1523,238,0,160000,0.25,0.00748
256,1523,239,0,160000,0.25,0.029726
256,1523,240,0,160000,0.25,0.029983
256,1523,241,0,160000,0.25,0.001918
256,1523,242,0,160000,0.25,0.014236
256,1523,243,0,160000,0.25,0.007488
256,1523,244,0,160000,0.25,0.017442
256,1523,245,0,160000,0.25,0.01986
256,1523,246,0,160000,0.25,0.036868
256,1523,247,0,160000,0.25,0.030907
256,1523,248,0,160000,0.25,0.040818
256,1523,249,0,160000,0.25,0.033382
256,1523,250,0,160000,0.25,0.02418
256,1523,251,0,160000,0.25,0.016715
256,1523,252,0,160000,0.25,0.009194
256,1523,253,0,160000,0.25,0.025998
256,1523,254,0,160000,0.25,0.063281
256,1523,255,0,160000,0.25,0.022485
256,1523,256,0,160000,0.25,0.007121
256,1523,257,0,160000,0.25,0.020057
256,1523,258,0,160000,0.25,0.010545
256,1523,259,0,160000,0.25,0.014954
256,1523,260,0,160000,0.25,0.020531
256,1523,261,0,160000,0.25,0.037341
256,1523,262,0,160000,0.25,0.011138
256,1523,263,0,160000,0.25,0.014196
256,1523,264,0,160000,0.25,0.018587
256,1523,265,0,160000,0.25,0.011784
256,1523,266,0,160000,0.25,0.053886
256,1523,267,0,160000,0.25,0.024747
256,1523,268,0,160000,0.25,0.012605
256,1523,269,0,160000,0.25,0.019985
256,1523,270,0,160000,0.25,0.018989
256,1523,271,0,160000,0.25,0.019148
256,1523,272,0,160000,0.25,0.015818
256,1523,273,0,160000,0.25,0.010661
256,1523,274,0,160000,0.25,0.024144
256,1523,275,0,160000,0.25,0.027343
256,1523,276,0,160000,0.25,0.01188
256,1523,277,0,160000,0.25,0.026477
256,1523,278,0,160000,0.25,0.004101
256,1523,279,0,160000,0.25,0.01757
256,1523,280,0,160000,0.25,0.02575
256,1523,281,0,160000,0.25,0.006749
256,1523,282,0,160000,0.25,0.01389
256,1523,283,0,160000,0.25,0.018755
256,1523,284,0,160000,0.25,0.007253
256,1523,285,0,160000,0.25,0.015107
256,1523,286,0,160000,0.25,0.021449
256,1523,287,0,160000,0.25,0.025801
256,1523,288,0,160000,0.25,0.017872
256,1523,289,0,160000,0.25,0.007399
256,1523,290,0,160000,0.25,0.019905
256,1523,291,0,160000,0.25,0.014954
256,1523,292,0,160000,0.25,0.010029
256,1523,293,0,160000,0.25,0.009838
256,1523,294,0,160000,0.25,0.011274
256,1523,295,0,160000,0.25,0.017905
256,1523,296,0,160000,0.25,0.016555
256,1523,297,0,160000,0.25,0.008662
256,1523,298,0,160000,0.25,0.019851
256,1523,299,0,160000,0.25,0.024307
256,1523,300,0,160000,0.25,0.032266
256,1523,301,0,160000,0.25,0.00735
256,1523,302,0,160000,0.25,0.007309
256,1523,303,0,160000,0.25,0.037618
256,1523,304,0,160000,0.25,0.011537
256,1523,305,0,160000,0.25,0.011787
256,1523,306,0,160000,0.25,0.027709
256,1523,307,0,160000,0.25,0.018039
256,1523,308,0,160000,0.25,0.009218
256,1523,309,0,160000,0.25,0.030013
256,1523,310,0,160000,0.25,0.02829
256,1523,311,0,160000,0.25,0.047667
256,1523,312,0,160000,0.25,0.019809
256,1523,313,0,160000,0.25,0.017614
256,1523,314,0,160000,0.25,0.010709
256,1523,315,0,160000,0.25,0.015744
256,1523,316,0,160000,0.25,0.012205
256,1523,317,0,160000,0.25,0.01242
256,1523,318,0,160000,0.25,0.071197
256,1523,319,0,160000,0.25,0.013474
256,1523,320,0,160000,0.25,0.014282
256,1523,321,0,160000,0.25,0.014835
256,1523,322,0,160000,0.25,0.017147
256,1523,323,0,160000,0.25,0.010099
256,1523,324,0,160000,0.25,0.031628
256,1523,325,0,160000,0.25,0.01302
256,1523,326,0,160000,0.25,0.015939
256,1523,327,0,160000,0.25,0.035826
256,1523,328,0,160000,0.25,0.021896
256,1523,329,0,160000,0.25,0.009544
256,1523,330,0,160000,0.25,0.030967
256,1523,331,0,160000,0.25,0.009158
256,1523,332,0,160000,0.25,0.031358
256,1523,333,0,160000,0.25,0.032853
256,1523,334,0,160000,0.25,0.020531
256,1523,335,0,160000,0.25,0.025535
256,1523,336,0,160000,0.25,0.006023
256,1523,337,0,160000,0.25,0.010197
256,1523,338,0,160000,0.25,0.007502
256,1523,339,0,160000,0.25,0.028236
256,1523,340,0,160000,0.25,0.010794
256,1523,341,0,160000,0.25,0.015257
256,1523,342,0,160000,0.25,0.021637
256,1523,343,0,160000,0.25,0.013819
256,1523,344,0,160000,0.25,0.044526
256,1523,345,0,160000,0.25,0.010981
256,1523,346,0,160000,0.25,0.025435
256,1523,347,0,160000,0.25,0.036082
256,1523,348,0,160000,0.25,0.021715
256,1523,349,0,160000,0.25,0.007727
256,1523,350,0,160000,0.25,0.013977
256,1523,351,0,160000,0.25,0.009684
256,1523,352,0,160000,0.25,0.024876
256,1523,353,0,160000,0.25,0.025076
256,1523,354,0,160000,0.25,0.020623
256,1523,355,0,160000,0.25,0.026612
256,1523,356,0,160000,0.25,0.008129
256,1523,357,0,160000,0.25,0.018696
256,1523,358,0,160000,0.25,0.029748
256,1523,359,0,160000,0.25,0.018051
256,1523,360,0,160000,0.25,0.044394
256,1523,361,0,160000,0.25,0.037701
256,1523,362,0,160000,0.25,0.020281
256,1523,363,0,160000,0.25,0.005298
256,1523,364,0,160000,0.25,0.020388
256,1523,365,0,160000,0.25,0.017517
256,1523,366,0,160000,0.25,0.012281
256,1523,367,0,160000,0.25,0.009355
256,1523,368,0,160000,0.25,0.041151
256,1523,369,0,160000,0.25,0.032977
256,1523,370,0,160000,0.25,0.007319
256,1523,371,0,160000,0.25,0.024616
256,1523,372,0,160000,0.25,0.018578
256,1523,373,0,160000,0.25,0.015815
256,1523,374,0,160000,0.25,0.011051
256,1523,375,0,160000,0.25,0.030503
256,1523,376,0,160000,0.25,0.024469
256,1523,377,0,160000,0.25,0.025493
256,1523,378,0,160000,0.25,0.004525
256,1523,379,0,160000,0.25,0.013774
256,1523,380,0,160000,0.25,0.009457
256,1523,381,0,160000,0.25,0.013585
256,1523,382,0,160000,0.25,0.030487
256,1523,383,0,160000,0.25,0.004296
256,1523,384,0,160000,0.25,0.034341
256,1523,385,0,160000,0.25,0.006272
256,1523,386,0,160000,0.25,0.015229
256,1523,387,0,160000,0.25,0.013738
256,1523,388,0,160000,0.25,0.016277
256,1523,389,0,160000,0.25,0.005714
256,1523,390,0,160000,0.25,0.012209
256,1523,391,0,160000,0.25,0.011613
256,1523,392,0,160000,0.25,0.040645
256,1523,393,0,160000,0.25,0.016897
256,1523,394,0,160000,0.25,0.012115
256,1523,395,0,160000,0.25,0.023879
256,1523,396,0,160000,0.25,0.010638
256,1523,397,0,160000,0.25,0.010933
256,1523,398,0,160000,0.25,0.013404
256,1523,399,0,160000,0.25,0.017427
256,1523,400,0,160000,0.25,0.011164
256,1574,1,0,160000,0.25,0.205373
256,1574,2,0,160000,0.25,0.028135
256,1574,3,0,160000,0.25,0.039261
256,1574,4,0,160000,0.25,0.118221
256,1574,5,0,160000,0.25,0.01943
256,1574,6,0,160000,0.25,0.134963
256,1574,7,0,160000,0.25,0.0608
256,1574,8,0,160000,0.25,0.0242
256,1574,9,0,160000,0.25,0.013077
256,1574,10,0,160000,0.25,0.06317
256,1574,11,0,160000,0.25,0.14691
256,1574,12,0,160000,0.25,0.092668
256,1574,13,0,160000,0.25,0.028513
256,1574,14,0,160000,0.25,0.061
256,1574,15,0,160000,0.25,0.100528
256,1574,16,0,160000,0.25,0.065883
256,1574,17,0,160000,0.25,0.098036
256,1574,18,0,160000,0.25,0.03763
256,1574,19,0,160000,0.25,0.021355
256,1574,20,0,160000,0.25,0.061371
256,1574,21,0,160000,0.25,0.051042
256,1574,22,0,160000,0.25,0.043963
256,1574,23,0,160000,0.25,0.033391
256,1574,24,0,160000,0.25,0.22766
256,1574,25,0,160000,0.25,0.046764
256,1574,26,0,160000,0.25,0.163181
256,1574,27,0,160000,0.25,0.012651
256,1574,28,0,160000,0.25,0.05912
256,1574,29,0,160000,0.25,0.011995
256,1574,30,0,160000,0.25,0.079569
256,1574,31,0,160000,0.25,0.040099
256,1574,32,0,160000,0.25,0.046231
256,1574,33,0,160000,0.25,0.040476
256,1574,34,0,160000,0.25,0.02915
256,1574,35,0,160000,0.25,0.01664
256,1574,36,0,160000,0.25,0.015239
256,1574,37,0,160000,0.25,0.099341
256,1574,38,0,160000,0.25,0.038772
256,1574,39,0,160000,0.25,0.031402
256,1574,40,0,160000,0.25,0.056203
256,1574,41,0,160000,0.25,0.036754
256,1574,42,0,160000,0.25,0.005401
256,1574,43,0,160000,0.25,0.055931
256,1574,44,0,160000,0.25,0.044473
256,1574,45,0,160000,0.25,0.022648
256,1574,46,0,160000,0.25,0.037156
256,1574,47,0,160000,0.25,0.030661
256,1574,48,0,160000,0.25,0.07331
256,1574,49,0,160000,0.25,0.018825
256,1574,50,0,160000,0.25,0.016645
256,1574,51,0,160000,0.25,0.013038
256,1574,52,0,160000,0.25,0.061251
256,1574,53,0,160000,0.25,0.064452
256,1574,54,0,160000,0.25,0.011351
256,1574,55,0,160000,0.25,0.010577
256,1574,56,0,160000,0.25,0.145722
256,1574,57,0,160000,0.25,0.012353
256,1574,58,0,160000,0.25,0.025689
256,1574,59,0,160000,0.25,0.09364
256,1574,60,0,160000,0.25,0.219581
256,1574,61,0,160000,0.25,0.021817
256,1574,62,0,160000,0.25,0.120376
256,1574,63,0,160000,0.25,0.013256
256,1574,64,0,160000,0.25,0.022996
256,1574,65,0,160000,0.25,0.05916
256,1574,66,0,160000,0.25,0.141732
256,1574,67,0,160000,0.25,0.028098
256,1574,68,0,160000,0.25,0.058149
256,1574,69,0,160000,0.25,0.196658
256,1574,70,0,160000,0.25,0.063451
256,1574,71,0,160000,0.25,0.047869
256,1574,72,0,160000,0.25,0.033505
256,1574,73,0,160000,0.25,0.015559
256,1574,74,0,160000,0.25,0.05156
256,1574,75,0,160000,0.25,0.013513
256,1574,76,0,160000,0.25,0.022368
256,1574,77,0,160000,0.25,0.029692
256,1574,78,0,160000,0.25,0.014373
256,1574,79,0,160000,0.25,0.015078
256,1574,80,0,160000,0.25,0.14039
256,1574,81,0,160000,0.25,0.012513
256,1574,82,0,160000,0.25,0.108241
256,1574,83,0,160000,0.25,0.014256
256,1574,84,0,160000,0.25,0.176938
256,1574,85,0,160000,0.25,0.075644
256,1574,86,0,160000,0.25,0.040619
256,1574,87,0,160000,0.25,0.01965
256,1574,88,0,160000,0.25,0.089188
256,1574,89,0,160000,0.25,0.041565
256,1574,90,0,160000,0.25,0.036249
256,1574,91,0,160000,0.25,0.008231
256,1574,92,0,160000,0.25,0.032818
256,1574,93,0,160000,0.25,0.10087
256,1574,94,0,160000,0.25,0.026652
256,1574,95,0,160000,0.25,0.025984
256,1574,96,0,160000,0.25,0.010404
256,1574,97,0,160000,0.25,0.00406
256,1574,98,0,160000,0.25,0.028256
256,1574,99,0,160000,0.25,0.058155
256,1574,100,0,160000,0.25,0.056577
256,1574,101,0,160000,0.25,0.225185
256,1574,102,0,160000,0.25,0.101243
256,1574,103,0,160000,0.25,0.034108
256,1574,104,0,160000,0.25,0.085657
256,1574,105,0,160000,0.25,0.088829
256,1574,106,0,160000,0.25,0.162311
256,1574,107,0,160000,0.25,0.068424
256,1574,108,0,160000,0.25,0.029511
256,1574,109,0,160000,0.25,0.049806
256,1574,110,0,160000,0.25,0.207635
256,1574,111,0,160000,0.25,0.022532
256,1574,112,0,160000,0.25,0.067914
256,1574,113,0,160000,0.25,0.096729
256,1574,114,0,160000,0.25,0.066545
256,1574,115,0,160000,0.25,0.042682
256,1574,116,0,160000,0.25,0.035012
256,1574,117,0,160000,0.25,0.011186
256,1574,118,0,160000,0.25,0.206521
256,1574,119,0,160000,0.25,0.0541
256,1574,120,0,160000,0.25,0.041028
256,1574,121,0,160000,0.25,0.021073
256,1574,122,0,160000,0.25,0.066609
256,1574,123,0,160000,0.25,0.07536
256,1574,124,0,160000,0.25,0.028954
256,1574,125,0,160000,0.25,0.054069
256,1574,126,0,160000,0.25,0.01163
256,1574,127,0,160000,0.25,0.031226
256,1574,128,0,160000,0.25,0.038532
256,1574,129,0,160000,0.25,0.049675
256,1574,130,0,160000,0.25,0.132191
256,1574,131,0,160000,0.25,0.199738
256,1574,132,0,160000,0.25,0.033238
256,1574,133,0,160000,0.25,0.14687
256,1574,134,0,160000,0.25,0.038968
256,1574,135,0,160000,0.25,0.213887
256,1574,136,0,160000,0.25,0.032725
256,1574,137,0,160000,0.25,0.066806
256,1574,138,0,160000,0.25,0.069683
256,1574,139,0,160000,0.25,0.126545
256,1574,140,0,160000,0.25,0.033069
256,1574,141,0,160000,0.25,0.019536
256,1574,142,0,160000,0.25,0.020178
256,1574,143,0,160000,0.25,0.032366
256,1574,144,0,160000,0.25,0.065616
256,1574,145,0,160000,0.25,0.042495
256,1574,146,0,160000,0.25,0.027189
256,1574,147,0,160000,0.25,0.029576
256,1574,148,0,160000,0.25,0.096789
256,1574,149,0,160000,0.25,0.052921
256,1574,150,0,160000,0.25,0.059617
256,1574,151,0,160000,0.25,0.014544
256,1574,152,0,160000,0.25,0.022661
256,1574,153,0,160000,0.25,0.034938
256,1574,154,0,160000,0.25,0.023895
256,1574,155,0,160000,0.25,0.026829
256,1574,156,0,160000,0.25,0.06216
256,1574,157,0,160000,0.25,0.017615
256,1574,158,0,160000,0.25,0.068638
256,1574,159,0,160000,0.25,0.109417
256,1574,160,0,160000,0.25,0.01849
256,1574,161,0,160000,0.25,0.169413
256,1574,162,0,160000,0.25,0.207339
256,1574,163,0,160000,0.25,0.078731
256,1574,164,0,160000,0.25,0.017189
256,1574,165,0,160000,0.25,0.107137
256,1574,166,0,160000,0.25,0.025242
256,1574,167,0,160000,0.25,0.074223
256,1574,168,0,160000,0.25,0.08374
256,1574,169,0,160000,0.25,0.076404
256,1574,170,0,160000,0.25,0.01263
256,1574,171,0,160000,0.25,0.076857
256,1574,172,0,160000,0.25,0.096002
256,1574,173,0,160000,0.25,0.048909
256,1574,174,0,160000,0.25,0.109707
256,1574,175,0,160000,0.25,0.031031
256,1574,176,0,160000,0.25,0.036741
256,1574,177,0,160000,0.25,0.227836
256,1574,178,0,160000,0.25,0.071014
256,1574,179,0,160000,0.25,0.068517
256,1574,180,0,160000,0.25,0.025627
256,1574,181,0,160000,0.25,0.066321
256,1574,182,0,160000,0.25,0.245268
256,1574,183,0,160000,0.25,0.029995
256,1574,184,0,160000,0.25,0.032646
256,1574,185,0,160000,0.25,0.258956
256,1574,186,0,160000,0.25,0.025774
256,1574,187,0,160000,0.25,0.035086
256,1574,188,0,160000,0.25,0.037725
256,1574,189,0,160000,0.25,0.124564
256,1574,190,0,160000,0.25,0.038562
256,1574,191,0,160000,0.25,0.015855
256,1574,192,0,160000,0.25,0.03796
256,1574,193,0,160000,0.25,0.144933
256,1574,194,0,160000,0.25,0.017587
256,1574,195,0,160000,0.25,0.15621
256,1574,196,0,160000,0.25,0.041077
256,1574,197,0,160000,0.25,0.0312
256,1574,198,0,160000,0.25,0.239627
256,1574,199,0,160000,0.25,0.064829
256,1574,200,0,160000,0.25,0.050438
256,1574,201,0,160000,0.25,0.083729
256,1574,202,0,160000,0.25,0.018721
256,1574,203,0,160000,0.25,0.011537
256,1574,204,0,160000,0.25,0.022124
256,1574,205,0,160000,0.25,0.042916
256,1574,206,0,160000,0.25,0.055852
256,1574,207,0,160000,0.25,0.046299
256,1574,208,0,160000,0.25,0.033769
256,1574,209,0,160000,0.25,0.094577
256,1574,210,0,160000,0.25,0.068799
256,1574,211,0,160000,0.25,0.129419
256,1574,212,0,160000,0.25,0.056212
256,1574,213,0,160000,0.25,0.154338
256,1574,214,0,160000,0.25,0.119064
256,1574,215,0,160000,0.25,0.045211
256,1574,216,0,160000,0.25,0.039423
256,1574,217,0,160000,0.25,0.111886
256,1574,218,0,160000,0.25,0.028535
256,1574,219,0,160000,0.25,0.041884
256,1574,220,0,160000,0.25,0.009616
256,1574,221,0,160000,0.25,0.033709
256,1574,222,0,160000,0.25,0.017405
256,1574,223,0,160000,0.25,0.052548
256,1574,224,0,160000,0.25,0.155254
256,1574,225,0,160000,0.25,0.168275
256,1574,226,0,160000,0.25,0.047056
256,1574,227,0,160000,0.25,0.066539
256,1574,228,0,160000,0.25,0.028452
256,1574,229,0,160000,0.25,0.039215
256,1574,230,0,160000,0.25,0.021986
256,1574,231,0,160000,0.25,0.016721
256,1574,232,0,160000,0.25,0.070089
256,1574,233,0,160000,0.25,0.044881
256,1574,234,0,160000,0.25,0.054178
256,1574,235,0,160000,0.25,0.035714
256,1574,236,0,160000,0.25,0.222212
256,1574,237,0,160000,0.25,0.011566
256,1574,238,0,160000,0.25,0.110996
256,1574,239,0,160000,0.25,0.02615
256,1574,240,0,160000,0.25,0.023602
256,1574,241,0,160000,0.25,0.009393
256,1574,242,0,160000,0.25,0.023241
256,1574,243,0,160000,0.25,0.049875
256,1574,244,0,160000,0.25,0.013856
256,1574,245,0,160000,0.25,0.033642
256,1574,246,0,160000,0.25,0.073057
256,1574,247,0,160000,0.25,0.04278
256,1574,248,0,160000,0.25,0.029288
256,1574,249,0,160000,0.25,0.019367
256,1574,250,0,160000,0.25,0.029129
256,1574,251,0,160000,0.25,0.022203
256,1574,252,0,160000,0.25,0.02938
256,1574,253,0,160000,0.25,0.052007
256,1574,254,0,160000,0.25,0.032654
256,1574,255,0,160000,0.25,0.016961
256,1574,256,0,160000,0.25,0.153924
256,1574,257,0,160000,0.25,0.018779
256,1574,258,0,160000,0.25,0.03286
256,1574,259,0,160000,0.25,0.0473
256,1574,260,0,160000,0.25,0.122293
256,1574,261,0,160000,0.25,0.026812
256,1574,262,0,160000,0.25,0.12971
256,1574,263,0,160000,0.25,0.226488
256,1574,264,0,160000,0.25,0.074942
256,1574,265,0,160000,0.25,0.026877
256,1574,266,0,160000,0.25,0.035405
256,1574,267,0,160000,0.25,0.055043
256,1574,268,0,160000,0.25,0.020248
256,1574,269,0,160000,0.25,0.052708
256,1574,270,0,160000,0.25,0.022274
256,1574,271,0,160000,0.25,0.011602
256,1574,272,0,160000,0.25,0.121127
256,1574,273,0,160000,0.25,0.027825
256,1574,274,0,160000,0.25,0.018699
256,1574,275,0,160000,0.25,0.036589
256,1574,276,0,160000,0.25,0.068031
256,1574,277,0,160000,0.25,0.02902
256,1574,278,0,160000,0.25,0.06289
256,1574,279,0,160000,0.25,0.037128
256,1574,280,0,160000,0.25,0.07622
256,1574,281,0,160000,0.25,0.052319
256,1574,282,0,160000,0.25,0.018014
256,1574,283,0,160000,0.25,0.088905
256,1574,284,0,160000,0.25,0.235991
256,1574,285,0,160000,0.25,0.016036
256,1574,286,0,160000,0.25,0.10336
256,1574,287,0,160000,0.25,0.052057
256,1574,288,0,160000,0.25,0.035468
256,1574,289,0,160000,0.25,0.067818
256,1574,290,0,160000,0.25,0.193618
256,1574,291,0,160000,0.25,0.073328
256,1574,292,0,160000,0.25,0.014397
256,1574,293,0,160000,0.25,0.031299
256,1574,294,0,160000,0.25,0.045846
256,1574,295,0,160000,0.25,0.036741
256,1574,296,0,160000,0.25,0.093757
256,1574,297,0,160000,0.25,0.040469
256,1574,298,0,160000,0.25,0.02205
256,1574,299,0,160000,0.25,0.017687
256,1574,300,0,160000,0.25,0.095846
256,1574,301,0,160000,0.25,0.03864
256,1574,302,0,160000,0.25,0.154536
256,1574,303,0,160000,0.25,0.019253
256,1574,304,0,160000,0.25,0.01196
256,1574,305,0,160000,0.25,0.036842
256,1574,306,0,160000,0.25,0.019762
256,1574,307,0,160000,0.25,0.050099
256,1574,308,0,160000,0.25,0.047052
256,1574,309,0,160000,0.25,0.042629
256,1574,310,0,160000,0.25,0.028317
256,1574,311,0,160000,0.25,0.015176
256,1574,312,0,160000,0.25,0.063724
256,1574,313,0,160000,0.25,0.06996
256,1574,314,0,160000,0.25,0.040943
256,1574,315,0,160000,0.25,0.084615
256,1574,316,0,160000,0.25,0.0238
256,1574,317,0,160000,0.25,0.027702
256,1574,318,0,160000,0.25,0.087821
256,1574,319,0,160000,0.25,0.022325
256,1574,320,0,160000,0.25,0.06977
256,1574,321,0,160000,0.25,0.115409
256,1574,322,0,160000,0.25,0.073662
256,1574,323,0,160000,0.25,0.00879
256,1574,324,0,160000,0.25,0.053057
256,1574,325,0,160000,0.25,0.134112
256,1574,326,0,160000,0.25,0.028125
256,1574,327,0,160000,0.25,0.053266
256,1574,328,0,160000,0.25,0.006166
256,1574,329,0,160000,0.25,0.036444
256,1574,330,0,160000,0.25,0.083838
256,1574,331,0,160000,0.25,0.099315
256,1574,332,0,160000,0.25,0.040247
256,1574,333,0,160000,0.25,0.262435
256,1574,334,0,160000,0.25,0.059141
256,1574,335,0,160000,0.25,0.042944
256,1574,336,0,160000,0.25,0.049031
256,1574,337,0,160000,0.25,0.011083
256,1574,338,0,160000,0.25,0.026141
256,1574,339,0,160000,0.25,0.058667
256,1574,340,0,160000,0.25,0.024394
256,1574,341,0,160000,0.25,0.084251
256,1574,342,0,160000,0.25,0.007614
256,1574,343,0,160000,0.25,0.009103
256,1574,344,0,160000,0.25,0.03158
256,1574,345,0,160000,0.25,0.053412
256,1574,346,0,160000,0.25,0.05851
256,1574,347,0,160000,0.25,0.032182
256,1574,348,0,160000,0.25,0.121265
256,1574,349,0,160000,0.25,0.08713
256,1574,350,0,160000,0.25,0.212866
256,1574,351,0,160000,0.25,0.013882
256,1574,352,0,160000,0.25,0.051826
256,1574,353,0,160000,0.25,0.08911
256,1574,354,0,160000,0.25,0.08067
256,1574,355,0,160000,0.25,0.0313
256,1574,356,0,160000,0.25,0.012986
256,1574,357,0,160000,0.25,0.038772
256,1574,358,0,160000,0.25,0.008893
256,1574,359,0,160000,0.25,0.008078
256,1574,360,0,160000,0.25,0.051586
256,1574,361,0,160000,0.25,0.062421
256,1574,362,0,160000,0.25,0.043036
256,1574,363,0,160000,0.25,0.01792
256,1574,364,0,160000,0.25,0.065348
256,1574,365,0,160000,0.25,0.074599
256,1574,366,0,160000,0.25,0.040471
256,1574,367,0,160000,0.25,0.007033
256,1574,368,0,160000,0.25,0.041749
256,1574,369,0,160000,0.25,0.10461
256,1574,370,0,160000,0.25,0.029207
256,1574,371,0,160000,0.25,0.025731
256,1574,372,0,160000,0.25,0.010288
256,1574,373,0,160000,0.25,0.048986
256,1574,374,0,160000,0.25,0.019588
256,1574,375,0,160000,0.25,0.036559
256,1574,376,0,160000,0.25,0.026925
256,1574,377,0,160000,0.25,0.017678
256,1574,378,0,160000,0.25,0.021507
256,1574,379,0,160000,0.25,0.0502
256,1574,380,0,160000,0.25,0.029174
256,1574,381,0,160000,0.25,0.022261
256,1574,382,0,160000,0.25,0.098092
256,1574,383,0,160000,0.25,0.090828
256,1574,384,0,160000,0.25,0.061205
256,1574,385,0,160000,0.25,0.022019
256,1574,386,0,160000,0.25,0.345545
256,1574,387,0,160000,0.25,0.010023
256,1574,388,0,160000,0.25,0.084763
256,1574,389,0,160000,0.25,0.029421
256,1574,390,0,160000,0.25,0.1995
256,1574,391,0,160000,0.25,0.049972
256,1574,392,0,160000,0.25,0.050466
256,1574,393,0,160000,0.25,0.11675
256,1574,394,0,160000,0.25,0.038166
256,1574,395,0,160000,0.25,0.021557
256,1574,396,0,160000,0.25,0.037178
256,1574,397,0,160000,0.25,0.03242
256,1574,398,0,160000,0.25,0.024932
256,1574,399,0,160000,0.25,0.025969
256,1574,400,0,160000,0.25,0.094048
256,1626,1,0,160000,0.25,0.161865
256,1626,2,0,160000,0.25,0.167546
256,1626,3,0,160000,0.25,0.456182
256,1626,4,0,160000,0.25,1.53184
256,1626,5,0,160000,0.25,0.623943
256,1626,6,0,160000,0.25,5.20062
256,1626,7,0,160000,0.25,0.156182
256,1626,8,0,160000,0.25,0.270724
256,1626,9,0,160000,0.25,0.979912
256,1626,10,0,160000,0.25,0.178097
256,1626,11,0,160000,0.25,0.14289
256,1626,12,0,160000,0.25,0.164494
256,1626,13,0,160000,0.25,0.707788
256,1626,14,0,160000,0.25,0.762894
256,1626,15,0,160000,0.25,0.634366
256,1626,16,0,160000,0.25,0.701176
256,1626,17,0,160000,0.25,0.125384
256,1626,18,0,160000,0.25,0.045885
256,1626,19,0,160000,0.25,0.017349
256,1626,20,0,160000,0.25,0.115189
256,1626,21,0,160000,0.25,0.088326
256,1626,22,0,160000,0.25,0.6675
256,1626,23,0,160000,0.25,0.730169
256,1626,24,0,160000,0.25,1.37267
256,1626,25,0,160000,0.25,1.2026
256,1626,26,0,160000,0.25,0.255507
256,1626,27,0,160000,0.25,0.056012
256,1626,28,0,160000,0.25,0.15296
256,1626,29,0,160000,0.25,2.48626
256,1626,30,0,160000,0.25,0.836513
256,1626,31,0,160000,0.25,0.531607
256,1626,32,0,160000,0.25,0.187002
256,1626,33,0,160000,0.25,0.521439
256,1626,34,0,160000,0.25,0.073941
256,1626,35,0,160000,0.25,0.171601
256,1626,36,0,160000,0.25,0.339636
256,1626,37,0,160000,0.25,0.20685
256,1626,38,0,160000,0.25,0.197257
256,1626,39,0,160000,0.25,0.624486
256,1626,40,0,160000,0.25,0.033775
256,1626,41,0,160000,0.25,2.86614
256,1626,42,0,160000,0.25,0.063249
256,1626,43,0,160000,0.25,0.087823
256,1626,44,0,160000,0.25,0.219615
256,1626,45,0,160000,0.25,0.187867
256,1626,46,0,160000,0.25,1.63244
256,1626,47,0,160000,0.25,1.18514
256,1626,48,0,160000,0.25,1.48868
256,1626,49,0,160000,0.25,0.742111
256,1626,50,0,160000,0.25,0.1359
256,1626,51,0,160000,0.25,0.412858
256,1626,52,0,160000,0.25,1.05656
256,1626,53,0,160000,0.25,0.61693
256,1626,54,0,160000,0.25,2.52383
256,1626,55,0,160000,0.25,4.4039
256,1626,56,0,160000,0.25,2.6189
256,1626,57,0,160000,0.25,1.37791
256,1626,58,0,160000,0.25,1.18318
256,1626,59,0,160000,0.25,0.920193
256,1626,60,0,160000,0.25,0.640337
256,1626,61,0,160000,0.25,0.396176
256,1626,62,0,160000,0.25,2.20518
256,1626,63,0,160000,0.25,1.26136
256,1626,64,0,160000,0.25,0.236557
256,1626,65,0,160000,0.25,0.058024
256,1626,66,0,160000,0.25,0.177358
256,1626,67,0,160000,0.25,1.79517
256,1626,68,0,160000,0.25,1.01037
256,1626,69,0,160000,0.25,0.375382
256,1626,70,0,160000,0.25,0.705136
256,1626,71,0,160000,0.25,0.099647
256,1626,72,0,160000,0.25,0.088347
256,1626,73,0,160000,0.25,1.94171
256,1626,74,0,160000,0.25,0.307733
256,1626,75,0,160000,0.25,0.077834
256,1626,76,0,160000,0.25,0.660796
256,1626,77,0,160000,0.25,0.873412
256,1626,78,0,160000,0.25,0.147932
256,1626,79,0,160000,0.25,0.06209
256,1626,80,0,160000,0.25,0.172081
256,1626,81,0,160000,0.25,0.202755
256,1626,82,0,160000,0.25,0.493478
256,1626,83,0,160000,0.25,2.59922
256,1626,84,1,160000,0.25,5.95953
256,1626,85,0,160000,0.25,1.07386
256,1626,86,0,160000,0.25,0.239269
256,1626,87,0,160000,0.25,0.380637
256,1626,88,0,160000,0.25,0.336115
256,1626,89,0,160000,0.25,0.057535
256,1626,90,0,160000,0.25,0.549543
256,1626,91,0,160000,0.25,0.07503
256,1626,92,0,160000,0.25,0.020115
256,1626,93,0,160000,0.25,0.075096
256,1626,94,0,160000,0.25,1.73175
256,1626,95,0,160000,0.25,0.496167
256,1626,96,0,160000,0.25,0.199661
256,1626,97,0,160000,0.25,0.063621
256,1626,98,0,160000,0.25,0.167183
256,1626,99,0,160000,0.25,1.3371
256,1626,100,0,160000,0.25,0.371824
256,1626,101,0,160000,0.25,0.299392
256,1626,102,0,160000,0.25,0.088049
256,1626,103,0,160000,0.25,0.058611
256,1626,104,0,160000,0.25,0.21444
256,1626,105,0,160000,0.25,1.82399
256,1626,106,0,160000,0.25,0.085621
256,1626,107,0,160000,0.25,1.07893
256,1626,108,0,160000,0.25,0.036327
256,1626,109,0,160000,0.25,0.247756
256,1626,110,0,160000,0.25,0.282188
256,1626,111,0,160000,0.25,0.688298
256,1626,112,0,160000,0.25,0.628561
256,1626,113,0,160000,0.25,0.072305
256,1626,114,0,160000,0.25,0.039456
256,1626,115,0,160000,0.25,0.304124
256,1626,116,0,160000,0.25,0.342742
256,1626,117,0,160000,0.25,0.066363
256,1626,118,0,160000,0.25,0.085797
256,1626,119,0,160000,0.25,0.939852
256,1626,120,0,160000,0.25,0.138994
256,1626,121,0,160000,0.25,0.748069
256,1626,122,0,160000,0.25,0.093895
256,1626,123,0,160000,0.25,0.5148
256,1626,124,0,160000,0.25,0.46655
256,1626,125,0,160000,0.25,0.4482
256,1626,126,0,160000,0.25,0.499619
256,1626,127,0,160000,0.25,0.101761
256,1626,128,0,160000,0.25,0.243008
256,1626,129,0,160000,0.25,0.661219
256,1626,130,0,160000,0.25,0.597421
256,1626,131,0,160000,0.25,0.091178
256,1626,132,0,160000,0.25,0.150548
256,1626,133,0,160000,0.25,0.14684
256,1626,134,0,160000,0.25,2.70673
256,1626,135,0,160000,0.25,0.032186
256,1626,136,0,160000,0.25,0.023068
256,1626,137,0,160000,0.25,0.813194
256,1626,138,0,160000,0.25,0.098803
256,1626,139,0,160000,0.25,0.191978
256,1626,140,0,160000,0.25,0.663976
256,1626,141,0,160000,0.25,0.470201
256,1626,142,0,160000,0.25,0.304567
256,1626,143,0,160000,0.25,0.668869
256,1626,144,0,160000,0.25,0.892691
256,1626,145,0,160000,0.25,0.067706
256,1626,146,0,160000,0.25,0.328032
256,1626,147,0,160000,0.25,0.606215
256,1626,148,0,160000,0.25,0.312929
256,1626,149,0,160000,0.25,0.05152
256,1626,150,0,160000,0.25,0.949804
256,1626,151,0,160000,0.25,0.283728
256,1626,152,0,160000,0.25,0.654141
256,1626,153,0,160000,0.25,0.088916
256,1626,154,0,160000,0.25,0.745696
256,1626,155,0,160000,0.25,0.16283
256,1626,156,0,160000,0.25,0.608062
256,1626,157,0,160000,0.25,1.60614
256,1626,158,0,160000,0.25,0.029828
256,1626,159,0,160000,0.25,0.160329
256,1626,160,0,160000,0.25,0.031571
256,1626,161,0,160000,0.25,1.92268
256,1626,162,0,160000,0.25,0.361273
256,1626,163,0,160000,0.25,0.700522
256,1626,164,0,160000,0.25,0.213726
256,1626,165,0,160000,0.25,0.115395
256,1626,166,0,160000,0.25,0.924117
256,1626,167,0,160000,0.25,0.047908
256,1626,168,0,160000,0.25,0.069293
256,1626,169,0,160000,0.25,1.12888
256,1626,170,0,160000,0.25,1.24106
256,1626,171,0,160000,0.25,1.2496
256,1626,172,0,160000,0.25,0.310958
256,1626,173,0,160000,0.25,0.15222
256,1626,174,0,160000,0.25,0.521649
256,1626,175,0,160000,0.25,0.463331
256,1626,176,0,160000,0.25,0.447792
256,1626,177,0,160000,0.25,0.591186
256,1626,178,0,160000,0.25,0.028234
256,1626,179,0,160000,0.25,0.319893
256,1626,180,0,160000,0.25,0.172705
256,1626,181,0,160000,0.25,1.47804
256,1626,182,0,160000,0.25,0.211241
256,1626,183,0,160000,0.25,0.026779
256,1626,184,0,160000,0.25,0.092168
256,1626,185,0,160000,0.25,1.58957
256,1626,186,0,160000,0.25,0.945575
256,1626,187,0,160000,0.25,0.509433
256,1626,188,0,160000,0.25,0.070153
256,1626,189,0,160000,0.25,0.159834
256,1626,190,0,160000,0.25,0.802823
256,1626,191,0,160000,0.25,0.675361
256,1626,192,0,160000,0.25,0.233389
256,1626,193,0,160000,0.25,2.05082
256,1626,194,0,160000,0.25,0.009395
256,1626,195,0,160000,0.25,0.431847
256,1626,196,0,160000,0.25,0.129337
256,1626,197,0,160000,0.25,0.129816
256,1626,198,0,160000,0.25,0.815838
256,1626,199,0,160000,0.25,1.26637
256,1626,200,0,160000,0.25,0.112129
256,1626,201,0,160000,0.25,0.021146
256,1626,202,0,160000,0.25,2.9794
256,1626,203,0,160000,0.25,0.127554
256,1626,204,0,160000,0.25,0.342434
256,1626,205,0,160000,0.25,0.061007
256,1626,206,0,160000,0.25,0.207612
256,1626,207,0,160000,0.25,1.00244
256,1626,208,0,160000,0.25,0.425144
256,1626,209,0,160000,0.25,0.075824
256,1626,210,0,160000,0.25,0.647776
256,1626,211,0,160000,0.25,0.009407
256,1626,212,0,160000,0.25,0.032147
256,1626,213,0,160000,0.25,0.035951
256,1626,214,0,160000,0.25,0.353025
256,1626,215,0,160000,0.25,0.458218
256,1626,216,0,160000,0.25,3.62961
256,1626,217,0,160000,0.25,0.713798
256,1626,218,0,160000,0.25,0.149684
256,1626,219,0,160000,0.25,0.153225
256,1626,220,0,160000,0.25,0.453933
256,1626,221,0,160000,0.25,0.09528
256,1626,222,0,160000,0.25,0.774243
256,1626,223,0,160000,0.25,0.331898
256,1626,224,0,160000,0.25,0.610387
256,1626,225,0,160000,0.25,0.893125
256,1626,226,0,160000,0.25,0.276989
256,1626,227,0,160000,0.25,3.21845
256,1626,228,0,160000,0.25,1.41804
256,1626,229,0,160000,0.25,2.34208
256,1626,230,0,160000,0.25,0.434234
256,1626,231,0,160000,0.25,0.104103
256,1626,232,0,160000,0.25,0.570443
256,1626,233,0,160000,0.25,0.020394
256,1626,234,0,160000,0.25,0.670902
256,1626,235,0,160000,0.25,0.092723
256,1626,236,0,160000,0.25,0.104369
256,1626,237,0,160000,0.25,0.00675
256,1626,238,0,160000,0.25,0.397602
256,1626,239,0,160000,0.25,0.207897
256,1626,240,0,160000,0.25,0.178522
256,1626,241,0,160000,0.25,0.046678
256,1626,242,0,160000,0.25,0.245082
256,1626,243,0,160000,0.25,0.39128
256,1626,244,0,160000,0.25,0.266971
256,1626,245,0,160000,0.25,0.113378
256,1626,246,0,160000,0.25,2.83302
256,1626,247,0,160000,0.25,0.853159
256,1626,248,0,160000,0.25,0.046594
256,1626,249,0,160000,0.25,0.642525
256,1626,250,0,160000,0.25,0.686575
256,1626,251,0,160000,0.25,1.22915
256,1626,252,0,160000,0.25,0.04197
256,1626,253,0,160000,0.25,0.022103
256,1626,254,0,160000,0.25,1.30089
256,1626,255,0,160000,0.25,2.33012
256,1626,256,0,160000,0.25,0.26882
256,1626,257,0,160000,0.25,0.213781
256,1626,258,0,160000,0.25,0.058826
256,1626,259,0,160000,0.25,0.147935
256,1626,260,0,160000,0.25,0.021039
256,1626,261,0,160000,0.25,0.366451
256,1626,262,0,160000,0.25,0.173551
256,1626,263,0,160000,0.25,0.419976
256,1626,264,0,160000,0.25,0.132167
256,1626,265,0,160000,0.25,0.779536
256,1626,266,0,160000,0.25,0.178016
256,1626,267,0,160000,0.25,0.773247
256,1626,268,0,160000,0.25,0.111916
256,1626,269,0,160000,0.25,0.027521
256,1626,270,0,160000,0.25,0.108229
256,1626,271,0,160000,0.25,0.255423
256,1626,272,0,160000,0.25,1.82588
256,1626,273,0,160000,0.25,0.634405
256,1626,274,0,160000,0.25,0.04066
256,1626,275,0,160000,0.25,0.320643
256,1626,276,0,160000,0.25,3.50546
256,1626,277,0,160000,0.25,0.053328
256,1626,278,0,160000,0.25,0.584939
256,1626,279,0,160000,0.25,0.512545
256,1626,280,0,160000,0.25,0.583497
256,1626,281,0,160000,0.25,0.225577
256,1626,282,0,160000,0.25,0.281467
256,1626,283,0,160000,0.25,0.408082
256,1626,284,0,160000,0.25,0.198443
256,1626,285,0,160000,0.25,0.048949
256,1626,286,0,160000,0.25,0.52901
256,1626,287,0,160000,0.25,0.735096
256,1626,288,0,160000,0.25,0.119008
256,1626,289,0,160000,0.25,3.14628
256,1626,290,0,160000,0.25,0.168847
256,1626,291,0,160000,0.25,0.531238
256,1626,292,0,160000,0.25,0.121418
256,1626,293,0,160000,0.25,1.40798
256,1626,294,0,160000,0.25,1.07664
256,1626,295,0,160000,0.25,0.461919
256,1626,296,0,160000,0.25,0.102139
256,1626,297,0,160000,0.25,1.29574
256,1626,298,0,160000,0.25,0.660295
256,1626,299,0,160000,0.25,0.339253
256,1626,300,0,160000,0.25,0.068365
256,1626,301,0,160000,0.25,0.223542
256,1626,302,0,160000,0.25,0.143697
256,1626,303,0,160000,0.25,0.115956
256,1626,304,0,160000,0.25,0.255955
256,1626,305,0,160000,0.25,0.443495
256,1626,306,0,160000,0.25,0.031879
256,1626,307,0,160000,0.25,0.034817
256,1626,308,0,160000,0.25,1.15657
256,1626,309,0,160000,0.25,0.126174
256,1626,310,0,160000,0.25,0.242979
256,1626,311,0,160000,0.25,0.567508
256,1626,312,0,160000,0.25,0.310519
256,1626,313,0,160000,0.25,1.22754
256,1626,314,0,160000,0.25,0.321946
256,1626,315,0,160000,0.25,1.0291
256,1626,316,0,160000,0.25,0.142679
256,1626,317,0,160000,0.25,0.028792
256,1626,318,0,160000,0.25,0.152527
256,1626,319,0,160000,0.25,2.18895
256,1626,320,0,160000,0.25,0.373093
256,1626,321,0,160000,0.25,0.19124
256,1626,322,0,160000,0.25,0.712286
256,1626,323,0,160000,0.25,0.21195
256,1626,324,0,160000,0.25,0.188476
256,1626,325,0,160000,0.25,0.073174
256,1626,326,0,160000,0.25,0.919881
256,1626,327,0,160000,0.25,0.086305
256,1626,328,0,160000,0.25,0.025854
256,1626,329,0,160000,0.25,0.19226
256,1626,330,0,160000,0.25,0.050015
256,1626,331,0,160000,0.25,0.077997
256,1626,332,0,160000,0.25,0.113417
256,1626,333,0,160000,0.25,0.840151
256,1626,334,0,160000,0.25,1.26782
256,1626,335,0,160000,0.25,1.07453
256,1626,336,0,160000,0.25,0.15044
256,1626,337,0,160000,0.25,0.159692
256,1626,338,0,160000,0.25,0.162017
256,1626,339,0,160000,0.25,0.271832
256,1626,340,0,160000,0.25,0.0594
256,1626,341,0,160000,0.25,0.566869
256,1626,342,0,160000,0.25,0.099145
256,1626,343,0,160000,0.25,0.723185
256,1626,344,0,160000,0.25,0.316981
256,1626,345,0,160000,0.25,0.585574
256,1626,346,0,160000,0.25,0.04278
256,1626,347,0,160000,0.25,0.525216
256,1626,348,0,160000,0.25,0.681703
256,1626,349,0,160000,0.25,0.303581
256,1626,350,0,160000,0.25,0.16399
256,1626,351,0,160000,0.25,0.024935
256,1626,352,0,160000,0.25,0.290989
256,1626,353,0,160000,0.25,1.32821
256,1626,354,0,160000,0.25,1.7573
256,1626,355,0,160000,0.25,0.0633
256,1626,356,0,160000,0.25,0.159573
256,1626,357,0,160000,0.25,0.965666
256,1626,358,0,160000,0.25,0.292854
256,1626,359,0,160000,0.25,0.385276
256,1626,360,0,160000,0.25,0.11306
256,1626,361,0,160000,0.25,0.194147
256,1626,362,0,160000,0.25,0.611997
256,1626,363,0,160000,0.25,0.796893
256,1626,364,0,160000,0.25,0.028627
256,1626,365,0,160000,0.25,0.414011
256,1626,366,0,160000,0.25,0.409137
256,1626,367,0,160000,0.25,0.065164
256,1626,368,0,160000,0.25,0.592015
256,1626,369,0,160000,0.25,0.438085
256,1626,370,0,160000,0.25,0.255549
256,1626,371,0,160000,0.25,0.373076
256,1626,372,0,160000,0.25,0.765244
256,1626,373,0,160000,0.25,0.508184
256,1626,374,0,160000,0.25,0.080626
256,1626,375,0,160000,0.25,0.362123
256,1626,376,0,160000,0.25,0.278351
256,1626,377,0,160000,0.25,0.504135
256,1626,378,0,160000,0.25,1.04473
256,1626,379,0,160000,0.25,1.24691
256,1626,380,0,160000,0.25,0.229095
256,1626,381,0,160000,0.25,0.188611
256,1626,382,0,160000,0.25,0.063554
256,1626,383,0,160000,0.25,0.461449
256,1626,384,0,160000,0.25,0.638154
256,1626,385,0,160000,0.25,0.378532
256,1626,386,0,160000,0.25,0.367645
256,1626,387,0,160000,0.25,0.494842
256,1626,388,0,160000,0.25,0.521116
256,1626,389,0,160000,0.25,0.019634
256,1626,390,0,160000,0.25,0.413058
256,1626,391,0,160000,0.25,0.733567
256,1626,392,0,160000,0.25,0.348969
256,1626,393,0,160000,0.25,0.174756
256,1626,394,0,160000,0.25,0.268138
256,1626,395,0,160000,0.25,0.361251
256,1626,396,0,160000,0.25,0.773908
256,1626,397,0,160000,0.25,0.116944
256,1626,398,0,160000,0.25,0.068665
256,1626,399,0,160000,0.25,1.68025
256,1626,400,0,160000,0.25,0.356296
256,1677,1,1,160000,0.25,6.05384
256,1677,2,2,160000,0.25,6.06032
256,1677,3,1,160000,0.25,6.00145
256,1677,4,2,160000,0.25,6.07172
256,1677,5,0,160000,0.25,3.01161
256,1677,6,2,160000,0.25,6.03786
256,1677,7,1,160000,0.25,6.0129
256,1677,8,0,160000,0.25,2.80872
256,1677,9,1,160000,0.25,6.0128
256,1677,10,1,160000,0.25,6.05618
256,1677,11,0,160000,0.25,0.285588
256,1677,12,1,160000,0.25,6.01377
256,1677,13,0,160000,0.25,5.97526
256,1677,14,1,160000,0.25,6.03545
256,1677,15,1,160000,0.25,6.00584
256,1677,16,1,160000,0.25,6.01693
256,1677,17,1,160000,0.25,6.02215
256,1677,18,2,160000,0.25,6.03571
256,1677,19,0,160000,0.25,5.74859
256,1677,20,2,160000,0.25,6.07167
256,1677,21,1,160000,0.25,6.00515
256,1677,22,1,160000,0.25,6.02299
256,1677,23,1,160000,0.25,6.02581
256,1677,24,1,160000,0.25,6.03638
256,1677,25,1,160000,0.25,6.01951
256,1677,26,1,160000,0.25,6.04133
256,1677,27,1,160000,0.25,6.01551
256,1677,28,1,160000,0.25,6.07135
256,1677,29,2,160000,0.25,6.03909
256,1677,30,1,160000,0.25,6.0247
256,1677,31,1,160000,0.25,6.05736
256,1677,32,0,160000,0.25,4.78189
256,1677,33,1,160000,0.25,5.99984
256,1677,34,1,160000,0.25,5.9872
256,1677,35,1,160000,0.25,5.95822
256,1677,36,0,160000,0.25,0.353567
256,1677,37,1,160000,0.25,6.03894
256,1677,38,1,160000,0.25,6.0193
256,1677,39,0,160000,0.25,1.21903
256,1677,40,1,160000,0.25,6.02552
256,1677,41,1,160000,0.25,6.02211
256,1677,42,1,160000,0.25,6.02139
256,1677,43,1,160000,0.25,6.0202
256,1677,44,0,160000,0.25,0.22748
256,1677,45,1,160000,0.25,5.9672
256,1677,46,0,160000,0.25,3.28558
256,1677,47,0,160000,0.25,0.973365
256,1677,48,1,160000,0.25,6.05091
256,1677,49,1,160000,0.25,6.01357
256,1677,50,0,160000,0.25,0.076354
256,1677,51,1,160000,0.25,6.02342
256,1677,52,1,160000,0.25,6.00754
256,1677,53,1,160000,0.25,6.05011
256,1677,54,1,160000,0.25,6.02048
256,1677,55,1,160000,0.25,6.01794
256,1677,56,1,160000,0.25,6.0415
256,1677,57,1,160000,0.25,6.02259
256,1677,58,1,160000,0.25,6.01576
256,1677,59,0,160000,0.25,1.67953
256,1677,60,1,160000,0.25,6.03619
256,1677,61,1,160000,0.25,6.04798
256,1677,62,1,160000,0.25,6.00974
256,1677,63,0,160000,0.25,0.834932
256,1677,64,1,160000,0.25,6.01952
256,1677,65,1,160000,0.25,6.0109
256,1677,66,1,160000,0.25,6.01745
256,1677,67,2,160000,0.25,6.05627
256,1677,68,2,160000,0.25,6.00401
256,1677,69,1,160000,0.25,6.04509
256,1677,70,0,160000,0.25,3.89896
256,1677,71,1,160000,0.25,6.00077
256,1677,72,1,160000,0.25,6.03474
256,1677,73,1,160000,0.25,6.00582
256,1677,74,1,160000,0.25,6.02726
256,1677,75,1,160000,0.25,6.02954
256,1677,76,1,160000,0.25,6.02995
256,1677,77,1,160000,0.25,5.96962
256,1677,78,1,160000,0.25,6.02679
256,1677,79,0,160000,0.25,4.47952
256,1677,80,1,160000,0.25,6.0348
256,1677,81,1,160000,0.25,6.0268
256,1677,82,1,160000,0.25,6.03949
256,1677,83,0,160000,0.25,0.658097
256,1677,84,0,160000,0.25,4.72445
256,1677,85,1,160000,0.25,6.03579
256,1677,86,1,160000,0.25,6.04284
256,1677,87,1,160000,0.25,6.01476
256,1677,88,1,160000,0.25,6.04982
256,1677,89,1,160000,0.25,6.02426
256,1677,90,0,160000,0.25,1.18531
256,1677,91,1,160000,0.25,6.03887
256,1677,92,1,160000,0.25,6.05255
256,1677,93,2,160000,0.25,6.04939
256,1677,94,0,160000,0.25,2.95416
256,1677,95,1,160000,0.25,6.03834
256,1677,96,2,160000,0.25,6.05272
256,1677,97,1,160000,0.25,5.99825
256,1677,98,1,160000,0.25,6.04255
256,1677,99,1,160000,0.25,5.99635
256,1677,100,0,160000,0.25,1.88071
256,1677,101,2,160000,0.25,6.10464
256,1677,102,1,160000,0.25,6.02308
256,1677,103,1,160000,0.25,6.04871
256,1677,104,1,160000,0.25,5.99826
256,1677,105,1,160000,0.25,5.97487
256,1677,106,0,160000,0.25,0.420482
256,1677,107,1,160000,0.25,6.05404
256,1677,108,0,160000,0.25,2.55317
256,1677,109,1,160000,0.25,6.02211
256,1677,110,1,160000,0.25,6.02427
256,1677,111,1,160000,0.25,6.01536
256,1677,112,1,160000,0.25,6.04257
256,1677,113,1,160000,0.25,6.02217
256,1677,114,1,160000,0.25,6.04971
256,1677,115,2,160000,0.25,6.02947
256,1677,116,0,160000,0.25,1.2643
256,1677,117,0,160000,0.25,1.43897
256,1677,118,1,160000,0.25,6.01017
256,1677,119,0,160000,0.25,0.448295
256,1677,120,0,160000,0.25,0.264091
256,1677,121,1,160000,0.25,6.01182
256,1677,122,1,160000,0.25,6.02255
256,1677,123,0,160000,0.25,0.283482
256,1677,124,1,160000,0.25,6.03833
256,1677,125,2,160000,0.25,6.06364
256,1677,126,1,160000,0.25,6.0279
256,1677,127,0,160000,0.25,1.9463
256,1677,128,1,160000,0.25,6.0085
256,1677,129,1,160000,0.25,6.00797
256,1677,130,2,160000,0.25,6.03015
256,1677,131,1,160000,0.25,6.01761
256,1677,132,2,160000,0.25,6.03876
256,1677,133,1,160000,0.25,6.0549
256,1677,134,0,160000,0.25,0.085426
256,1677,135,1,160000,0.25,6.02605
256,1677,136,1,160000,0.25,6.02323
256,1677,137,0,160000,0.25,0.990947
256,1677,138,1,160000,0.25,6.00749
256,1677,139,0,160000,0.25,1.31919
256,1677,140,1,160000,0.25,6.01996
256,1677,141,1,160000,0.25,6.00436
256,1677,142,1,160000,0.25,6.02979
256,1677,143,1,160000,0.25,6.05952
256,1677,144,1,160000,0.25,6.02066
256,1677,145,1,160000,0.25,6.00448
256,1677,146,1,160000,0.25,6.01386
256,1677,147,1,160000,0.25,6.0296
256,1677,148,1,160000,0.25,5.99802
256,1677,149,0,160000,0.25,4.30179
256,1677,150,1,160000,0.25,6.02608
256,1677,151,1,160000,0.25,6.04823
256,1677,152,1,160000,0.25,6.02844
256,1677,153,1,160000,0.25,6.01343
256,1677,154,0,160000,0.25,0.053897
256,1677,155,1,160000,0.25,6.00362
256,1677,156,1,160000,0.25,5.98864
256,1677,157,1,160000,0.25,6.00255
256,1677,158,1,160000,0.25,6.03337
256,1677,159,1,160000,0.25,6.0707
256,1677,160,1,160000,0.25,5.99999
256,1677,161,1,160000,0.25,6.0351
256,1677,162,1,160000,0.25,6.05373
256,1677,163,1,160000,0.25,6.02535
256,1677,164,0,160000,0.25,0.170508
256,1677,165,1,160000,0.25,6.02545
256,1677,166,0,160000,0.25,4.32996
256,1677,167,0,160000,0.25,3.15747
256,1677,168,1,160000,0.25,6.00873
256,1677,169,0,160000,0.25,0.69873
256,1677,170,1,160000,0.25,6.06426
256,1677,171,1,160000,0.25,6.03887
256,1677,172,0,160000,0.25,1.73354
256,1677,173,1,160000,0.25,6.02251
256,1677,174,1,160000,0.25,6.0317
256,1677,175,1,160000,0.25,6.04256
256,1677,176,2,160000,0.25,6.03979
256,1677,177,1,160000,0.25,6.03873
256,1677,178,1,160000,0.25,6.00455
256,1677,179,1,160000,0.25,5.99046
256,1677,180,0,160000,0.25,1.07398
256,1677,181,0,160000,0.25,3.08668
256,1677,182,0,160000,0.25,1.90971
256,1677,183,0,160000,0.25,5.73046
256,1677,184,1,160000,0.25,6.02586
256,1677,185,1,160000,0.25,6.01042
256,1677,186,1,160000,0.25,6.01625
256,1677,187,1,160000,0.25,6.0543
256,1677,188,0,160000,0.25,0.190534
256,1677,189,1,160000,0.25,6.02875
256,1677,190,1,160000,0.25,6.04005
256,1677,191,1,160000,0.25,5.99366
256,1677,192,1,160000,0.25,6.0422
256,1677,193,1,160000,0.25,5.99422
256,1677,194,0,160000,0.25,1.5544
256,1677,195,2,160000,0.25,6.03829
256,1677,196,0,160000,0.25,3.36575
256,1677,197,1,160000,0.25,6.06178
256,1677,198,1,160000,0.25,6.04933
256,1677,199,3,160000,0.25,6.05067
256,1677,200,1,160000,0.25,5.9819
256,1677,201,0,160000,0.25,5.91852
256,1677,202,0,160000,0.25,1.47873
256,1677,203,0,160000,0.25,1.81819
256,1677,204,1,160000,0.25,6.01113
256,1677,205,1,160000,0.25,6.04214
256,1677,206,1,160000,0.25,6.019
256,1677,207,1,160000,0.25,6.05808
256,1677,208,0,160000,0.25,0.601525
256,1677,209,1,160000,0.25,5.99968
256,1677,210,1,160000,0.25,6.00746
256,1677,211,1,160000,0.25,6.04506
256,1677,212,1,160000,0.25,6.01862
256,1677,213,1,160000,0.25,6.00045
256,1677,214,0,160000,0.25,4.74169
256,1677,215,1,160000,0.25,5.97431
256,1677,216,1,160000,0.25,5.99444
256,1677,217,1,160000,0.25,6.0203
256,1677,218,0,160000,0.25,5.61746
256,1677,219,0,160000,0.25,0.838147
256,1677,220,1,160000,0.25,6.05237
256,1677,221,1,160000,0.25,6.00936
256,1677,222,1,160000,0.25,6.01293
256,1677,223,2,160000,0.25,6.06225
256,1677,224,1,160000,0.25,6.00396
256,1677,225,1,160000,0.25,6.05117
256,1677,226,1,160000,0.25,6.00569
256,1677,227,0,160000,0.25,4.36567
256,1677,228,1,160000,0.25,6.01114
256,1677,229,2,160000,0.25,6.04251
256,1677,230,2,160000,0.25,6.01747
256,1677,231,1,160000,0.25,6.06032
256,1677,232,0,160000,0.25,0.084062
256,1677,233,1,160000,0.25,6.01331
256,1677,234,1,160000,0.25,6.02806
256,1677,235,2,160000,0.25,6.03639
256,1677,236,1,160000,0.25,5.90236
256,1677,237,1,160000,0.25,5.99154
256,1677,238,1,160000,0.25,5.98683
256,1677,239,0,160000,0.25,2.24321
256,1677,240,1,160000,0.25,6.03394
256,1677,241,2,160000,0.25,6.08251
256,1677,242,1,160000,0.25,6.01238
256,1677,243,2,160000,0.25,6.02965
256,1677,244,1,160000,0.25,6.01433
256,1677,245,1,160000,0.25,6.03677
256,1677,246,1,160000,0.25,6.03474
256,1677,247,1,160000,0.25,6.02947
256,1677,248,1,160000,0.25,5.99143
256,1677,249,1,160000,0.25,6.0192
256,1677,250,1,160000,0.25,6.04309
256,1677,251,1,160000,0.25,6.05965
256,1677,252,1,160000,0.25,6.0176
256,1677,253,0,160000,0.25,0.22628
256,1677,254,0,160000,0.25,0.974317
256,1677,255,1,160000,0.25,6.01774
256,1677,256,0,160000,0.25,1.0891
256,1677,257,1,160000,0.25,6.0255
256,1677,258,1,160000,0.25,6.06187
256,1677,259,1,160000,0.25,6.03102
256,1677,260,1,160000,0.25,6.0082
256,1677,261,1,160000,0.25,6.01968
256,1677,262,1,160000,0.25,6.05658
256,1677,263,1,160000,0.25,6.03428
256,1677,264,2,160000,0.25,6.05325
256,1677,265,0,160000,0.25,0.773655
256,1677,266,1,160000,0.25,6.02447
256,1677,267,0,160000,0.25,1.38232
256,1677,268,1,160000,0.25,5.99652
256,1677,269,1,160000,0.25,6.0443
256,1677,270,0,160000,0.25,3.87521
256,1677,271,1,160000,0.25,6.05361
256,1677,272,0,160000,0.25,3.60412
256,1677,273,2,160000,0.25,6.01787
256,1677,274,1,160000,0.25,6.00722
256,1677,275,1,160000,0.25,6.05049
256,1677,276,1,160000,0.25,6.03638
256,1677,277,1,160000,0.25,6.05245
256,1677,278,0,160000,0.25,4.67725
256,1677,279,1,160000,0.25,6.04373
256,1677,280,1,160000,0.25,6.04409
256,1677,281,2,160000,0.25,6.02863
256,1677,282,0,160000,0.25,1.33573
256,1677,283,2,160000,0.25,6.09032
256,1677,284,2,160000,0.25,6.05549
256,1677,285,2,160000,0.25,6.05223
256,1677,286,1,160000,0.25,6.0208
256,1677,287,1,160000,0.25,6.03274
256,1677,288,0,160000,0.25,1.67347
256,1677,289,1,160000,0.25,6.01318
256,1677,290,1,160000,0.25,6.03436
256,1677,291,1,160000,0.25,6.01753
256,1677,292,2,160000,0.25,6.03153
256,1677,293,1,160000,0.25,6.0286
256,1677,294,1,160000,0.25,6.09063
256,1677,295,0,160000,0.25,0.184643
256,1677,296,2,160000,0.25,6.04937
256,1677,297,0,160000,0.25,0.16421
256,1677,298,1,160000,0.25,6.0318
256,1677,299,1,160000,0.25,6.00651
256,1677,300,1,160000,0.25,5.98228
256,1677,301,0,160000,0.25,3.42203
256,1677,302,1,160000,0.25,5.99053
256,1677,303,1,160000,0.25,6.04518
256,1677,304,1,160000,0.25,6.04197
256,1677,305,0,160000,0.25,3.78918
256,1677,306,1,160000,0.25,6.02432
256,1677,307,1,160000,0.25,6.0378
256,1677,308,2,160000,0.25,6.05156
256,1677,309,1,160000,0.25,6.012
256,1677,310,1,160000,0.25,6.03296
256,1677,311,1,160000,0.25,6.02546
256,1677,312,1,160000,0.25,5.85869
256,1677,313,0,160000,0.25,3.20703
256,1677,314,1,160000,0.25,6.00618
256,1677,315,1,160000,0.25,6.04199
256,1677,316,0,160000,0.25,4.71912
256,1677,317,0,160000,0.25,1.41469
256,1677,318,0,160000,0.25,0.243093
256,1677,319,1,160000,0.25,5.94107
256,1677,320,1,160000,0.25,6.04728
256,1677,321,2,160000,0.25,6.02218
256,1677,322,0,160000,0.25,3.18922
256,1677,323,2,160000,0.25,6.06274
256,1677,324,1,160000,0.25,6.03188
256,1677,325,1,160000,0.25,5.99134
256,1677,326,2,160000,0.25,6.04058
256,1677,327,2,160000,0.25,6.03559
256,1677,328,1,160000,0.25,5.99523
256,1677,329,0,160000,0.25,1.8716
256,1677,330,1,160000,0.25,6.01855
256,1677,331,0,160000,0.25,1.1589
256,1677,332,1,160000,0.25,6.04039
256,1677,333,0,160000,0.25,2.69872
256,1677,334,1,160000,0.25,5.95854
256,1677,335,1,160000,0.25,6.03512
256,1677,336,2,160000,0.25,6.04582
256,1677,337,0,160000,0.25,0.460652
256,1677,338,0,160000,0.25,1.62706
256,1677,339,0,160000,0.25,2.6822
256,1677,340,0,160000,0.25,1.86137
256,1677,341,1,160000,0.25,6.0366
256,1677,342,1,160000,0.25,6.01449
256,1677,343,1,160000,0.25,6.08063
256,1677,344,1,160000,0.25,5.97457
256,1677,345,0,160000,0.25,4.43439
256,1677,346,1,160000,0.25,6.02828
256,1677,347,0,160000,0.25,5.95622
256,1677,348,1,160000,0.25,6.02599
256,1677,349,1,160000,0.25,6.02264
256,1677,350,1,160000,0.25,6.02891
256,1677,351,1,160000,0.25,6.03124
256,1677,352,2,160000,0.25,6.08144
256,1677,353,1,160000,0.25,6.01317
256,1677,354,0,160000,0.25,2.11291
256,1677,355,1,160000,0.25,6.0333
256,1677,356,1,160000,0.25,5.94427
256,1677,357,1,160000,0.25,6.03381
256,1677,358,1,160000,0.25,6.03045
256,1677,359,1,160000,0.25,6.02837
256,1677,360,1,160000,0.25,5.98055
256,1677,361,1,160000,0.25,6.02883
256,1677,362,2,160000,0.25,6.08933
256,1677,363,0,160000,0.25,1.46768
256,1677,364,1,160000,0.25,6.02928
256,1677,365,1,160000,0.25,6.02383
256,1677,366,1,160000,0.25,6.04922
256,1677,367,1,160000,0.25,6.01995
256,1677,368,1,160000,0.25,6.0327
256,1677,369,0,160000,0.25,0.274931
256,1677,370,1,160000,0.25,6.02618
256,1677,371,1,160000,0.25,6.02133
256,1677,372,1,160000,0.25,6.02685
256,1677,373,1,160000,0.25,6.01275
256,1677,374,1,160000,0.25,5.97821
256,1677,375,1,160000,0.25,6.02103
256,1677,376,2,160000,0.25,6.09089
256,1677,377,1,160000,0.25,6.03699
256,1677,378,0,160000,0.25,2.82002
256,1677,379,0,160000,0.25,6.00375
256,1677,380,1,160000,0.25,6.02653
256,1677,381,0,160000,0.25,0.374135
256,1677,382,1,160000,0.25,6.01966
256,1677,383,0,160000,0.25,0.47566
256,1677,384,0,160000,0.25,0.940198
256,1677,385,1,160000,0.25,6.0132
256,1677,386,1,160000,0.25,6.02678
256,1677,387,1,160000,0.25,6.03501
256,1677,388,0,160000,0.25,0.469551
256,1677,389,1,160000,0.25,6.00303
256,1677,390,2,160000,0.25,6.04337
256,1677,391,1,160000,0.25,6.0419
256,1677,392,1,160000,0.25,5.99543
256,1677,393,1,160000,0.25,6.01788
256,1677,394,1,160000,0.25,6.0399
256,1677,395,1,160000,0.25,5.98912
256,1677,396,1,160000,0.25,6.04214
256,1677,397,2,160000,0.25,6.05042
256,1677,398,2,160000,0.25,6.0451
256,1677,399,2,160000,0.25,6.05288
256,1677,400,1,160000,0.25,6.00444
256,1728,1,3,160000,0.25,6.11509
256,1728,2,3,160000,0.25,6.0907
256,1728,3,2,160000,0.25,6.05358
256,1728,4,3,160000,0.25,6.10053
256,1728,5,2,160000,0.25,6.08361
256,1728,6,3,160000,0.25,6.06111
256,1728,7,2,160000,0.25,6.06732
256,1728,8,3,160000,0.25,6.09977
256,1728,9,2,160000,0.25,6.07641
256,1728,10,3,160000,0.25,6.08153
256,1728,11,2,160000,0.25,6.02662
256,1728,12,3,160000,0.25,6.0337
256,1728,13,3,160000,0.25,6.07125
256,1728,14,3,160000,0.25,6.11875
256,1728,15,4,160000,0.25,6.1053
256,1728,16,3,160000,0.25,6.09465
256,1728,17,2,160000,0.25,6.07599
256,1728,18,3,160000,0.25,6.09682
256,1728,19,2,160000,0.25,6.08092
256,1728,20,4,160000,0.25,6.10419
256,1728,21,3,160000,0.25,6.09036
256,1728,22,3,160000,0.25,6.08712
256,1728,23,2,160000,0.25,6.1094
256,1728,24,2,160000,0.25,6.0942
256,1728,25,2,160000,0.25,6.04993
256,1728,26,2,160000,0.25,6.03369
256,1728,27,4,160000,0.25,6.09534
256,1728,28,4,160000,0.25,6.13028
256,1728,29,3,160000,0.25,6.07927
256,1728,30,3,160000,0.25,6.09755
256,1728,31,3,160000,0.25,6.07444
256,1728,32,2,160000,0.25,6.0427
256,1728,33,2,160000,0.25,6.07937
256,1728,34,3,160000,0.25,6.06187
256,1728,35,3,160000,0.25,6.118
256,1728,36,3,160000,0.25,6.07685
256,1728,37,3,160000,0.25,6.09925
256,1728,38,3,160000,0.25,6.10086
256,1728,39,2,160000,0.25,6.08467
256,1728,40,2,160000,0.25,6.06316
256,1728,41,4,160000,0.25,6.1073
256,1728,42,2,160000,0.25,6.1137
256,1728,43,3,160000,0.25,6.10995
256,1728,44,2,160000,0.25,6.11204
256,1728,45,2,160000,0.25,5.99977
256,1728,46,3,160000,0.25,6.1018
256,1728,47,2,160000,0.25,6.08061
256,1728,48,3,160000,0.25,6.08904
256,1728,49,2,160000,0.25,6.03206
256,1728,50,2,160000,0.25,6.06914
256,1728,51,4,160000,0.25,6.10532
256,1728,52,3,160000,0.25,6.08693
256,1728,53,3,160000,0.25,6.123
256,1728,54,3,160000,0.25,6.17051
256,1728,55,1,160000,0.25,5.91248
256,1728,56,2,160000,0.25,6.06335
256,1728,57,1,160000,0.25,6.08937
256,1728,58,3,160000,0.25,6.08263
256,1728,59,2,160000,0.25,6.08967
256,1728,60,2,160000,0.25,6.06935
256,1728,61,2,160000,0.25,5.94193
256,1728,62,2,160000,0.25,6.09818
256,1728,63,3,160000,0.25,6.09209
256,1728,64,2,160000,0.25,6.0943
256,1728,65,3,160000,0.25,6.11016
256,1728,66,3,160000,0.25,6.14504
256,1728,67,3,160000,0.25,6.09777
256,1728,68,2,160000,0.25,6.07385
256,1728,69,3,160000,0.25,6.07603
256,1728,70,2,160000,0.25,6.07078
256,1728,71,2,160000,0.25,6.05668
256,1728,72,2,160000,0.25,6.08287
256,1728,73,3,160000,0.25,6.1249
256,1728,74,3,160000,0.25,6.09211
256,1728,75,2,160000,0.25,6.07806
256,1728,76,4,160000,0.25,6.09757
256,1728,77,2,160000,0.25,6.10307
256,1728,78,3,160000,0.25,6.1048
256,1728,79,4,160000,0.25,6.09961
256,1728,80,3,160000,0.25,6.09955
256,1728,81,3,160000,0.25,6.11198
256,1728,82,2,160000,0.25,6.10224
256,1728,83,4,160000,0.25,6.11683
256,1728,84,3,160000,0.25,6.0828
256,1728,85,3,160000,0.25,6.06354
256,1728,86,3,160000,0.25,6.09685
256,1728,87,2,160000,0.25,6.00655
256,1728,88,3,160000,0.25,6.08508
256,1728,89,2,160000,0.25,6.1001
256,1728,90,4,160000,0.25,6.11333
256,1728,91,3,160000,0.25,6.07696
256,1728,92,4,160000,0.25,6.12697
256,1728,93,4,160000,0.25,6.11293
256,1728,94,3,160000,0.25,6.06483
256,1728,95,3,160000,0.25,6.11436
256,1728,96,2,160000,0.25,6.0567
256,1728,97,3,160000,0.25,6.12448
256,1728,98,3,160000,0.25,6.08085
256,1728,99,2,160000,0.25,6.10579
256,1728,100,3,160000,0.25,6.12424
256,1728,101,1,160000,0.25,6.04999
256,1728,102,2,160000,0.25,6.02727
256,1728,103,3,160000,0.25,6.10094
256,1728,104,3,160000,0.25,6.09395
256,1728,105,3,160000,0.25,6.09444
256,1728,106,2,160000,0.25,6.08877
256,1728,107,2,160000,0.25,6.04566
256,1728,108,3,160000,0.25,6.11127
256,1728,109,3,160000,0.25,6.08812
256,1728,110,2,160000,0.25,6.03751
256,1728,111,3,160000,0.25,6.04877
256,1728,112,2,160000,0.25,6.08365
256,1728,113,2,160000,0.25,6.01546
256,1728,114,2,160000,0.25,6.07545
256,1728,115,2,160000,0.25,6.05953
256,1728,116,3,160000,0.25,6.14898
256,1728,117,3,160000,0.25,6.10971
256,1728,118,2,160000,0.25,6.06575
256,1728,119,3,160000,0.25,6.07717
256,1728,120,3,160000,0.25,6.11636
256,1728,121,3,160000,0.25,6.0876
256,1728,122,3,160000,0.25,6.10298
256,1728,123,4,160000,0.25,6.11304
256,1728,124,4,160000,0.25,6.09201
256,1728,125,3,160000,0.25,6.10931
256,1728,126,3,160000,0.25,6.09537
256,1728,127,3,160000,0.25,6.15695
256,1728,128,3,160000,0.25,6.0906
256,1728,129,3,160000,0.25,6.07651
256,1728,130,2,160000,0.25,6.10623
256,1728,131,3,160000,0.25,6.09775
256,1728,132,2,160000,0.25,6.07017
256,1728,133,1,160000,0.25,6.07731
256,1728,134,3,160000,0.25,6.10969
256,1728,135,3,160000,0.25,6.09662
256,1728,136,3,160000,0.25,6.08568
256,1728,137,3,160000,0.25,6.09844
256,1728,138,2,160000,0.25,6.09931
256,1728,139,4,160000,0.25,6.11675
256,1728,140,2,160000,0.25,6.05165
256,1728,141,2,160000,0.25,6.07674
256,1728,142,1,160000,0.25,6.06542
256,1728,143,3,160000,0.25,6.07788
256,1728,144,3,160000,0.25,6.07671
256,1728,145,4,160000,0.25,6.11351
256,1728,146,3,160000,0.25,6.15199
256,1728,147,3,160000,0.25,6.09032
256,1728,148,3,160000,0.25,6.08258
256,1728,149,4,160000,0.25,6.10693
256,1728,150,2,160000,0.25,6.03199
256,1728,151,3,160000,0.25,6.11025
256,1728,152,4,160000,0.25,6.09505
256,1728,153,2,160000,0.25,6.08816
256,1728,154,1,160000,0.25,6.04897
256,1728,155,3,160000,0.25,6.10669
256,1728,156,3,160000,0.25,6.07507
256,1728,157,3,160000,0.25,6.09505
256,1728,158,3,160000,0.25,6.1152
256,1728,159,3,160000,0.25,6.09091
256,1728,160,2,160000,0.25,6.04549
256,1728,161,2,160000,0.25,6.10349
256,1728,162,1,160000,0.25,6.03028
256,1728,163,3,160000,0.25,6.07511
256,1728,164,3,160000,0.25,6.11482
256,1728,165,3,160000,0.25,6.09829
256,1728,166,2,160000,0.25,6.03074
256,1728,167,3,160000,0.25,6.07523
256,1728,168,3,160000,0.25,6.08497
256,1728,169,2,160000,0.25,6.07612
256,1728,170,3,160000,0.25,6.06538
256,1728,171,1,160000,0.25,6.03924
256,1728,172,4,160000,0.25,6.11052
256,1728,173,3,160000,0.25,6.09557
256,1728,174,3,160000,0.25,6.08549
256,1728,175,2,160000,0.25,6.02356
256,1728,176,1,160000,0.25,6.01689
256,1728,177,3,160000,0.25,6.09756
256,1728,178,3,160000,0.25,6.08569
256,1728,179,3,160000,0.25,6.11168
256,1728,180,3,160000,0.25,6.07515
256,1728,181,2,160000,0.25,6.07434
256,1728,182,2,160000,0.25,6.09306
256,1728,183,2,160000,0.25,6.07457
256,1728,184,2,160000,0.25,6.10388
256,1728,185,3,160000,0.25,6.08796
256,1728,186,2,160000,0.25,6.06194
256,1728,187,3,160000,0.25,6.101
256,1728,188,1,160000,0.25,6.04109
256,1728,189,2,160000,0.25,6.10158
256,1728,190,2,160000,0.25,6.06707
256,1728,191,3,160000,0.25,6.08714
256,1728,192,3,160000,0.25,6.07393
256,1728,193,3,160000,0.25,6.17376
256,1728,194,4,160000,0.25,6.0816
256,1728,195,4,160000,0.25,6.1208
256,1728,196,3,160000,0.25,6.10835
256,1728,197,2,160000,0.25,6.03587
256,1728,198,3,160000,0.25,6.12023
256,1728,199,3,160000,0.25,6.11594
256,1728,200,1,160000,0.25,6.03874
256,1728,201,4,160000,0.25,6.10467
256,1728,202,3,160000,0.25,6.12247
256,1728,203,5,160000,0.25,6.14981
256,1728,204,3,160000,0.25,6.09607
256,1728,205,1,160000,0.25,6.0062
256,1728,206,3,160000,0.25,6.08466
256,1728,207,3,160000,0.25,6.08793
256,1728,208,3,160000,0.25,6.08947
256,1728,209,2,160000,0.25,6.03944
256,1728,210,3,160000,0.25,6.13985
256,1728,211,3,160000,0.25,6.08475
256,1728,212,2,160000,0.25,6.0622
256,1728,213,3,160000,0.25,6.17065
256,1728,214,2,160000,0.25,6.09952
256,1728,215,2,160000,0.25,6.08242
256,1728,216,2,160000,0.25,6.07768
256,1728,217,3,160000,0.25,6.09865
256,1728,218,3,160000,0.25,6.08933
256,1728,219,1,160000,0.25,6.06348
256,1728,220,3,160000,0.25,6.08912
256,1728,221,2,160000,0.25,6.0568
256,1728,222,3,160000,0.25,6.10471
256,1728,223,2,160000,0.25,6.04949
256,1728,224,2,160000,0.25,6.09691
256,1728,225,3,160000,0.25,6.09406
256,1728,226,3,160000,0.25,6.08007
256,1728,227,2,160000,0.25,6.06217
256,1728,228,3,160000,0.25,6.09395
256,1728,229,2,160000,0.25,6.05844
256,1728,230,3,160000,0.25,6.10357
256,1728,231,3,160000,0.25,6.08268
256,1728,232,3,160000,0.25,6.10582
256,1728,233,2,160000,0.25,6.06898
256,1728,234,3,160000,0.25,6.10006
256,1728,235,3,160000,0.25,6.0809
256,1728,236,3,160000,0.25,6.08957
256,1728,237,4,160000,0.25,6.099
256,1728,238,2,160000,0.25,6.08802
256,1728,239,3,160000,0.25,6.09907
256,1728,240,4,160000,0.25,6.10053
256,1728,241,2,160000,0.25,6.01326
256,1728,242,2,160000,0.25,6.08749
256,1728,243,3,160000,0.25,6.11837
256,1728,244,2,160000,0.25,6.05669
256,1728,245,3,160000,0.25,6.09138
256,1728,246,2,160000,0.25,6.09721
256,1728,247,3,160000,0.25,6.11356
256,1728,248,2,160000,0.25,6.09144
256,1728,249,4,160000,0.25,6.11985
256,1728,250,2,160000,0.25,6.06951
256,1728,251,2,160000,0.25,6.05657
256,1728,252,3,160000,0.25,6.10026
256,1728,253,3,160000,0.25,6.08607
256,1728,254,3,160000,0.25,6.12123
256,1728,255,3,160000,0.25,6.06682
256,1728,256,4,160000,0.25,6.11097
256,1728,257,2,160000,0.25,5.99398
256,1728,258,3,160000,0.25,6.06736
256,1728,259,2,160000,0.25,6.0979
256,1728,260,2,160000,0.25,6.10334
256,1728,261,3,160000,0.25,6.14665
256,1728,262,3,160000,0.25,6.11229
256,1728,263,3,160000,0.25,6.1186
256,1728,264,2,160000,0.25,6.07117
256,1728,265,3,160000,0.25,6.09324
256,1728,266,4,160000,0.25,6.08772
256,1728,267,3,160000,0.25,6.09762
256,1728,268,3,160000,0.25,6.0649
256,1728,269,3,160000,0.25,6.10809
256,1728,270,3,160000,0.25,6.08732
256,1728,271,3,160000,0.25,6.09259
256,1728,272,3,160000,0.25,6.08249
256,1728,273,2,160000,0.25,6.05839
256,1728,274,3,160000,0.25,6.09236
256,1728,275,4,160000,0.25,6.11395
256,1728,276,3,160000,0.25,6.11209
256,1728,277,2,160000,0.25,6.08038
256,1728,278,3,160000,0.25,6.11877
256,1728,279,3,160000,0.25,6.09417
256,1728,280,4,160000,0.25,6.09462
256,1728,281,2,160000,0.25,6.0822
256,1728,282,1,160000,0.25,6.08322
256,1728,283,3,160000,0.25,6.08436
256,1728,284,2,160000,0.25,6.07668
256,1728,285,2,160000,0.25,6.09689
256,1728,286,3,160000,0.25,6.09119
256,1728,287,3,160000,0.25,6.06955
256,1728,288,2,160000,0.25,6.10116
256,1728,289,2,160000,0.25,6.0784
256,1728,290,1,160000,0.25,6.06792
256,1728,291,2,160000,0.25,6.09201
256,1728,292,3,160000,0.25,6.09429
256,1728,293,2,160000,0.25,6.06204
256,1728,294,4,160000,0.25,6.13321
256,1728,295,4,160000,0.25,6.11529
256,1728,296,3,160000,0.25,6.12821
256,1728,297,2,160000,0.25,6.08287
256,1728,298,4,160000,0.25,6.11268
256,1728,299,3,160000,0.25,6.0357
256,1728,300,4,160000,0.25,6.10929
256,1728,301,2,160000,0.25,6.07104
256,1728,302,3,160000,0.25,6.12351
256,1728,303,4,160000,0.25,6.10872
256,1728,304,3,160000,0.25,6.08973
256,1728,305,4,160000,0.25,6.12139
256,1728,306,2,160000,0.25,6.08322
256,1728,307,3,160000,0.25,6.08911
256,1728,308,4,160000,0.25,6.09772
256,1728,309,2,160000,0.25,6.08297
256,1728,310,3,160000,0.25,6.04623
256,1728,311,3,160000,0.25,6.08325
256,1728,312,4,160000,0.25,6.12236
256,1728,313,3,160000,0.25,6.09422
256,1728,314,4,160000,0.25,6.09927
256,1728,315,3,160000,0.25,6.05153
256,1728,316,3,160000,0.25,6.04787
256,1728,317,2,160000,0.25,6.02795
256,1728,318,2,160000,0.25,6.10582
256,1728,319,2,160000,0.25,6.05403
256,1728,320,4,160000,0.25,6.11704
256,1728,321,2,160000,0.25,6.0715
256,1728,322,3,160000,0.25,6.11857
256,1728,323,2,160000,0.25,6.09281
256,1728,324,3,160000,0.25,6.08085
256,1728,325,3,160000,0.25,6.07717
256,1728,326,2,160000,0.25,6.07753
256,1728,327,3,160000,0.25,6.08318
256,1728,328,3,160000,0.25,6.0712
256,1728,329,2,160000,0.25,6.05411
256,1728,330,3,160000,0.25,6.0493
256,1728,331,3,160000,0.25,6.10947
256,1728,332,3,160000,0.25,6.06641
256,1728,333,2,160000,0.25,6.04067
256,1728,334,3,160000,0.25,6.0931
256,1728,335,3,160000,0.25,6.11099
256,1728,336,3,160000,0.25,6.06984
256,1728,337,2,160000,0.25,6.05818
256,1728,338,3,160000,0.25,6.09203
256,1728,339,3,160000,0.25,6.09245
256,1728,340,3,160000,0.25,6.10256
256,1728,341,4,160000,0.25,6.10915
256,1728,342,3,160000,0.25,6.10344
256,1728,343,3,160000,0.25,6.0915
256,1728,344,4,160000,0.25,6.15142
256,1728,345,3,160000,0.25,6.10063
256,1728,346,3,160000,0.25,6.11268
256,1728,347,1,160000,0.25,6.03023
256,1728,348,3,160000,0.25,6.0945
256,1728,349,3,160000,0.25,6.0948
256,1728,350,2,160000,0.25,6.14358
256,1728,351,4,160000,0.25,6.10499
256,1728,352,2,160000,0.25,6.12887
256,1728,353,3,160000,0.25,6.11479
256,1728,354,2,160000,0.25,6.05531
256,1728,355,3,160000,0.25,6.09958
256,1728,356,3,160000,0.25,6.08318
256,1728,357,2,160000,0.25,6.10457
256,1728,358,2,160000,0.25,6.07278
256,1728,359,2,160000,0.25,6.05839
256,1728,360,3,160000,0.25,6.1198
256,1728,361,3,160000,0.25,6.08335
256,1728,362,2,160000,0.25,6.06333
256,1728,363,4,160000,0.25,6.11462
256,1728,364,4,160000,0.25,6.08483
256,1728,365,2,160000,0.25,6.01534
256,1728,366,3,160000,0.25,6.08964
256,1728,367,2,160000,0.25,6.09322
256,1728,368,2,160000,0.25,6.07721
256,1728,369,3,160000,0.25,6.07576
256,1728,370,4,160000,0.25,6.11165
256,1728,371,4,160000,0.25,6.12796
256,1728,372,4,160000,0.25,6.08672
256,1728,373,3,160000,0.25,6.08734
256,1728,374,3,160000,0.25,6.04949
256,1728,375,3,160000,0.25,6.0973
256,1728,376,3,160000,0.25,6.09161
256,1728,377,3,160000,0.25,6.12641
256,1728,378,3,160000,0.25,6.08637
256,1728,379,1,160000,0.25,6.02473
256,1728,380,2,160000,0.25,6.08278
256,1728,381,3,160000,0.25,6.08057
256,1728,382,3,160000,0.25,6.12743
256,1728,383,2,160000,0.25,6.05742
256,1728,384,2,160000,0.25,6.1115
256,1728,385,3,160000,0.25,6.0659
256,1728,386,4,160000,0.25,6.1223
256,1728,387,3,160000,0.25,6.08474
256,1728,388,2,160000,0.25,6.08826
256,1728,389,3,160000,0.25,6.10095
256,1728,390,4,160000,0.25,6.12071
256,1728,391,3,160000,0.25,6.08924
256,1728,392,3,160000,0.25,6.11111
256,1728,393,3,160000,0.25,6.08205
256,1728,394,3,160000,0.25,6.08856
256,1728,395,2,160000,0.25,6.07789
256,1728,396,2,160000,0.25,6.08274
256,1728,397,4,160000,0.25,6.12947
256,1728,398,3,160000,0.25,6.08273
256,1728,399,2,160000,0.25,6.02572
256,1728,400,3,160000,0.25,6.08481
512,2534,1,0,320000,0.25,0.005287
512,2534,2,0,320000,0.25,0.005599
512,2534,3,0,320000,0.25,0.00479
512,2534,4,0,320000,0.25,0.006019
512,2534,5,0,320000,0.25,0.005247
512,2534,6,0,320000,0.25,0.00625
512,2534,7,0,320000,0.25,0.006821
512,2534,8,0,320000,0.25,0.006096
512,2534,9,0,320000,0.25,0.005885
512,2534,10,0,320000,0.25,0.006162
512,2534,11,0,320000,0.25,0.004852
512,2534,12,0,320000,0.25,0.005199
512,2534,13,0,320000,0.25,0.006028
512,2534,14,0,320000,0.25,0.006308
512,2534,15,0,320000,0.25,0.00563
512,2534,16,0,320000,0.25,0.008385
512,2534,17,0,320000,0.25,0.006089
512,2534,18,0,320000,0.25,0.005409
512,2534,19,0,320000,0.25,0.00593
512,2534,20,0,320000,0.25,0.003877
512,2534,21,0,320000,0.25,0.006407
512,2534,22,0,320000,0.25,0.0084
512,2534,23,0,320000,0.25,0.005376
512,2534,24,0,320000,0.25,0.005191
512,2534,25,0,320000,0.25,0.005776
512,2534,26,0,320000,0.25,0.004997
512,2534,27,0,320000,0.25,0.005662
512,2534,28,0,320000,0.25,0.006065
512,2534,29,0,320000,0.25,0.005423
512,2534,30,0,320000,0.25,0.004819
512,2534,31,0,320000,0.25,0.00446
512,2534,32,0,320000,0.25,0.005675
512,2534,33,0,320000,0.25,0.006702
512,2534,34,0,320000,0.25,0.005372
512,2534,35,0,320000,0.25,0.006266
512,2534,36,0,320000,0.25,0.005575
512,2534,37,0,320000,0.25,0.004642
512,2534,38,0,320000,0.25,0.00536
512,2534,39,0,320000,0.25,0.006956
512,2534,40,0,320000,0.25,0.006548
512,2534,41,0,320000,0.25,0.005448
512,2534,42,0,320000,0.25,0.003961
512,2534,43,0,320000,0.25,0.005649
512,2534,44,0,320000,0.25,0.005177
512,2534,45,0,320000,0.25,0.006585
512,2534,46,0,320000,0.25,0.009819
512,2534,47,0,320000,0.25,0.005822
512,2534,48,0,320000,0.25,0.004601
512,2534,49,0,320000,0.25,0.00672
512,2534,50,0,320000,0.25,0.005534
512,2534,51,0,320000,0.25,0.005278
512,2534,52,0,320000,0.25,0.007002
512,2534,53,0,320000,0.25,0.005869
512,2534,54,0,320000,0.25,0.005172
512,2534,55,0,320000,0.25,0.005921
512,2534,56,0,320000,0.25,0.004782
512,2534,57,0,320000,0.25,0.004416
512,2534,58,0,320000,0.25,0.00606
512,2534,59,0,320000,0.25,0.005634
512,2534,60,0,320000,0.25,0.004983
512,2534,61,0,320000,0.25,0.005683
512,2534,62,0,320000,0.25,0.006903
512,2534,63,0,320000,0.25,0.005198
512,2534,64,0,320000,0.25,0.00561
512,2534,65,0,320000,0.25,0.004248
512,2534,66,0,320000,0.25,0.006757
512,2534,67,0,320000,0.25,0.006177
512,2534,68,0,320000,0.25,0.004859
512,2534,69,0,320000,0.25,0.004376
512,2534,70,0,320000,0.25,0.005225
512,2534,71,0,320000,0.25,0.005374
512,2534,72,0,320000,0.25,0.007225
512,2534,73,0,320000,0.25,0.005851
512,2534,74,0,320000,0.25,0.005408
512,2534,75,0,320000,0.25,0.004772
512,2534,76,0,320000,0.25,0.004435
512,2534,77,0,320000,0.25,0.005713
512,2534,78,0,320000,0.25,0.004517
512,2534,79,0,320000,0.25,0.005384
512,2534,80,0,320000,0.25,0.004758
512,2534,81,0,320000,0.25,0.005427
512,2534,82,0,320000,0.25,0.005555
512,2534,83,0,320000,0.25,0.00806
512,2534,84,0,320000,0.25,0.005647
512,2534,85,0,320000,0.25,0.006541
512,2534,86,0,320000,0.25,0.005217
512,2534,87,0,320000,0.25,0.006843
512,2534,88,0,320000,0.25,0.004764
512,2534,89,0,320000,0.25,0.005257
512,2534,90,0,320000,0.25,0.004698
512,2534,91,0,320000,0.25,0.00573
512,2534,92,0,320000,0.25,0.005764
512,2534,93,0,320000,0.25,0.006066
512,2534,94,0,320000,0.25,0.005384
512,2534,95,0,320000,0.25,0.005577
512,2534,96,0,320000,0.25,0.006154
512,2534,97,0,320000,0.25,0.004189
512,2534,98,0,320000,0.25,0.007032
512,2534,99,0,320000,0.25,0.006232
512,2534,100,0,320000,0.25,0.005453
512,2534,101,0,320000,0.25,0.005812
512,2534,102,0,320000,0.25,0.004144
512,2534,103,0,320000,0.25,0.005726
512,2534,104,0,320000,0.25,0.006423
512,2534,105,0,320000,0.25,0.006441
512,2534,106,0,320000,0.25,0.006084
512,2534,107,0,320000,0.25,0.004075
512,2534,108,0,320000,0.25,0.004538
512,2534,109,0,320000,0.25,0.005164
512,2534,110,0,320000,0.25,0.005826
512,2534,111,0,320000,0.25,0.005596
512,2534,112,0,320000,0.25,0.005852
512,2534,113,0,320000,0.25,0.006085
512,2534,114,0,320000,0.25,0.005379
512,2534,115,0,320000,0.25,0.007723
512,2534,116,0,320000,0.25,0.004597
512,2534,117,0,320000,0.25,0.004894
512,2534,118,0,320000,0.25,0.007447
512,2534,119,0,320000,0.25,0.003952
512,2534,120,0,320000,0.25,0.004031
512,2534,121,0,320000,0.25,0.007324
512,2534,122,0,320000,0.25,0.005034
512,2534,123,0,320000,0.25,0.006054
512,2534,124,0,320000,0.25,0.004714
512,2534,125,0,320000,0.25,0.004362
512,2534,126,0,320000,0.25,0.004325
512,2534,127,0,320000,0.25,0.007921
512,2534,128,0,320000,0.25,0.005591
512,2534,129,0,320000,0.25,0.006214
512,2534,130,0,320000,0.25,0.006209
512,2534,131,0,320000,0.25,0.004438
512,2534,132,0,320000,0.25,0.006368
512,2534,133,0,320000,0.25,0.007536
512,2534,134,0,320000,0.25,0.004182
512,2534,135,0,320000,0.25,0.005636
512,2534,136,0,320000,0.25,0.005738
512,2534,137,0,320000,0.25,0.005093
512,2534,138,0,320000,0.25,0.004428
512,2534,139,0,320000,0.25,0.00589
512,2534,140,0,320000,0.25,0.004923
512,2534,141,0,320000,0.25,0.005026
512,2534,142,0,320000,0.25,0.005082
512,2534,143,0,320000,0.25,0.005175
512,2534,144,0,320000,0.25,0.006785
512,2534,145,0,320000,0.25,0.005135
512,2534,146,0,320000,0.25,0.005461
512,2534,147,0,320000,0.25,0.005587
512,2534,148,0,320000,0.25,0.006378
512,2534,149,0,320000,0.25,0.005671
512,2534,150,0,320000,0.25,0.005691
512,2534,151,0,320000,0.25,0.005256
512,2534,152,0,320000,0.25,0.006015
512,2534,153,0,320000,0.25,0.004598
512,2534,154,0,320000,0.25,0.008625
512,2534,155,0,320000,0.25,0.005976
512,2534,156,0,320000,0.25,0.006359
512,2534,157,0,320000,0.25,0.004445
512,2534,158,0,320000,0.25,0.005134
512,2534,159,0,320000,0.25,0.007141
512,2534,160,0,320000,0.25,0.006463
512,2534,161,0,320000,0.25,0.006781
512,2534,162,0,320000,0.25,0.007096
512,2534,163,0,320000,0.25,0.005424
512,2534,164,0,320000,0.25,0.006073
512,2534,165,0,320000,0.25,0.005794
512,2534,166,0,320000,0.25,0.005218
512,2534,167,0,320000,0.25,0.004247
512,2534,168,0,320000,0.25,0.005353
512,2534,169,0,320000,0.25,0.004846
512,2534,170,0,320000,0.25,0.005689
512,2534,171,0,320000,0.25,0.005443
512,2534,172,0,320000,0.25,0.005785
512,2534,173,0,320000,0.25,0.007384
512,2534,174,0,320000,0.25,0.005236
512,2534,175,0,320000,0.25,0.004912
512,2534,176,0,320000,0.25,0.005051
512,2534,177,0,320000,0.25,0.006105
512,2534,178,0,320000,0.25,0.005427
512,2534,179,0,320000,0.25,0.00534
512,2534,180,0,320000,0.25,0.004787
512,2534,181,0,320000,0.25,0.005798
512,2534,182,0,320000,0.25,0.005716
512,2534,183,0,320000,0.25,0.004551
512,2534,184,0,320000,0.25,0.005114
512,2534,185,0,320000,0.25,0.006956
512,2534,186,0,320000,0.25,0.004985
512,2534,187,0,320000,0.25,0.005148
512,2534,188,0,320000,0.25,0.006498
512,2534,189,0,320000,0.25,0.004676
512,2534,190,0,320000,0.25,0.005912
512,2534,191,0,320000,0.25,0.007071
512,2534,192,0,320000,0.25,0.005601
512,2534,193,0,320000,0.25,0.004597
512,2534,194,0,320000,0.25,0.004592
512,2534,195,0,320000,0.25,0.004686
512,2534,196,0,320000,0.25,0.005515
512,2534,197,0,320000,0.25,0.006862
512,2534,198,0,320000,0.25,0.004971
512,2534,199,0,320000,0.25,0.005875
512,2534,200,0,320000,0.25,0.005941
512,2534,201,0,320000,0.25,0.003143
512,2534,202,0,320000,0.25,0.006061
512,2534,203,0,320000,0.25,0.007272
512,2534,204,0,320000,0.25,0.004896
512,2534,205,0,320000,0.25,0.00655
512,2534,206,0,320000,0.25,0.007473
512,2534,207,0,320000,0.25,0.006216
512,2534,208,0,320000,0.25,0.008362
512,2534,209,0,320000,0.25,0.004755
512,2534,210,0,320000,0.25,0.0053
512,2534,211,0,320000,0.25,0.005446
512,2534,212,0,320000,0.25,0.005541
512,2534,213,0,320000,0.25,0.005946
512,2534,214,0,320000,0.25,0.005657
512,2534,215,0,320000,0.25,0.004694
512,2534,216,0,320000,0.25,0.00708
512,2534,217,0,320000,0.25,0.005489
512,2534,218,0,320000,0.25,0.007284
512,2534,219,0,320000,0.25,0.0052
512,2534,220,0,320000,0.25,0.005164
512,2534,221,0,320000,0.25,0.006515
512,2534,222,0,320000,0.25,0.004718
512,2534,223,0,320000,0.25,0.005269
512,2534,224,0,320000,0.25,0.003981
512,2534,225,0,320000,0.25,0.006585
512,2534,226,0,320000,0.25,0.006668
512,2534,227,0,320000,0.25,0.005009
512,2534,228,0,320000,0.25,0.005272
512,2534,229,0,320000,0.25,0.005059
512,2534,230,0,320000,0.25,0.007691
512,2534,231,0,320000,0.25,0.004775
512,2534,232,0,320000,0.25,0.005842
512,2534,233,0,320000,0.25,0.004983
512,2534,234,0,320000,0.25,0.004513
512,2534,235,0,320000,0.25,0.006389
512,2534,236,0,320000,0.25,0.005558
512,2534,237,0,320000,0.25,0.006384
512,2534,238,0,320000,0.25,0.005312
512,2534,239,0,320000,0.25,0.004529
512,2534,240,0,320000,0.25,0.004741
512,2534,241,0,320000,0.25,0.005349
512,2534,242,0,320000,0.25,0.004003
512,2534,243,0,320000,0.25,0.005786
512,2534,244,0,320000,0.25,0.005505
512,2534,245,0,320000,0.25,0.005635
512,2534,246,0,320000,0.25,0.006768
512,2534,247,0,320000,0.25,0.005511
512,2534,248,0,320000,0.25,0.006634
512,2534,249,0,320000,0.25,0.005969
512,2534,250,0,320000,0.25,0.005766
512,2534,251,0,320000,0.25,0.006087
512,2534,252,0,320000,0.25,0.006109
512,2534,253,0,320000,0.25,0.006626
512,2534,254,0,320000,0.25,0.004495
512,2534,255,0,320000,0.25,0.006774
512,2534,256,0,320000,0.25,0.005336
512,2534,257,0,320000,0.25,0.004907
512,2534,258,0,320000,0.25,0.008218
512,2534,259,0,320000,0.25,0.004537
512,2534,260,0,320000,0.25,0.004571
512,2534,261,0,320000,0.25,0.006387
512,2534,262,0,320000,0.25,0.006511
512,2534,263,0,320000,0.25,0.006093
512,2534,264,0,320000,0.25,0.004217
512,2534,265,0,320000,0.25,0.006031
512,2534,266,0,320000,0.25,0.006724
512,2534,267,0,320000,0.25,0.005267
512,2534,268,0,320000,0.25,0.005235
512,2534,269,0,320000,0.25,0.00542
512,2534,270,0,320000,0.25,0.005102
512,2534,271,0,320000,0.25,0.005974
512,2534,272,0,320000,0.25,0.005614
512,2534,273,0,320000,0.25,0.004747
512,2534,274,0,320000,0.25,0.004605
512,2534,275,0,320000,0.25,0.006201
512,2534,276,0,320000,0.25,0.006813
512,2534,277,0,320000,0.25,0.005273
512,2534,278,0,320000,0.25,0.005557
512,2534,279,0,320000,0.25,0.005024
512,2534,280,0,320000,0.25,0.004735
512,2534,281,0,320000,0.25,0.005405
512,2534,282,0,320000,0.25,0.004832
512,2534,283,0,320000,0.25,0.004945
512,2534,284,0,320000,0.25,0.0062
512,2534,285,0,320000,0.25,0.006192
512,2534,286,0,320000,0.25,0.005434
512,2534,287,0,320000,0.25,0.007517
512,2534,288,0,320000,0.25,0.004737
512,2534,289,0,320000,0.25,0.006889
512,2534,290,0,320000,0.25,0.005786
512,2534,291,0,320000,0.25,0.004404
512,2534,292,0,320000,0.25,0.005909
512,2534,293,0,320000,0.25,0.004751
512,2534,294,0,320000,0.25,0.005129
512,2534,295,0,320000,0.25,0.005134
512,2534,296,0,320000,0.25,0.004411
512,2534,297,0,320000,0.25,0.005068
512,2534,298,0,320000,0.25,0.006443
512,2534,299,0,320000,0.25,0.007012
512,2534,300,0,320000,0.25,0.006316
512,2534,301,0,320000,0.25,0.006267
512,2534,302,0,320000,0.25,0.007805
512,2534,303,0,320000,0.25,0.006442
512,2534,304,0,320000,0.25,0.005559
512,2534,305,0,320000,0.25,0.006679
512,2534,306,0,320000,0.25,0.005864
512,2534,307,0,320000,0.25,0.004915
512,2534,308,0,320000,0.25,0.006406
512,2534,309,0,320000,0.25,0.008124
512,2534,310,0,320000,0.25,0.00783
512,2534,311,0,320000,0.25,0.005197
512,2534,312,0,320000,0.25,0.004918
512,2534,313,0,320000,0.25,0.005574
512,2534,314,0,320000,0.25,0.005427
512,2534,315,0,320000,0.25,0.005299
512,2534,316,0,320000,0.25,0.004435
512,2534,317,0,320000,0.25,0.008286
512,2534,318,0,320000,0.25,0.004915
512,2534,319,0,320000,0.25,0.005384
512,2534,320,0,320000,0.25,0.00506
512,2534,321,0,320000,0.25,0.006634
512,2534,322,0,320000,0.25,0.005708
512,2534,323,0,320000,0.25,0.006758
512,2534,324,0,320000,0.25,0.004353
512,2534,325,0,320000,0.25,0.005715
512,2534,326,0,320000,0.25,0.006839
512,2534,327,0,320000,0.25,0.004338
512,2534,328,0,320000,0.25,0.00535
512,2534,329,0,320000,0.25,0.00724
512,2534,330,0,320000,0.25,0.004651
512,2534,331,0,320000,0.25,0.005162
512,2534,332,0,320000,0.25,0.006074
512,2534,333,0,320000,0.25,0.00507
512,2534,334,0,320000,0.25,0.00709
512,2534,335,0,320000,0.25,0.005519
512,2534,336,0,320000,0.25,0.005468
512,2534,337,0,320000,0.25,0.005421
512,2534,338,0,320000,0.25,0.004432
512,2534,339,0,320000,0.25,0.0063
512,2534,340,0,320000,0.25,0.005008
512,2534,341,0,320000,0.25,0.005636
512,2534,342,0,320000,0.25,0.005932
512,2534,343,0,320000,0.25,0.006077
512,2534,344,0,320000,0.25,0.005749
512,2534,345,0,320000,0.25,0.004347
512,2534,346,0,320000,0.25,0.00594
512,2534,347,0,320000,0.25,0.005171
512,2534,348,0,320000,0.25,0.005046
512,2534,349,0,320000,0.25,0.004819
512,2534,350,0,320000,0.25,0.007824
512,2534,351,0,320000,0.25,0.005333
512,2534,352,0,320000,0.25,0.006077
512,2534,353,0,320000,0.25,0.005021
512,2534,354,0,320000,0.25,0.005393
512,2534,355,0,320000,0.25,0.005908
512,2534,356,0,320000,0.25,0.006794
512,2534,357,0,320000,0.25,0.004328
512,2534,358,0,320000,0.25,0.005213
512,2534,359,0,320000,0.25,0.006619
512,2534,360,0,320000,0.25,0.004398
512,2534,361,0,320000,0.25,0.005809
512,2534,362,0,320000,0.25,0.004629
512,2534,363,0,320000,0.25,0.004884
512,2534,364,0,320000,0.25,0.005417
512,2534,365,0,320000,0.25,0.004405
512,2534,366,0,320000,0.25,0.006385
512,2534,367,0,320000,0.25,0.006503
512,2534,368,0,320000,0.25,0.004965
512,2534,369,0,320000,0.25,0.004561
512,2534,370,0,320000,0.25,0.004866
512,2534,371,0,320000,0.25,0.006695
512,2534,372,0,320000,0.25,0.005998
512,2534,373,0,320000,0.25,0.005247
512,2534,374,0,320000,0.25,0.008375
512,2534,375,0,320000,0.25,0.006064
512,2534,376,0,320000,0.25,0.004341
512,2534,377,0,320000,0.25,0.004181
512,2534,378,0,320000,0.25,0.004799
512,2534,379,0,320000,0.25,0.005396
512,2534,380,0,320000,0.25,0.004757
512,2534,381,0,320000,0.25,0.005023
512,2534,382,0,320000,0.25,0.006477
512,2534,383,0,320000,0.25,0.007255
512,2534,384,0,320000,0.25,0.005772
512,2534,385,0,320000,0.25,0.004822
512,2534,386,0,320000,0.25,0.005843
512,2534,387,0,320000,0.25,0.004891
512,2534,388,0,320000,0.25,0.00491
512,2534,389,0,320000,0.25,0.005454
512,2534,390,0,320000,0.25,0.004845
512,2534,391,0,320000,0.25,0.00483
512,2534,392,0,320000,0.25,0.005346
512,2534,393,0,320000,0.25,0.006292
512,2534,394,0,320000,0.25,0.004339
512,2534,395,0,320000,0.25,0.00608
512,2534,396,0,320000,0.25,0.005957
512,2534,397,0,320000,0.25,0.005332
512,2534,398,0,320000,0.25,0.005768
512,2534,399,0,320000,0.25,0.004125
512,2534,400,0,320000,0.25,0.005709
512,2637,1,0,320000,0.25,0.004912
512,2637,2,0,320000,0.25,0.008671
512,2637,3,0,320000,0.25,0.006408
512,2637,4,0,320000,0.25,0.004664
512,2637,5,0,320000,0.25,0.009515
512,2637,6,0,320000,0.25,0.0045
512,2637,7,0,320000,0.25,0.00509
512,2637,8,0,320000,0.25,0.007649
512,2637,9,0,320000,0.25,0.008993
512,2637,10,0,320000,0.25,0.007196
512,2637,11,0,320000,0.25,0.00582
512,2637,12,0,320000,0.25,0.005424
512,2637,13,0,320000,0.25,0.006315
512,2637,14,0,320000,0.25,0.006856
512,2637,15,0,320000,0.25,0.008625
512,2637,16,0,320000,0.25,0.008971
512,2637,17,0,320000,0.25,0.007873
512,2637,18,0,320000,0.25,0.009
512,2637,19,0,320000,0.25,0.004843
512,2637,20,0,320000,0.25,0.005497
512,2637,21,0,320000,0.25,0.006858
512,2637,22,0,320000,0.25,0.007672
512,2637,23,0,320000,0.25,0.007041
512,2637,24,0,320000,0.25,0.007601
512,2637,25,0,320000,0.25,0.007557
512,2637,26,0,320000,0.25,0.008341
512,2637,27,0,320000,0.25,0.008018
512,2637,28,0,320000,0.25,0.007291
512,2637,29,0,320000,0.25,0.006822
512,2637,30,0,320000,0.25,0.005606
512,2637,31,0,320000,0.25,0.006872
512,2637,32,0,320000,0.25,0.007698
512,2637,33,0,320000,0.25,0.007619
512,2637,34,0,320000,0.25,0.006274
512,2637,35,0,320000,0.25,0.005384
512,2637,36,0,320000,0.25,0.006928
512,2637,37,0,320000,0.25,0.00738
512,2637,38,0,320000,0.25,0.007648
512,2637,39,0,320000,0.25,0.006727
512,2637,40,0,320000,0.25,0.006383
512,2637,41,0,320000,0.25,0.008785
512,2637,42,0,320000,0.25,0.008169
512,2637,43,0,320000,0.25,0.007167
512,2637,44,0,320000,0.25,0.009344
512,2637,45,0,320000,0.25,0.007177
512,2637,46,0,320000,0.25,0.004962
512,2637,47,0,320000,0.25,0.004824
512,2637,48,0,320000,0.25,0.005298
512,2637,49,0,320000,0.25,0.007067
512,2637,50,0,320000,0.25,0.008814
512,2637,51,0,320000,0.25,0.006638
512,2637,52,0,320000,0.25,0.007006
512,2637,53,0,320000,0.25,0.005732
512,2637,54,0,320000,0.25,0.00597
512,2637,55,0,320000,0.25,0.010113
512,2637,56,0,320000,0.25,0.006356
512,2637,57,0,320000,0.25,0.005925
512,2637,58,0,320000,0.25,0.009576
512,2637,59,0,320000,0.25,0.005227
512,2637,60,0,320000,0.25,0.010095
512,2637,61,0,320000,0.25,0.005584
512,2637,62,0,320000,0.25,0.007648
512,2637,63,0,320000,0.25,0.010181
512,2637,64,0,320000,0.25,0.007059
512,2637,65,0,320000,0.25,0.009861
512,2637,66,0,320000,0.25,0.005465
512,2637,67,0,320000,0.25,0.008448
512,2637,68,0,320000,0.25,0.006469
512,2637,69,0,320000,0.25,0.00513
512,2637,70,0,320000,0.25,0.006023
512,2637,71,0,320000,0.25,0.005445
512,2637,72,0,320000,0.25,0.008747
512,2637,73,0,320000,0.25,0.006888
512,2637,74,0,320000,0.25,0.005704
512,2637,75,0,320000,0.25,0.01015
512,2637,76,0,320000,0.25,0.008758
512,2637,77,0,320000,0.25,0.006637
512,2637,78,0,320000,0.25,0.007342
512,2637,79,0,320000,0.25,0.006988
512,2637,80,0,320000,0.25,0.010133
512,2637,81,0,320000,0.25,0.007473
512,2637,82,0,320000,0.25,0.008202
512,2637,83,0,320000,0.25,0.00551
512,2637,84,0,320000,0.25,0.004847
512,2637,85,0,320000,0.25,0.010066
512,2637,86,0,320000,0.25,0.007596
512,2637,87,0,320000,0.25,0.005426
512,2637,88,0,320000,0.25,0.005859
512,2637,89,0,320000,0.25,0.006305
512,2637,90,0,320000,0.25,0.010042
512,2637,91,0,320000,0.25,0.008235
512,2637,92,0,320000,0.25,0.00573
512,2637,93,0,320000,0.25,0.007119
512,2637,94,0,320000,0.25,0.006877
512,2637,95,0,320000,0.25,0.004944
512,2637,96,0,320000,0.25,0.008133
512,2637,97,0,320000,0.25,0.005686
512,2637,98,0,320000,0.25,0.004637
512,2637,99,0,320000,0.25,0.00717
512,2637,100,0,320000,0.25,0.007026
512,2637,101,0,320000,0.25,0.010097
512,2637,102,0,320000,0.25,0.010478
512,2637,103,0,320000,0.25,0.006644
512,2637,104,0,320000,0.25,0.009893
512,2637,105,0,320000,0.25,0.012009
512,2637,106,0,320000,0.25,0.008444
512,2637,107,0,320000,0.25,0.006387
512,2637,108,0,320000,0.25,0.006935
512,2637,109,0,320000,0.25,0.008963
512,2637,110,0,320000,0.25,0.00808
512,2637,111,0,320000,0.25,0.005883
512,2637,112,0,320000,0.25,0.007283
512,2637,113,0,320000,0.25,0.007867
512,2637,114,0,320000,0.25,0.010787
512,2637,115,0,320000,0.25,0.006363
512,2637,116,0,320000,0.25,0.005267
512,2637,117,0,320000,0.25,0.008069
512,2637,118,0,320000,0.25,0.008821
512,2637,119,0,320000,0.25,0.006044
512,2637,120,0,320000,0.25,0.008716
512,2637,121,0,320000,0.25,0.008827
512,2637,122,0,320000,0.25,0.007106
512,2637,123,0,320000,0.25,0.007209
512,2637,124,0,320000,0.25,0.005369
512,2637,125,0,320000,0.25,0.00964
512,2637,126,0,320000,0.25,0.009728
512,2637,127,0,320000,0.25,0.007658
512,2637,128,0,320000,0.25,0.007628
512,2637,129,0,320000,0.25,0.004681
512,2637,130,0,320000,0.25,0.006864
512,2637,131,0,320000,0.25,0.007965
512,2637,132,0,320000,0.25,0.005899
512,2637,133,0,320000,0.25,0.007834
512,2637,134,0,320000,0.25,0.008987
512,2637,135,0,320000,0.25,0.006547
512,2637,136,0,320000,0.25,0.008982
512,2637,137,0,320000,0.25,0.006776
512,2637,138,0,320000,0.25,0.005815
512,2637,139,0,320000,0.25,0.010415
512,2637,140,0,320000,0.25,0.007181
512,2637,141,0,320000,0.25,0.005753
512,2637,142,0,320000,0.25,0.004936
512,2637,143,0,320000,0.25,0.007747
512,2637,144,0,320000,0.25,0.007037
512,2637,145,0,320000,0.25,0.006956
512,2637,146,0,320000,0.25,0.006413
512,2637,147,0,320000,0.25,0.00949
512,2637,148,0,320000,0.25,0.00792
512,2637,149,0,320000,0.25,0.005564
512,2637,150,0,320000,0.25,0.005383
512,2637,151,0,320000,0.25,0.005572
512,2637,152,0,320000,0.25,0.008262
512,2637,153,0,320000,0.25,0.005336
512,2637,154,0,320000,0.25,0.006961
512,2637,155,0,320000,0.25,0.00667
512,2637,156,0,320000,0.25,0.005612
512,2637,157,0,320000,0.25,0.006229
512,2637,158,0,320000,0.25,0.005505
512,2637,159,0,320000,0.25,0.005748
512,2637,160,0,320000,0.25,0.008076
512,2637,161,0,320000,0.25,0.00988
512,2637,162,0,320000,0.25,0.007987
512,2637,163,0,320000,0.25,0.007226
512,2637,164,0,320000,0.25,0.007336
512,2637,165,0,320000,0.25,0.006866
512,2637,166,0,320000,0.25,0.006276
512,2637,167,0,320000,0.25,0.007537
512,2637,168,0,320000,0.25,0.007601
512,2637,169,0,320000,0.25,0.005962
512,2637,170,0,320000,0.25,0.005508
512,2637,171,0,320000,0.25,0.006435
512,2637,172,0,320000,0.25,0.00673
512,2637,173,0,320000,0.25,0.00636
512,2637,174,0,320000,0.25,0.007197
512,2637,175,0,320000,0.25,0.010496
512,2637,176,0,320000,0.25,0.00842
512,2637,177,0,320000,0.25,0.007097
512,2637,178,0,320000,0.25,0.006468
512,2637,179,0,320000,0.25,0.006867
512,2637,180,0,320000,0.25,0.009378
512,2637,181,0,320000,0.25,0.00658
512,2637,182,0,320000,0.25,0.007968
512,2637,183,0,320000,0.25,0.005247
512,2637,184,0,320000,0.25,0.005371
512,2637,185,0,320000,0.25,0.00994
512,2637,186,0,320000,0.25,0.006394
512,2637,187,0,320000,0.25,0.007331
512,2637,188,0,320000,0.25,0.009941
512,2637,189,0,320000,0.25,0.010169
512,2637,190,0,320000,0.25,0.007263
512,2637,191,0,320000,0.25,0.006699
512,2637,192,0,320000,0.25,0.004796
512,2637,193,0,320000,0.25,0.007672
512,2637,194,0,320000,0.25,0.006364
512,2637,195,0,320000,0.25,0.008669
512,2637,196,0,320000,0.25,0.007487
512,2637,197,0,320000,0.25,0.007984
512,2637,198,0,320000,0.25,0.005715
512,2637,199,0,320000,0.25,0.005928
512,2637,200,0,320000,0.25,0.006069
512,2637,201,0,320000,0.25,0.00356
512,2637,202,0,320000,0.25,0.005394
512,2637,203,0,320000,0.25,0.008934
512,2637,204,0,320000,0.25,0.008042
512,2637,205,0,320000,0.25,0.004592
512,2637,206,0,320000,0.25,0.00694
512,2637,207,0,320000,0.25,0.005637
512,2637,208,0,320000,0.25,0.008915
512,2637,209,0,320000,0.25,0.009188
512,2637,210,0,320000,0.25,0.004497
512,2637,211,0,320000,0.25,0.006115
512,2637,212,0,320000,0.25,0.007966
512,2637,213,0,320000,0.25,0.007885
512,2637,214,0,320000,0.25,0.006749
512,2637,215,0,320000,0.25,0.007172
512,2637,216,0,320000,0.25,0.005747
512,2637,217,0,320000,0.25,0.007889
512,2637,218,0,320000,0.25,0.007599
512,2637,219,0,320000,0.25,0.007125
512,2637,220,0,320000,0.25,0.007715
512,2637,221,0,320000,0.25,0.006326
512,2637,222,0,320000,0.25,0.007777
512,2637,223,0,320000,0.25,0.008294
512,2637,224,0,320000,0.25,0.007481
512,2637,225,0,320000,0.25,0.006816
512,2637,226,0,320000,0.25,0.006646
512,2637,227,0,320000,0.25,0.009502
512,2637,228,0,320000,0.25,0.006708
512,2637,229,0,320000,0.25,0.007867
512,2637,230,0,320000,0.25,0.007592
512,2637,231,0,320000,0.25,0.007468
512,2637,232,0,320000,0.25,0.006144
512,2637,233,0,320000,0.25,0.009041
512,2637,234,0,320000,0.25,0.008592
512,2637,235,0,320000,0.25,0.008076
512,2637,236,0,320000,0.25,0.005636
512,2637,237,0,320000,0.25,0.00877
512,2637,238,0,320000,0.25,0.009308
512,2637,239,0,320000,0.25,0.004725
512,2637,240,0,320000,0.25,0.005543
512,2637,241,0,320000,0.25,0.009489
512,2637,242,0,320000,0.25,0.008307
512,2637,243,0,320000,0.25,0.007909
512,2637,244,0,320000,0.25,0.006257
512,2637,245,0,320000,0.25,0.008196
512,2637,246,0,320000,0.25,0.006931
512,2637,247,0,320000,0.25,0.005153
512,2637,248,0,320000,0.25,0.007744
512,2637,249,0,320000,0.25,0.009904
512,2637,250,0,320000,0.25,0.004608
512,2637,251,0,320000,0.25,0.006129
512,2637,252,0,320000,0.25,0.008617
512,2637,253,0,320000,0.25,0.008003
512,2637,254,0,320000,0.25,0.010495
512,2637,255,0,320000,0.25,0.006468
512,2637,256,0,320000,0.25,0.005008
512,2637,257,0,320000,0.25,0.00862
512,2637,258,0,320000,0.25,0.00678
512,2637,259,0,320000,0.25,0.004622
512,2637,260,0,320000,0.25,0.004918
512,2637,261,0,320000,0.25,0.009003
512,2637,262,0,320000,0.25,0.005253
512,2637,263,0,320000,0.25,0.007123
512,2637,264,0,320000,0.25,0.008005
512,2637,265,0,320000,0.25,0.010442
512,2637,266,0,320000,0.25,0.006294
512,2637,267,0,320000,0.25,0.006655
512,2637,268,0,320000,0.25,0.007468
512,2637,269,0,320000,0.25,0.012949
512,2637,270,0,320000,0.25,0.008075
512,2637,271,0,320000,0.25,0.009268
512,2637,272,0,320000,0.25,0.006668
512,2637,273,0,320000,0.25,0.011005
512,2637,274,0,320000,0.25,0.006699
512,2637,275,0,320000,0.25,0.006216
512,2637,276,0,320000,0.25,0.005305
512,2637,277,0,320000,0.25,0.006896
512,2637,278,0,320000,0.25,0.005655
512,2637,279,0,320000,0.25,0.005746
512,2637,280,0,320000,0.25,0.007941
512,2637,281,0,320000,0.25,0.006263
512,2637,282,0,320000,0.25,0.008713
512,2637,283,0,320000,0.25,0.00832
512,2637,284,0,320000,0.25,0.006303
512,2637,285,0,320000,0.25,0.009007
512,2637,286,0,320000,0.25,0.008217
512,2637,287,0,320000,0.25,0.007278
512,2637,288,0,320000,0.25,0.008729
512,2637,289,0,320000,0.25,0.007077
512,2637,290,0,320000,0.25,0.005883
512,2637,291,0,320000,0.25,0.006078
512,2637,292,0,320000,0.25,0.0061
512,2637,293,0,320000,0.25,0.009621
512,2637,294,0,320000,0.25,0.005612
512,2637,295,0,320000,0.25,0.008274
512,2637,296,0,320000,0.25,0.006146
512,2637,297,0,320000,0.25,0.00581
512,2637,298,0,320000,0.25,0.007371
512,2637,299,0,320000,0.25,0.008517
512,2637,300,0,320000,0.25,0.01009
512,2637,301,0,320000,0.25,0.006204
512,2637,302,0,320000,0.25,0.00795
512,2637,303,0,320000,0.25,0.009619
512,2637,304,0,320000,0.25,0.007996
512,2637,305,0,320000,0.25,0.00891
512,2637,306,0,320000,0.25,0.006598
512,2637,307,0,320000,0.25,0.006079
512,2637,308,0,320000,0.25,0.007075
512,2637,309,0,320000,0.25,0.007302
512,2637,310,0,320000,0.25,0.005722
512,2637,311,0,320000,0.25,0.005175
512,2637,312,0,320000,0.25,0.008904
512,2637,313,0,320000,0.25,0.007064
512,2637,314,0,320000,0.25,0.00777
512,2637,315,0,320000,0.25,0.008971
512,2637,316,0,320000,0.25,0.005656
512,2637,317,0,320000,0.25,0.00802
512,2637,318,0,320000,0.25,0.005762
512,2637,319,0,320000,0.25,0.005772
512,2637,320,0,320000,0.25,0.005836
512,2637,321,0,320000,0.25,0.009747
512,2637,322,0,320000,0.25,0.010822
512,2637,323,0,320000,0.25,0.009218
512,2637,324,0,320000,0.25,0.010395
512,2637,325,0,320000,0.25,0.010318
512,2637,326,0,320000,0.25,0.004559
512,2637,327,0,320000,0.25,0.010119
512,2637,328,0,320000,0.25,0.005883
512,2637,329,0,320000,0.25,0.005573
512,2637,330,0,320000,0.25,0.006491
512,2637,331,0,320000,0.25,0.009817
512,2637,332,0,320000,0.25,0.011164
512,2637,333,0,320000,0.25,0.005148
512,2637,334,0,320000,0.25,0.005305
512,2637,335,0,320000,0.25,0.006814
512,2637,336,0,320000,0.25,0.006416
512,2637,337,0,320000,0.25,0.005726
512,2637,338,0,320000,0.25,0.007636
512,2637,339,0,320000,0.25,0.006023
512,2637,340,0,320000,0.25,0.004433
512,2637,341,0,320000,0.25,0.006971
512,2637,342,0,320000,0.25,0.009665
512,2637,343,0,320000,0.25,0.008243
512,2637,344,0,320000,0.25,0.00711
512,2637,345,0,320000,0.25,0.007198
512,2637,346,0,320000,0.25,0.004217
512,2637,347,0,320000,0.25,0.008248
512,2637,348,0,320000,0.25,0.005148
512,2637,349,0,320000,0.25,0.008142
512,2637,350,0,320000,0.25,0.007968
512,2637,351,0,320000,0.25,0.007086
512,2637,352,0,320000,0.25,0.012528
512,2637,353,0,320000,0.25,0.00712
512,2637,354,0,320000,0.25,0.00701
512,2637,355,0,320000,0.25,0.006687
512,2637,356,0,320000,0.25,0.008075
512,2637,357,0,320000,0.25,0.007363
512,2637,358,0,320000,0.25,0.005737
512,2637,359,0,320000,0.25,0.010347
512,2637,360,0,320000,0.25,0.0037
512,2637,361,0,320000,0.25,0.006246
512,2637,362,0,320000,0.25,0.00543
512,2637,363,0,320000,0.25,0.006905
512,2637,364,0,320000,0.25,0.007277
512,2637,365,0,320000,0.25,0.006763
512,2637,366,0,320000,0.25,0.009704
512,2637,367,0,320000,0.25,0.006913
512,2637,368,0,320000,0.25,0.006473
512,2637,369,0,320000,0.25,0.009379
512,2637,370,0,320000,0.25,0.005951
512,2637,371,0,320000,0.25,0.005536
512,2637,372,0,320000,0.25,0.006501
512,2637,373,0,320000,0.25,0.006069
512,2637,374,0,320000,0.25,0.005238
512,2637,375,0,320000,0.25,0.009951
512,2637,376,0,320000,0.25,0.007453
512,2637,377,0,320000,0.25,0.007418
512,2637,378,0,320000,0.25,0.006796
512,2637,379,0,320000,0.25,0.009462
512,2637,380,0,320000,0.25,0.005542
512,2637,381,0,320000,0.25,0.005282
512,2637,382,0,320000,0.25,0.009882
512,2637,383,0,320000,0.25,0.005392
512,2637,384,0,320000,0.25,0.005656
512,2637,385,0,320000,0.25,0.005043
512,2637,386,0,320000,0.25,0.010942
512,2637,387,0,320000,0.25,0.007294
512,2637,388,0,320000,0.25,0.005249
512,2637,389,0,320000,0.25,0.005792
512,2637,390,0,320000,0.25,0.005654
512,2637,391,0,320000,0.25,0.005568
512,2637,392,0,320000,0.25,0.008469
512,2637,393,0,320000,0.25,0.007108
512,2637,394,0,320000,0.25,0.008252
512,2637,395,0,320000,0.25,0.008149
512,2637,396,0,320000,0.25,0.00731
512,2637,397,0,320000,0.25,0.010158
512,2637,398,0,320000,0.25,0.008736
512,2637,399,0,320000,0.25,0.006892
512,2637,400,0,320000,0.25,0.00679
512,2739,1,0,320000,0.25,0.003567
512,2739,2,0,320000,0.25,0.00922
512,2739,3,0,320000,0.25,0.010603
512,2739,4,0,320000,0.25,0.00958
512,2739,5,0,320000,0.25,0.010186
512,2739,6,0,320000,0.25,0.009567
512,2739,7,0,320000,0.25,0.01021
512,2739,8,0,320000,0.25,0.011056
512,2739,9,0,320000,0.25,0.011029
512,2739,10,0,320000,0.25,0.008069
512,2739,11,0,320000,0.25,0.007088
512,2739,12,0,320000,0.25,0.009292
512,2739,13,0,320000,0.25,0.00755
512,2739,14,0,320000,0.25,0.012576
512,2739,15,0,320000,0.25,0.010282
512,2739,16,0,320000,0.25,0.007959
512,2739,17,0,320000,0.25,0.01191
512,2739,18,0,320000,0.25,0.007712
512,2739,19,0,320000,0.25,0.007765
512,2739,20,0,320000,0.25,0.007927
512,2739,21,0,320000,0.25,0.008113
512,2739,22,0,320000,0.25,0.008803
512,2739,23,0,320000,0.25,0.008758
512,2739,24,0,320000,0.25,0.011192
512,2739,25,0,320000,0.25,0.010204
512,2739,26,0,320000,0.25,0.009466
512,2739,27,0,320000,0.25,0.010259
512,2739,28,0,320000,0.25,0.010118
512,2739,29,0,320000,0.25,0.01086
512,2739,30,0,320000,0.25,0.008535
512,2739,31,0,320000,0.25,0.005756
512,2739,32,0,320000,0.25,0.00728
512,2739,33,0,320000,0.25,0.007537
512,2739,34,0,320000,0.25,0.009329
512,2739,35,0,320000,0.25,0.006858
512,2739,36,0,320000,0.25,0.017014
512,2739,37,0,320000,0.25,0.007138
512,2739,38,0,320000,0.25,0.009221
512,2739,39,0,320000,0.25,0.010055
512,2739,40,0,320000,0.25,0.013436
512,2739,41,0,320000,0.25,0.012561
512,2739,42,0,320000,0.25,0.00777
512,2739,43,0,320000,0.25,0.008043
512,2739,44,0,320000,0.25,0.010859
512,2739,45,0,320000,0.25,0.011347
512,2739,46,0,320000,0.25,0.013181
512,2739,47,0,320000,0.25,0.008013
512,2739,48,0,320000,0.25,0.013508
512,2739,49,0,320000,0.25,0.005222
512,2739,50,0,320000,0.25,0.008152
512,2739,51,0,320000,0.25,0.009604
512,2739,52,0,320000,0.25,0.007583
512,2739,53,0,320000,0.25,0.004061
512,2739,54,0,320000,0.25,0.009308
512,2739,55,0,320000,0.25,0.011252
512,2739,56,0,320000,0.25,0.007967
512,2739,57,0,320000,0.25,0.007196
512,2739,58,0,320000,0.25,0.006894
512,2739,59,0,320000,0.25,0.008243
512,2739,60,0,320000,0.25,0.007407
512,2739,61,0,320000,0.25,0.011763
512,2739,62,0,320000,0.25,0.008668
512,2739,63,0,320000,0.25,0.008553
512,2739,64,0,320000,0.25,0.009834
512,2739,65,0,320000,0.25,0.007181
512,2739,66,0,320000,0.25,0.006908
512,2739,67,0,320000,0.25,0.008455
512,2739,68,0,320000,0.25,0.007249
512,2739,69,0,320000,0.25,0.00914
512,2739,70,0,320000,0.25,0.010268
512,2739,71,0,320000,0.25,0.008341
512,2739,72,0,320000,0.25,0.011063
512,2739,73,0,320000,0.25,0.009012
512,2739,74,0,320000,0.25,0.00658
512,2739,75,0,320000,0.25,0.0067
512,2739,76,0,320000,0.25,0.012263
512,2739,77,0,320000,0.25,0.007076
512,2739,78,0,320000,0.25,0.007207
512,2739,79,0,320000,0.25,0.007862
512,2739,80,0,320000,0.25,0.006079
512,2739,81,0,320000,0.25,0.00398
512,2739,82,0,320000,0.25,0.005159
512,2739,83,0,320000,0.25,0.006758
512,2739,84,0,320000,0.25,0.0032
512,2739,85,0,320000,0.25,0.005744
512,2739,86,0,320000,0.25,0.010772
512,2739,87,0,320000,0.25,0.008695
512,2739,88,0,320000,0.25,0.00917
512,2739,89,0,320000,0.25,0.010802
512,2739,90,0,320000,0.25,0.01023
512,2739,91,0,320000,0.25,0.007735
512,2739,92,0,320000,0.25,0.00853
512,2739,93,0,320000,0.25,0.012026
512,2739,94,0,320000,0.25,0.011405
512,2739,95,0,320000,0.25,0.008632
512,2739,96,0,320000,0.25,0.010124
512,2739,97,0,320000,0.25,0.010471
512,2739,98,0,320000,0.25,0.006029
512,2739,99,0,320000,0.25,0.005311
512,2739,100,0,320000,0.25,0.009867
512,2739,101,0,320000,0.25,0.013544
512,2739,102,0,320000,0.25,0.016886
512,2739,103,0,320000,0.25,0.011389
512,2739,104,0,320000,0.25,0.009139
512,2739,105,0,320000,0.25,0.011423
512,2739,106,0,320000,0.25,0.006901
512,2739,107,0,320000,0.25,0.010224
512,2739,108,0,320000,0.25,0.008116
512,2739,109,0,320000,0.25,0.009286
512,2739,110,0,320000,0.25,0.007528
512,2739,111,0,320000,0.25,0.011588
512,2739,112,0,320000,0.25,0.009175
512,2739,113,0,320000,0.25,0.009578
512,2739,114,0,320000,0.25,0.008518
512,2739,115,0,320000,0.25,0.010656
512,2739,116,0,320000,0.25,0.011377
512,2739,117,0,320000,0.25,0.012118
512,2739,118,0,320000,0.25,0.014238
512,2739,119,0,320000,0.25,0.011049
512,2739,120,0,320000,0.25,0.009831
512,2739,121,0,320000,0.25,0.010517
512,2739,122,0,320000,0.25,0.00643
512,2739,123,0,320000,0.25,0.006893
512,2739,124,0,320000,0.25,0.013421
512,2739,125,0,320000,0.25,0.006061
512,2739,126,0,320000,0.25,0.005881
512,2739,127,0,320000,0.25,0.010559
512,2739,128,0,320000,0.25,0.007209
512,2739,129,0,320000,0.25,0.009878
512,2739,130,0,320000,0.25,0.008885
512,2739,131,0,320000,0.25,0.010156
512,2739,132,0,320000,0.25,0.009601
512,2739,133,0,320000,0.25,0.010513
512,2739,134,0,320000,0.25,0.009601
512,2739,135,0,320000,0.25,0.011296
512,2739,136,0,320000,0.25,0.009798
512,2739,137,0,320000,0.25,0.009968
512,2739,138,0,320000,0.25,0.010464
512,2739,139,0,320000,0.25,0.008756
512,2739,140,0,320000,0.25,0.01
512,2739,141,0,320000,0.25,0.007548
512,2739,142,0,320000,0.25,0.005952
512,2739,143,0,320000,0.25,0.01146
512,2739,144,0,320000,0.25,0.011938
512,2739,145,0,320000,0.25,0.007102
512,2739,146,0,320000,0.25,0.01017
512,2739,147,0,320000,0.25,0.008106
512,2739,148,0,320000,0.25,0.008166
512,2739,149,0,320000,0.25,0.007101
512,2739,150,0,320000,0.25,0.013525
512,2739,151,0,320000,0.25,0.00994
512,2739,152,0,320000,0.25,0.01098
512,2739,153,0,320000,0.25,0.005847
512,2739,154,0,320000,0.25,0.008731
512,2739,155,0,320000,0.25,0.011766
512,2739,156,0,320000,0.25,0.009827
512,2739,157,0,320000,0.25,0.008515
512,2739,158,0,320000,0.25,0.011355
512,2739,159,0,320000,0.25,0.012208
512,2739,160,0,320000,0.25,0.010578
512,2739,161,0,320000,0.25,0.008605
512,2739,162,0,320000,0.25,0.012601
512,2739,163,0,320000,0.25,0.008316
512,2739,164,0,320000,0.25,0.006424
512,2739,165,0,320000,0.25,0.011552
512,2739,166,0,320000,0.25,0.012668
512,2739,167,0,320000,0.25,0.007093
512,2739,168,0,320000,0.25,0.007251
512,2739,169,0,320000,0.25,0.008954
512,2739,170,0,320000,0.25,0.01219
512,2739,171,0,320000,0.25,0.010377
512,2739,172,0,320000,0.25,0.011495
512,2739,173,0,320000,0.25,0.008758
512,2739,174,0,320000,0.25,0.009244
512,2739,175,0,320000,0.25,0.011037
512,2739,176,0,320000,0.25,0.008484
512,2739,177,0,320000,0.25,0.007818
512,2739,178,0,320000,0.25,0.00664
512,2739,179,0,320000,0.25,0.009246
512,2739,180,0,320000,0.25,0.007149
512,2739,181,0,320000,0.25,0.009824
512,2739,182,0,320000,0.25,0.01158
512,2739,183,0,320000,0.25,0.015088
512,2739,184,0,320000,0.25,0.006762
512,2739,185,0,320000,0.25,0.010188
512,2739,186,0,320000,0.25,0.009135
512,2739,187,0,320000,0.25,0.010624
512,2739,188,0,320000,0.25,0.007076
512,2739,189,0,320000,0.25,0.007674
512,2739,190,0,320000,0.25,0.009896
512,2739,191,0,320000,0.25,0.00865
512,2739,192,0,320000,0.25,0.00848
512,2739,193,0,320000,0.25,0.010557
512,2739,194,0,320000,0.25,0.00769
512,2739,195,0,320000,0.25,0.006853
512,2739,196,0,320000,0.25,0.008236
512,2739,197,0,320000,0.25,0.012277
512,2739,198,0,320000,0.25,0.010698
512,2739,199,0,320000,0.25,0.012968
512,2739,200,0,320000,0.25,0.010616
512,2739,201,0,320000,0.25,0.007621
512,2739,202,0,320000,0.25,0.012474
512,2739,203,0,320000,0.25,0.011788
512,2739,204,0,320000,0.25,0.009536
512,2739,205,0,320000,0.25,0.010393
512,2739,206,0,320000,0.25,0.013946
512,2739,207,0,320000,0.25,0.009279
512,2739,208,0,320000,0.25,0.010389
512,2739,209,0,320000,0.25,0.00793
512,2739,210,0,320000,0.25,0.00978
512,2739,211,0,320000,0.25,0.011916
512,2739,212,0,320000,0.25,0.009312
512,2739,213,0,320000,0.25,0.008982
512,2739,214,0,320000,0.25,0.006293
512,2739,215,0,320000,0.25,0.010175
512,2739,216,0,320000,0.25,0.012474
512,2739,217,0,320000,0.25,0.009251
512,2739,218,0,320000,0.25,0.010478
512,2739,219,0,320000,0.25,0.011632
512,2739,220,0,320000,0.25,0.011146
512,2739,221,0,320000,0.25,0.007151
512,2739,222,0,320000,0.25,0.011169
512,2739,223,0,320000,0.25,0.007576
512,2739,224,0,320000,0.25,0.009525
512,2739,225,0,320000,0.25,0.009439
512,2739,226,0,320000,0.25,0.010153
512,2739,227,0,320000,0.25,0.008616
512,2739,228,0,320000,0.25,0.006932
512,2739,229,0,320000,0.25,0.008635
512,2739,230,0,320000,0.25,0.007781
512,2739,231,0,320000,0.25,0.012025
512,2739,232,0,320000,0.25,0.013713
512,2739,233,0,320000,0.25,0.015986
512,2739,234,0,320000,0.25,0.008674
512,2739,235,0,320000,0.25,0.01025
512,2739,236,0,320000,0.25,0.008648
512,2739,237,0,320000,0.25,0.01021
512,2739,238,0,320000,0.25,0.01104
512,2739,239,0,320000,0.25,0.009429
512,2739,240,0,320000,0.25,0.010008
512,2739,241,0,320000,0.25,0.011513
512,2739,242,0,320000,0.25,0.009507
512,2739,243,0,320000,0.25,0.015078
512,2739,244,0,320000,0.25,0.010728
512,2739,245,0,320000,0.25,0.01076
512,2739,246,0,320000,0.25,0.009697
512,2739,247,0,320000,0.25,0.009299
512,2739,248,0,320000,0.25,0.008178
512,2739,249,0,320000,0.25,0.011967
512,2739,250,0,320000,0.25,0.006458
512,2739,251,0,320000,0.25,0.005954
512,2739,252,0,320000,0.25,0.012425
512,2739,253,0,320000,0.25,0.007792
512,2739,254,0,320000,0.25,0.011428
512,2739,255,0,320000,0.25,0.00995
512,2739,256,0,320000,0.25,0.013098
512,2739,257,0,320000,0.25,0.013029
512,2739,258,0,320000,0.25,0.008914
512,2739,259,0,320000,0.25,0.009913
512,2739,260,0,320000,0.25,0.015239
512,2739,261,0,320000,0.25,0.01087
512,2739,262,0,320000,0.25,0.006205
512,2739,263,0,320000,0.25,0.011325
512,2739,264,0,320000,0.25,0.010953
512,2739,265,0,320000,0.25,0.015129
512,2739,266,0,320000,0.25,0.013447
512,2739,267,0,320000,0.25,0.011374
512,2739,268,0,320000,0.25,0.010036
512,2739,269,0,320000,0.25,0.010021
512,2739,270,0,320000,0.25,0.008464
512,2739,271,0,320000,0.25,0.009946
512,2739,272,0,320000,0.25,0.011944
512,2739,273,0,320000,0.25,0.006757
512,2739,274,0,320000,0.25,0.013377
512,2739,275,0,320000,0.25,0.010711
512,2739,276,0,320000,0.25,0.012963
512,2739,277,0,320000,0.25,0.010244
512,2739,278,0,320000,0.25,0.009513
512,2739,279,0,320000,0.25,0.008088
512,2739,280,0,320000,0.25,0.010849
512,2739,281,0,320000,0.25,0.007236
512,2739,282,0,320000,0.25,0.015826
512,2739,283,0,320000,0.25,0.009738
512,2739,284,0,320000,0.25,0.009583
512,2739,285,0,320000,0.25,0.009708
512,2739,286,0,320000,0.25,0.008861
512,2739,287,0,320000,0.25,0.009153
512,2739,288,0,320000,0.25,0.012922
512,2739,289,0,320000,0.25,0.008932
512,2739,290,0,320000,0.25,0.011146
512,2739,291,0,320000,0.25,0.009515
512,2739,292,0,320000,0.25,0.009723
512,2739,293,0,320000,0.25,0.007809
512,2739,294,0,320000,0.25,0.012757
512,2739,295,0,320000,0.25,0.008986
512,2739,296,0,320000,0.25,0.012344
512,2739,297,0,320000,0.25,0.00826
512,2739,298,0,320000,0.25,0.012541
512,2739,299,0,320000,0.25,0.009216
512,2739,300,0,320000,0.25,0.007462
512,2739,301,0,320000,0.25,0.014643
512,2739,302,0,320000,0.25,0.010403
512,2739,303,0,320000,0.25,0.007247
512,2739,304,0,320000,0.25,0.009576
512,2739,305,0,320000,0.25,0.007191
512,2739,306,0,320000,0.25,0.008779
512,2739,307,0,320000,0.25,0.008579
512,2739,308,0,320000,0.25,0.008544
512,2739,309,0,320000,0.25,0.01114
512,2739,310,0,320000,0.25,0.008938
512,2739,311,0,320000,0.25,0.011085
512,2739,312,0,320000,0.25,0.0075
512,2739,313,0,320000,0.25,0.012866
512,2739,314,0,320000,0.25,0.011576
512,2739,315,0,320000,0.25,0.007877
512,2739,316,0,320000,0.25,0.008217
512,2739,317,0,320000,0.25,0.008079
512,2739,318,0,320000,0.25,0.008699
512,2739,319,0,320000,0.25,0.007351
512,2739,320,0,320000,0.25,0.009497
512,2739,321,0,320000,0.25,0.00512
512,2739,322,0,320000,0.25,0.009003
512,2739,323,0,320000,0.25,0.012665
512,2739,324,0,320000,0.25,0.009556
512,2739,325,0,320000,0.25,0.010502
512,2739,326,0,320000,0.25,0.0107
512,2739,327,0,320000,0.25,0.009253
512,2739,328,0,320000,0.25,0.009357
512,2739,329,0,320000,0.25,0.004157
512,2739,330,0,320000,0.25,0.012112
512,2739,331,0,320000,0.25,0.00827
512,2739,332,0,320000,0.25,0.011103
512,2739,333,0,320000,0.25,0.015062
512,2739,334,0,320000,0.25,0.006862
512,2739,335,0,320000,0.25,0.007639
512,2739,336,0,320000,0.25,0.00854
512,2739,337,0,320000,0.25,0.008663
512,2739,338,0,320000,0.25,0.007806
512,2739,339,0,320000,0.25,0.007797
512,2739,340,0,320000,0.25,0.010906
512,2739,341,0,320000,0.25,0.008933
512,2739,342,0,320000,0.25,0.01046
512,2739,343,0,320000,0.25,0.00937
512,2739,344,0,320000,0.25,0.013715
512,2739,345,0,320000,0.25,0.010005
512,2739,346,0,320000,0.25,0.005867
512,2739,347,0,320000,0.25,0.012696
512,2739,348,0,320000,0.25,0.008555
512,2739,349,0,320000,0.25,0.009074
512,2739,350,0,320000,0.25,0.010499
512,2739,351,0,320000,0.25,0.009275
512,2739,352,0,320000,0.25,0.009108
512,2739,353,0,320000,0.25,0.012925
512,2739,354,0,320000,0.25,0.010607
512,2739,355,0,320000,0.25,0.010268
512,2739,356,0,320000,0.25,0.008929
512,2739,357,0,320000,0.25,0.010299
512,2739,358,0,320000,0.25,0.008713
512,2739,359,0,320000,0.25,0.006425
512,2739,360,0,320000,0.25,0.009089
512,2739,361,0,320000,0.25,0.012895
512,2739,362,0,320000,0.25,0.010144
512,2739,363,0,320000,0.25,0.008401
512,2739,364,0,320000,0.25,0.007702
512,2739,365,0,320000,0.25,0.00709
512,2739,366,0,320000,0.25,0.011394
512,2739,367,0,320000,0.25,0.010468
512,2739,368,0,320000,0.25,0.005256
512,2739,369,0,320000,0.25,0.005661
512,2739,370,0,320000,0.25,0.007486
512,2739,371,0,320000,0.25,0.007032
512,2739,372,0,320000,0.25,0.014028
512,2739,373,0,320000,0.25,0.00826
512,2739,374,0,320000,0.25,0.0058
512,2739,375,0,320000,0.25,0.008635
512,2739,376,0,320000,0.25,0.008655
512,2739,377,0,320000,0.25,0.008966
512,2739,378,0,320000,0.25,0.006307
512,2739,379,0,320000,0.25,0.011386
512,2739,380,0,320000,0.25,0.018152
512,2739,381,0,320000,0.25,0.009627
512,2739,382,0,320000,0.25,0.009813
512,2739,383,0,320000,0.25,0.005721
512,2739,384,0,320000,0.25,0.009672
512,2739,385,0,320000,0.25,0.008894
512,2739,386,0,320000,0.25,0.01545
512,2739,387,0,320000,0.25,0.011839
512,2739,388,0,320000,0.25,0.007836
512,2739,389,0,320000,0.25,0.008011
512,2739,390,0,320000,0.25,0.008153
512,2739,391,0,320000,0.25,0.007668
512,2739,392,0,320000,0.25,0.009707
512,2739,393,0,320000,0.25,0.012446
512,2739,394,0,320000,0.25,0.007881
512,2739,395,0,320000,0.25,0.008124
512,2739,396,0,320000,0.25,0.008518
512,2739,397,0,320000,0.25,0.007351
512,2739,398,0,320000,0.25,0.008272
512,2739,399,0,320000,0.25,0.004273
512,2739,400,0,320000,0.25,0.010499
512,2842,1,0,320000,0.25,0.008532
512,2842,2,0,320000,0.25,0.018191
512,2842,3,0,320000,0.25,0.011117
512,2842,4,0,320000,0.25,0.010089
512,2842,5,0,320000,0.25,0.010507
512,2842,6,0,320000,0.25,0.014768
512,2842,7,0,320000,0.25,0.013591
512,2842,8,0,320000,0.25,0.013477
512,2842,9,0,320000,0.25,0.009172
512,2842,10,0,320000,0.25,0.011249
512,2842,11,0,320000,0.25,0.013822
512,2842,12,0,320000,0.25,0.011933
512,2842,13,0,320000,0.25,0.015565
512,2842,14,0,320000,0.25,0.009139
512,2842,15,0,320000,0.25,0.011044
512,2842,16,0,320000,0.25,0.012489
512,2842,17,0,320000,0.25,0.033259
512,2842,18,0,320000,0.25,0.009484
512,2842,19,0,320000,0.25,0.014625
512,2842,20,0,320000,0.25,0.010264
512,2842,21,0,320000,0.25,0.015896
512,2842,22,0,320000,0.25,0.012669
512,2842,23,0,320000,0.25,0.012492
512,2842,24,0,320000,0.25,0.016824
512,2842,25,0,320000,0.25,0.010582
512,2842,26,0,320000,0.25,0.011881
512,2842,27,0,320000,0.25,0.019319
512,2842,28,0,320000,0.25,0.010047
512,2842,29,0,320000,0.25,0.011846
512,2842,30,0,320000,0.25,0.015513
512,2842,31,0,320000,0.25,0.016696
512,2842,32,0,320000,0.25,0.015473
512,2842,33,0,320000,0.25,0.014809
512,2842,34,0,320000,0.25,0.009988
512,2842,35,0,320000,0.25,0.010565
512,2842,36,0,320000,0.25,0.016705
512,2842,37,0,320000,0.25,0.008044
512,2842,38,0,320000,0.25,0.012618
512,2842,39,0,320000,0.25,0.012026
512,2842,40,0,320000,0.25,0.014771
512,2842,41,0,320000,0.25,0.013539
512,2842,42,0,320000,0.25,0.006637
512,2842,43,0,320000,0.25,0.010944
512,2842,44,0,320000,0.25,0.009002
512,2842,45,0,320000,0.25,0.01418
512,2842,46,0,320000,0.25,0.015103
512,2842,47,0,320000,0.25,0.011685
512,2842,48,0,320000,0.25,0.017508
512,2842,49,0,320000,0.25,0.015158
512,2842,50,0,320000,0.25,0.009877
512,2842,51,0,320000,0.25,0.011576
512,2842,52,0,320000,0.25,0.016327
512,2842,53,0,320000,0.25,0.013306
512,2842,54,0,320000,0.25,0.009224
512,2842,55,0,320000,0.25,0.008292
512,2842,56,0,320000,0.25,0.012404
512,2842,57,0,320000,0.25,0.014267
512,2842,58,0,320000,0.25,0.011998
512,2842,59,0,320000,0.25,0.011742
512,2842,60,0,320000,0.25,0.011114
512,2842,61,0,320000,0.25,0.010229
512,2842,62,0,320000,0.25,0.017899
512,2842,63,0,320000,0.25,0.016968
512,2842,64,0,320000,0.25,0.010335
512,2842,65,0,320000,0.25,0.014859
512,2842,66,0,320000,0.25,0.007494
512,2842,67,0,320000,0.25,0.004536
512,2842,68,0,320000,0.25,0.007804
512,2842,69,0,320000,0.25,0.014515
512,2842,70,0,320000,0.25,0.017386
512,2842,71,0,320000,0.25,0.01524
512,2842,72,0,320000,0.25,0.011863
512,2842,73,0,320000,0.25,0.014366
512,2842,74,0,320000,0.25,0.013838
512,2842,75,0,320000,0.25,0.011452
512,2842,76,0,320000,0.25,0.012263
512,2842,77,0,320000,0.25,0.014308
512,2842,78,0,320000,0.25,0.011775
512,2842,79,0,320000,0.25,0.016058
512,2842,80,0,320000,0.25,0.009284
512,2842,81,0,320000,0.25,0.013747
512,2842,82,0,320000,0.25,0.011773
512,2842,83,0,320000,0.25,0.012309
512,2842,84,0,320000,0.25,0.017009
512,2842,85,0,320000,0.25,0.015939
512,2842,86,0,320000,0.25,0.012024
512,2842,87,0,320000,0.25,0.011953
512,2842,88,0,320000,0.25,0.011104
512,2842,89,0,320000,0.25,0.014223
512,2842,90,0,320000,0.25,0.013007
512,2842,91,0,320000,0.25,0.013487
512,2842,92,0,320000,0.25,0.011441
512,2842,93,0,320000,0.25,0.011675
512,2842,94,0,320000,0.25,0.02124
512,2842,95,0,320000,0.25,0.009943
512,2842,96,0,320000,0.25,0.009688
512,2842,97,0,320000,0.25,0.007857
512,2842,98,0,320000,0.25,0.005738
512,2842,99,0,320000,0.25,0.006566
512,2842,100,0,320000,0.25,0.019459
512,2842,101,0,320000,0.25,0.011645
512,2842,102,0,320000,0.25,0.010946
512,2842,103,0,320000,0.25,0.010888
512,2842,104,0,320000,0.25,0.008947
512,2842,105,0,320000,0.25,0.016609
512,2842,106,0,320000,0.25,0.019749
512,2842,107,0,320000,0.25,0.01114
512,2842,108,0,320000,0.25,0.009025
512,2842,109,0,320000,0.25,0.013679
512,2842,110,0,320000,0.25,0.017035
512,2842,111,0,320000,0.25,0.011748
512,2842,112,0,320000,0.25,0.015935
512,2842,113,0,320000,0.25,0.031135
512,2842,114,0,320000,0.25,0.00801
512,2842,115,0,320000,0.25,0.014234
512,2842,116,0,320000,0.25,0.024557
512,2842,117,0,320000,0.25,0.009405
512,2842,118,0,320000,0.25,0.01403
512,2842,119,0,320000,0.25,0.012142
512,2842,120,0,320000,0.25,0.008652
512,2842,121,0,320000,0.25,0.016712
512,2842,122,0,320000,0.25,0.01528
512,2842,123,0,320000,0.25,0.01121
512,2842,124,0,320000,0.25,0.019828
512,2842,125,0,320000,0.25,0.019317
512,2842,126,0,320000,0.25,0.008726
512,2842,127,0,320000,0.25,0.012324
512,2842,128,0,320000,0.25,0.018601
512,2842,129,0,320000,0.25,0.023343
512,2842,130,0,320000,0.25,0.011198
512,2842,131,0,320000,0.25,0.016721
512,2842,132,0,320000,0.25,0.017522
512,2842,133,0,320000,0.25,0.013076
512,2842,134,0,320000,0.25,0.01296
512,2842,135,0,320000,0.25,0.009394
512,2842,136,0,320000,0.25,0.010531
512,2842,137,0,320000,0.25,0.010136
512,2842,138,0,320000,0.25,0.014756
512,2842,139,0,320000,0.25,0.009977
512,2842,140,0,320000,0.25,0.011977
512,2842,141,0,320000,0.25,0.013797
512,2842,142,0,320000,0.25,0.012527
512,2842,143,0,320000,0.25,0.011402
512,2842,144,0,320000,0.25,0.010311
512,2842,145,0,320000,0.25,0.010704
512,2842,146,0,320000,0.25,0.012811
512,2842,147,0,320000,0.25,0.015528
512,2842,148,0,320000,0.25,0.016659
512,2842,149,0,320000,0.25,0.020602
512,2842,150,0,320000,0.25,0.01385
512,2842,151,0,320000,0.25,0.009767
512,2842,152,0,320000,0.25,0.014903
512,2842,153,0,320000,0.25,0.012534
512,2842,154,0,320000,0.25,0.019844
512,2842,155,0,320000,0.25,0.012132
512,2842,156,0,320000,0.25,0.017419
512,2842,157,0,320000,0.25,0.011499
512,2842,158,0,320000,0.25,0.010137
512,2842,159,0,320000,0.25,0.019501
512,2842,160,0,320000,0.25,0.017272
512,2842,161,0,320000,0.25,0.018345
512,2842,162,0,320000,0.25,0.010887
512,2842,163,0,320000,0.25,0.009185
512,2842,164,0,320000,0.25,0.014282
512,2842,165,0,320000,0.25,0.012897
512,2842,166,0,320000,0.25,0.019843
512,2842,167,0,320000,0.25,0.013155
512,2842,168,0,320000,0.25,0.013085
512,2842,169,0,320000,0.25,0.011198
512,2842,170,0,320000,0.25,0.010768
512,2842,171,0,320000,0.25,0.020521
512,2842,172,0,320000,0.25,0.011494
512,2842,173,0,320000,0.25,0.012887
512,2842,174,0,320000,0.25,0.010266
512,2842,175,0,320000,0.25,0.012297
512,2842,176,0,320000,0.25,0.012049
512,2842,177,0,320000,0.25,0.007314
512,2842,178,0,320000,0.25,0.009819
512,2842,179,0,320000,0.25,0.006982
512,2842,180,0,320000,0.25,0.012879
512,2842,181,0,320000,0.25,0.01371
512,2842,182,0,320000,0.25,0.010362
512,2842,183,0,320000,0.25,0.014182
512,2842,184,0,320000,0.25,0.011477
512,2842,185,0,320000,0.25,0.01008
512,2842,186,0,320000,0.25,0.008244
512,2842,187,0,320000,0.25,0.00798
512,2842,188,0,320000,0.25,0.01915
512,2842,189,0,320000,0.25,0.018278
512,2842,190,0,320000,0.25,0.011317
512,2842,191,0,320000,0.25,0.012499
512,2842,192,0,320000,0.25,0.005676
512,2842,193,0,320000,0.25,0.006106
512,2842,194,0,320000,0.25,0.007806
512,2842,195,0,320000,0.25,0.006665
512,2842,196,0,320000,0.25,0.006994
512,2842,197,0,320000,0.25,0.006748
512,2842,198,0,320000,0.25,0.011567
512,2842,199,0,320000,0.25,0.01198
512,2842,200,0,320000,0.25,0.009773
512,2842,201,0,320000,0.25,0.010132
512,2842,202,0,320000,0.25,0.013984
512,2842,203,0,320000,0.25,0.014111
512,2842,204,0,320000,0.25,0.00545
512,2842,205,0,320000,0.25,0.010988
512,2842,206,0,320000,0.25,0.014812
512,2842,207,0,320000,0.25,0.008915
512,2842,208,0,320000,0.25,0.014601
512,2842,209,0,320000,0.25,0.013597
512,2842,210,0,320000,0.25,0.011415
512,2842,211,0,320000,0.25,0.016704
512,2842,212,0,320000,0.25,0.02291
512,2842,213,0,320000,0.25,0.010088
512,2842,214,0,320000,0.25,0.014529
512,2842,215,0,320000,0.25,0.013166
512,2842,216,0,320000,0.25,0.017352
512,2842,217,0,320000,0.25,0.012398
512,2842,218,0,320000,0.25,0.013094
512,2842,219,0,320000,0.25,0.011253
512,2842,220,0,320000,0.25,0.017068
512,2842,221,0,320000,0.25,0.014614
512,2842,222,0,320000,0.25,0.009579
512,2842,223,0,320000,0.25,0.012976
512,2842,224,0,320000,0.25,0.012907
512,2842,225,0,320000,0.25,0.022872
512,2842,226,0,320000,0.25,0.013591
512,2842,227,0,320000,0.25,0.018842
512,2842,228,0,320000,0.25,0.006262
512,2842,229,0,320000,0.25,0.012303
512,2842,230,0,320000,0.25,0.008379
512,2842,231,0,320000,0.25,0.01288
512,2842,232,0,320000,0.25,0.020431
512,2842,233,0,320000,0.25,0.014605
512,2842,234,0,320000,0.25,0.011205
512,2842,235,0,320000,0.25,0.011128
512,2842,236,0,320000,0.25,0.012781
512,2842,237,0,320000,0.25,0.015413
512,2842,238,0,320000,0.25,0.012674
512,2842,239,0,320000,0.25,0.010836
512,2842,240,0,320000,0.25,0.013422
512,2842,241,0,320000,0.25,0.010828
512,2842,242,0,320000,0.25,0.017679
512,2842,243,0,320000,0.25,0.015696
512,2842,244,0,320000,0.25,0.013357
512,2842,245,0,320000,0.25,0.014985
512,2842,246,0,320000,0.25,0.014171
512,2842,247,0,320000,0.25,0.017185
512,2842,248,0,320000,0.25,0.013471
512,2842,249,0,320000,0.25,0.011647
512,2842,250,0,320000,0.25,0.016992
512,2842,251,0,320000,0.25,0.012507
512,2842,252,0,320000,0.25,0.014475
512,2842,253,0,320000,0.25,0.01145
512,2842,254,0,320000,0.25,0.010554
512,2842,255,0,320000,0.25,0.012636
512,2842,256,0,320000,0.25,0.012794
512,2842,257,0,320000,0.25,0.011629
512,2842,258,0,320000,0.25,0.014813
512,2842,259,0,320000,0.25,0.010586
512,2842,260,0,320000,0.25,0.014884
512,2842,261,0,320000,0.25,0.013097
512,2842,262,0,320000,0.25,0.008983
512,2842,263,0,320000,0.25,0.011694
512,2842,264,0,320000,0.25,0.015296
512,2842,265,0,320000,0.25,0.01286
512,2842,266,0,320000,0.25,0.015241
512,2842,267,0,320000,0.25,0.01466
512,2842,268,0,320000,0.25,0.015834
512,2842,269,0,320000,0.25,0.016962
512,2842,270,0,320000,0.25,0.009061
512,2842,271,0,320000,0.25,0.00908
512,2842,272,0,320000,0.25,0.013369
512,2842,273,0,320000,0.25,0.011588
512,2842,274,0,320000,0.25,0.013535
512,2842,275,0,320000,0.25,0.018057
512,2842,276,0,320000,0.25,0.011013
512,2842,277,0,320000,0.25,0.012423
512,2842,278,0,320000,0.25,0.017261
512,2842,279,0,320000,0.25,0.01405
512,2842,280,0,320000,0.25,0.014167
512,2842,281,0,320000,0.25,0.016298
512,2842,282,0,320000,0.25,0.018132
512,2842,283,0,320000,0.25,0.007747
512,2842,284,0,320000,0.25,0.016842
512,2842,285,0,320000,0.25,0.010331
512,2842,286,0,320000,0.25,0.0157
512,2842,287,0,320000,0.25,0.016119
512,2842,288,0,320000,0.25,0.011461
512,2842,289,0,320000,0.25,0.01296
512,2842,290,0,320000,0.25,0.015343
512,2842,291,0,320000,0.25,0.013427
512,2842,292,0,320000,0.25,0.015996
512,2842,293,0,320000,0.25,0.020594
512,2842,294,0,320000,0.25,0.01323
512,2842,295,0,320000,0.25,0.014349
512,2842,296,0,320000,0.25,0.015938
512,2842,297,0,320000,0.25,0.009161
512,2842,298,0,320000,0.25,0.0122
512,2842,299,0,320000,0.25,0.013695
512,2842,300,0,320000,0.25,0.014131
512,2842,301,0,320000,0.25,0.011649
512,2842,302,0,320000,0.25,0.014814
512,2842,303,0,320000,0.25,0.012281
512,2842,304,0,320000,0.25,0.016041
512,2842,305,0,320000,0.25,0.011195
512,2842,306,0,320000,0.25,0.013175
512,2842,307,0,320000,0.25,0.010444
512,2842,308,0,320000,0.25,0.010399
512,2842,309,0,320000,0.25,0.015708
512,2842,310,0,320000,0.25,0.007744
512,2842,311,0,320000,0.25,0.015619
512,2842,312,0,320000,0.25,0.018396
512,2842,313,0,320000,0.25,0.016339
512,2842,314,0,320000,0.25,0.011159
512,2842,315,0,320000,0.25,0.015881
512,2842,316,0,320000,0.25,0.01306
512,2842,317,0,320000,0.25,0.019137
512,2842,318,0,320000,0.25,0.012056
512,2842,319,0,320000,0.25,0.011111
512,2842,320,0,320000,0.25,0.017846
512,2842,321,0,320000,0.25,0.012247
512,2842,322,0,320000,0.25,0.01079
512,2842,323,0,320000,0.25,0.011141
512,2842,324,0,320000,0.25,0.011195
512,2842,325,0,320000,0.25,0.013312
512,2842,326,0,320000,0.25,0.013406
512,2842,327,0,320000,0.25,0.016532
512,2842,328,0,320000,0.25,0.016234
512,2842,329,0,320000,0.25,0.006861
512,2842,330,0,320000,0.25,0.014375
512,2842,331,0,320000,0.25,0.01229
512,2842,332,0,320000,0.25,0.016334
512,2842,333,0,320000,0.25,0.00758
512,2842,334,0,320000,0.25,0.015192
512,2842,335,0,320000,0.25,0.010731
512,2842,336,0,320000,0.25,0.014462
512,2842,337,0,320000,0.25,0.011244
512,2842,338,0,320000,0.25,0.013711
512,2842,339,0,320000,0.25,0.012932
512,2842,340,0,320000,0.25,0.014187
512,2842,341,0,320000,0.25,0.012929
512,2842,342,0,320000,0.25,0.0136
512,2842,343,0,320000,0.25,0.009765
512,2842,344,0,320000,0.25,0.011531
512,2842,345,0,320000,0.25,0.01053
512,2842,346,0,320000,0.25,0.011878
512,2842,347,0,320000,0.25,0.008583
512,2842,348,0,320000,0.25,0.018413
512,2842,349,0,320000,0.25,0.016617
512,2842,350,0,320000,0.25,0.011735
512,2842,351,0,320000,0.25,0.007616
512,2842,352,0,320000,0.25,0.010404
512,2842,353,0,320000,0.25,0.014399
512,2842,354,0,320000,0.25,0.008315
512,2842,355,0,320000,0.25,0.015729
512,2842,356,0,320000,0.25,0.010054
512,2842,357,0,320000,0.25,0.015121
512,2842,358,0,320000,0.25,0.01094
512,2842,359,0,320000,0.25,0.013893
512,2842,360,0,320000,0.25,0.010749
512,2842,361,0,320000,0.25,0.013291
512,2842,362,0,320000,0.25,0.01441
512,2842,363,0,320000,0.25,0.013701
512,2842,364,0,320000,0.25,0.01459
512,2842,365,0,320000,0.25,0.013565
512,2842,366,0,320000,0.25,0.013323
512,2842,367,0,320000,0.25,0.01126
512,2842,368,0,320000,0.25,0.01113
512,2842,369,0,320000,0.25,0.018325
512,2842,370,0,320000,0.25,0.014296
512,2842,371,0,320000,0.25,0.00699
512,2842,372,0,320000,0.25,0.011802
512,2842,373,0,320000,0.25,0.008166
512,2842,374,0,320000,0.25,0.007674
512,2842,375,0,320000,0.25,0.007368
512,2842,376,0,320000,0.25,0.010054
512,2842,377,0,320000,0.25,0.008676
512,2842,378,0,320000,0.25,0.007241
512,2842,379,0,320000,0.25,0.011843
512,2842,380,0,320000,0.25,0.016409
512,2842,381,0,320000,0.25,0.014964
512,2842,382,0,320000,0.25,0.010926
512,2842,383,0,320000,0.25,0.010947
512,2842,384,0,320000,0.25,0.01149
512,2842,385,0,320000,0.25,0.008545
512,2842,386,0,320000,0.25,0.006965
512,2842,387,0,320000,0.25,0.007585
512,2842,388,0,320000,0.25,0.003091
512,2842,389,0,320000,0.25,0.003434
512,2842,390,0,320000,0.25,0.005517
512,2842,391,0,320000,0.25,0.007522
512,2842,392,0,320000,0.25,0.007561
512,2842,393,0,320000,0.25,0.01119
512,2842,394,0,320000,0.25,0.004642
512,2842,395,0,320000,0.25,0.006466
512,2842,396,0,320000,0.25,0.005293
512,2842,397,0,320000,0.25,0.018472
512,2842,398,0,320000,0.25,0.012013
512,2842,399,0,320000,0.25,0.016259
512,2842,400,0,320000,0.25,0.013972
512,2944,1,0,320000,0.25,0.010948
512,2944,2,0,320000,0.25,0.007985
512,2944,3,0,320000,0.25,0.008509
512,2944,4,0,320000,0.25,0.015319
512,2944,5,0,320000,0.25,0.009023
512,2944,6,0,320000,0.25,0.018666
512,2944,7,0,320000,0.25,0.012344
512,2944,8,0,320000,0.25,0.011066
512,2944,9,0,320000,0.25,0.009701
512,2944,10,0,320000,0.25,0.017877
512,2944,11,0,320000,0.25,0.024485
512,2944,12,0,320000,0.25,0.019152
512,2944,13,0,320000,0.25,0.010403
512,2944,14,0,320000,0.25,0.022166
512,2944,15,0,320000,0.25,0.017335
512,2944,16,0,320000,0.25,0.019187
512,2944,17,0,320000,0.25,0.022871
512,2944,18,0,320000,0.25,0.016761
512,2944,19,0,320000,0.25,0.011366
512,2944,20,0,320000,0.25,0.01437
512,2944,21,0,320000,0.25,0.019284
512,2944,22,0,320000,0.25,0.008585
512,2944,23,0,320000,0.25,0.010676
512,2944,24,0,320000,0.25,0.023621
512,2944,25,0,320000,0.25,0.014753
512,2944,26,0,320000,0.25,0.020441
512,2944,27,0,320000,0.25,0.011448
512,2944,28,0,320000,0.25,0.009098
512,2944,29,0,320000,0.25,0.013456
512,2944,30,0,320000,0.25,0.02073
512,2944,31,0,320000,0.25,0.017344
512,2944,32,0,320000,0.25,0.016023
512,2944,33,0,320000,0.25,0.014184
512,2944,34,0,320000,0.25,0.011901
512,2944,35,0,320000,0.25,0.014256
512,2944,36,0,320000,0.25,0.009144
512,2944,37,0,320000,0.25,0.013835
512,2944,38,0,320000,0.25,0.015052
512,2944,39,0,320000,0.25,0.013969
512,2944,40,0,320000,0.25,0.012014
512,2944,41,0,320000,0.25,0.010624
512,2944,42,0,320000,0.25,0.010647
512,2944,43,0,320000,0.25,0.012843
512,2944,44,0,320000,0.25,0.011215
512,2944,45,0,320000,0.25,0.023495
512,2944,46,0,320000,0.25,0.014326
512,2944,47,0,320000,0.25,0.006261
512,2944,48,0,320000,0.25,0.01541
512,2944,49,0,320000,0.25,0.022709
512,2944,50,0,320000,0.25,0.012007
512,2944,51,0,320000,0.25,0.016212
512,2944,52,0,320000,0.25,0.0187
512,2944,53,0,320000,0.25,0.017759
512,2944,54,0,320000,0.25,0.02869
512,2944,55,0,320000,0.25,0.023677
512,2944,56,0,320000,0.25,0.025152
512,2944,57,0,320000,0.25,0.017329
512,2944,58,0,320000,0.25,0.013595
512,2944,59,0,320000,0.25,0.014709
512,2944,60,0,320000,0.25,0.017729
512,2944,61,0,320000,0.25,0.016426
512,2944,62,0,320000,0.25,0.023536
512,2944,63,0,320000,0.25,0.017362
512,2944,64,0,320000,0.25,0.016423
512,2944,65,0,320000,0.25,0.023355
512,2944,66,0,320000,0.25,0.010954
512,2944,67,0,320000,0.25,0.008536
512,2944,68,0,320000,0.25,0.009029
512,2944,69,0,320000,0.25,0.013956
512,2944,70,0,320000,0.25,0.013855
512,2944,71,0,320000,0.25,0.016486
512,2944,72,0,320000,0.25,0.008344
512,2944,73,0,320000,0.25,0.017166
512,2944,74,0,320000,0.25,0.007866
512,2944,75,0,320000,0.25,0.023865
512,2944,76,0,320000,0.25,0.012295
512,2944,77,0,320000,0.25,0.026317
512,2944,78,0,320000,0.25,0.021522
512,2944,79,0,320000,0.25,0.019746
512,2944,80,0,320000,0.25,0.011562
512,2944,81,0,320000,0.25,0.012188
512,2944,82,0,320000,0.25,0.027087
512,2944,83,0,320000,0.25,0.015044
512,2944,84,0,320000,0.25,0.011895
512,2944,85,0,320000,0.25,0.017851
512,2944,86,0,320000,0.25,0.01379
512,2944,87,0,320000,0.25,0.012757
512,2944,88,0,320000,0.25,0.017151
512,2944,89,0,320000,0.25,0.009566
512,2944,90,0,320000,0.25,0.023095
512,2944,91,0,320000,0.25,0.019367
512,2944,92,0,320000,0.25,0.023272
512,2944,93,0,320000,0.25,0.02165
512,2944,94,0,320000,0.25,0.008517
512,2944,95,0,320000,0.25,0.007698
512,2944,96,0,320000,0.25,0.015813
512,2944,97,0,320000,0.25,0.02406
512,2944,98,0,320000,0.25,0.013003
512,2944,99,0,320000,0.25,0.014919
512,2944,100,0,320000,0.25,0.014359
512,2944,101,0,320000,0.25,0.020708
512,2944,102,0,320000,0.25,0.030039
512,2944,103,0,320000,0.25,0.019637
512,2944,104,0,320000,0.25,0.015464
512,2944,105,0,320000,0.25,0.020727
512,2944,106,0,320000,0.25,0.03765
512,2944,107,0,320000,0.25,0.030217
512,2944,108,0,320000,0.25,0.024502
512,2944,109,0,320000,0.25,0.014046
512,2944,110,0,320000,0.25,0.023262
512,2944,111,0,320000,0.25,0.027691
512,2944,112,0,320000,0.25,0.020078
512,2944,113,0,320000,0.25,0.024137
512,2944,114,0,320000,0.25,0.013456
512,2944,115,0,320000,0.25,0.031868
512,2944,116,0,320000,0.25,0.025349
512,2944,117,0,320000,0.25,0.009269
512,2944,118,0,320000,0.25,0.013391
512,2944,119,0,320000,0.25,0.019947
512,2944,120,0,320000,0.25,0.017189
512,2944,121,0,320000,0.25,0.028845
512,2944,122,0,320000,0.25,0.013122
512,2944,123,0,320000,0.25,0.014505
512,2944,124,0,320000,0.25,0.017645
512,2944,125,0,320000,0.25,0.014521
512,2944,126,0,320000,0.25,0.019054
512,2944,127,0,320000,0.25,0.022775
512,2944,128,0,320000,0.25,0.012505
512,2944,129,0,320000,0.25,0.01906
512,2944,130,0,320000,0.25,0.014976
512,2944,131,0,320000,0.25,0.019401
512,2944,132,0,320000,0.25,0.017606
512,2944,133,0,320000,0.25,0.014378
512,2944,134,0,320000,0.25,0.01534
512,2944,135,0,320000,0.25,0.023858
512,2944,136,0,320000,0.25,0.009472
512,2944,137,0,320000,0.25,0.023261
512,2944,138,0,320000,0.25,0.022334
512,2944,139,0,320000,0.25,0.023233
512,2944,140,0,320000,0.25,0.012229
512,2944,141,0,320000,0.25,0.011363
512,2944,142,0,320000,0.25,0.026905
512,2944,143,0,320000,0.25,0.016959
512,2944,144,0,320000,0.25,0.018846
512,2944,145,0,320000,0.25,0.026618
512,2944,146,0,320000,0.25,0.027981
512,2944,147,0,320000,0.25,0.020931
512,2944,148,0,320000,0.25,0.029
512,2944,149,0,320000,0.25,0.024326
512,2944,150,0,320000,0.25,0.01496
512,2944,151,0,320000,0.25,0.015178
512,2944,152,0,320000,0.25,0.01327
512,2944,153,0,320000,0.25,0.010058
512,2944,154,0,320000,0.25,0.021085
512,2944,155,0,320000,0.25,0.020148
512,2944,156,0,320000,0.25,0.028511
512,2944,157,0,320000,0.25,0.031786
512,2944,158,0,320000,0.25,0.016165
512,2944,159,0,320000,0.25,0.015457
512,2944,160,0,320000,0.25,0.018149
512,2944,161,0,320000,0.25,0.011903
512,2944,162,0,320000,0.25,0.01751
512,2944,163,0,320000,0.25,0.020922
512,2944,164,0,320000,0.25,0.027264
512,2944,165,0,320000,0.25,0.026994
512,2944,166,0,320000,0.25,0.007585
512,2944,167,0,320000,0.25,0.027445
512,2944,168,0,320000,0.25,0.012613
512,2944,169,0,320000,0.25,0.022696
512,2944,170,0,320000,0.25,0.016553
512,2944,171,0,320000,0.25,0.013762
512,2944,172,0,320000,0.25,0.025729
512,2944,173,0,320000,0.25,0.021626
512,2944,174,0,320000,0.25,0.010463
512,2944,175,0,320000,0.25,0.028468
512,2944,176,0,320000,0.25,0.040271
512,2944,177,0,320000,0.25,0.023334
512,2944,178,0,320000,0.25,0.017974
512,2944,179,0,320000,0.25,0.025476
512,2944,180,0,320000,0.25,0.019259
512,2944,181,0,320000,0.25,0.018059
512,2944,182,0,320000,0.25,0.039684
512,2944,183,0,320000,0.25,0.016186
512,2944,184,0,320000,0.25,0.015588
512,2944,185,0,320000,0.25,0.017658
512,2944,186,0,320000,0.25,0.013138
512,2944,187,0,320000,0.25,0.017383
512,2944,188,0,320000,0.25,0.017422
512,2944,189,0,320000,0.25,0.016563
512,2944,190,0,320000,0.25,0.017203
512,2944,191,0,320000,0.25,0.017931
512,2944,192,0,320000,0.25,0.028554
512,2944,193,0,320000,0.25,0.015041
512,2944,194,0,320000,0.25,0.020477
512,2944,195,0,320000,0.25,0.0183
512,2944,196,0,320000,0.25,0.013047
512,2944,197,0,320000,0.25,0.024017
512,2944,198,0,320000,0.25,0.017359
512,2944,199,0,320000,0.25,0.008585
512,2944,200,0,320000,0.25,0.026061
512,2944,201,0,320000,0.25,0.009556
512,2944,202,0,320000,0.25,0.023294
512,2944,203,0,320000,0.25,0.016198
512,2944,204,0,320000,0.25,0.024988
512,2944,205,0,320000,0.25,0.019326
512,2944,206,0,320000,0.25,0.024001
512,2944,207,0,320000,0.25,0.022601
512,2944,208,0,320000,0.25,0.017266
512,2944,209,0,320000,0.25,0.022466
512,2944,210,0,320000,0.25,0.016014
512,2944,211,0,320000,0.25,0.031161
512,2944,212,0,320000,0.25,0.020055
512,2944,213,0,320000,0.25,0.026185
512,2944,214,0,320000,0.25,0.024993
512,2944,215,0,320000,0.25,0.020184
512,2944,216,0,320000,0.25,0.022017
512,2944,217,0,320000,0.25,0.021516
512,2944,218,0,320000,0.25,0.025079
512,2944,219,0,320000,0.25,0.015681
512,2944,220,0,320000,0.25,0.020209
512,2944,221,0,320000,0.25,0.025473
512,2944,222,0,320000,0.25,0.015817
512,2944,223,0,320000,0.25,0.018675
512,2944,224,0,320000,0.25,0.013046
512,2944,225,0,320000,0.25,0.017064
512,2944,226,0,320000,0.25,0.035068
512,2944,227,0,320000,0.25,0.01924
512,2944,228,0,320000,0.25,0.019538
512,2944,229,0,320000,0.25,0.027195
512,2944,230,0,320000,0.25,0.023861
512,2944,231,0,320000,0.25,0.037327
512,2944,232,0,320000,0.25,0.014058
512,2944,233,0,320000,0.25,0.01851
512,2944,234,0,320000,0.25,0.017282
512,2944,235,0,320000,0.25,0.017149
512,2944,236,0,320000,0.25,0.01618
512,2944,237,0,320000,0.25,0.021748
512,2944,238,0,320000,0.25,0.015679
512,2944,239,0,320000,0.25,0.02238
512,2944,240,0,320000,0.25,0.01531
512,2944,241,0,320000,0.25,0.027715
512,2944,242,0,320000,0.25,0.016282
512,2944,243,0,320000,0.25,0.024214
512,2944,244,0,320000,0.25,0.028227
512,2944,245,0,320000,0.25,0.014796
512,2944,246,0,320000,0.25,0.017343
512,2944,247,0,320000,0.25,0.022371
512,2944,248,0,320000,0.25,0.021014
512,2944,249,0,320000,0.25,0.018432
512,2944,250,0,320000,0.25,0.012301
512,2944,251,0,320000,0.25,0.0269
512,2944,252,0,320000,0.25,0.023132
512,2944,253,0,320000,0.25,0.020986
512,2944,254,0,320000,0.25,0.023348
512,2944,255,0,320000,0.25,0.015308
512,2944,256,0,320000,0.25,0.019407
512,2944,257,0,320000,0.25,0.015178
512,2944,258,0,320000,0.25,0.018244
512,2944,259,0,320000,0.25,0.02228
512,2944,260,0,320000,0.25,0.014438
512,2944,261,0,320000,0.25,0.01664
512,2944,262,0,320000,0.25,0.016225
512,2944,263,0,320000,0.25,0.027487
512,2944,264,0,320000,0.25,0.022947
512,2944,265,0,320000,0.25,0.018417
512,2944,266,0,320000,0.25,0.016118
512,2944,267,0,320000,0.25,0.013206
512,2944,268,0,320000,0.25,0.031018
512,2944,269,0,320000,0.25,0.017886
512,2944,270,0,320000,0.25,0.021192
512,2944,271,0,320000,0.25,0.024127
512,2944,272,0,320000,0.25,0.012009
512,2944,273,0,320000,0.25,0.022995
512,2944,274,0,320000,0.25,0.02493
512,2944,275,0,320000,0.25,0.008976
512,2944,276,0,320000,0.25,0.030525
512,2944,277,0,320000,0.25,0.014965
512,2944,278,0,320000,0.25,0.024493
512,2944,279,0,320000,0.25,0.016081
512,2944,280,0,320000,0.25,0.029308
512,2944,281,0,320000,0.25,0.011057
512,2944,282,0,320000,0.25,0.022498
512,2944,283,0,320000,0.25,0.016949
512,2944,284,0,320000,0.25,0.027502
512,2944,285,0,320000,0.25,0.02432
512,2944,286,0,320000,0.25,0.013397
512,2944,287,0,320000,0.25,0.00783
512,2944,288,0,320000,0.25,0.006682
512,2944,289,0,320000,0.25,0.009607
512,2944,290,0,320000,0.25,0.018631
512,2944,291,0,320000,0.25,0.012889
512,2944,292,0,320000,0.25,0.020622
512,2944,293,0,320000,0.25,0.03083
512,2944,294,0,320000,0.25,0.022677
512,2944,295,0,320000,0.25,0.024687
512,2944,296,0,320000,0.25,0.04016
512,2944,297,0,320000,0.25,0.016842
512,2944,298,0,320000,0.25,0.017304
512,2944,299,0,320000,0.25,0.0257
512,2944,300,0,320000,0.25,0.024018
512,2944,301,0,320000,0.25,0.020159
512,2944,302,0,320000,0.25,0.012709
512,2944,303,0,320000,0.25,0.021983
512,2944,304,0,320000,0.25,0.016177
512,2944,305,0,320000,0.25,0.012175
512,2944,306,0,320000,0.25,0.024299
512,2944,307,0,320000,0.25,0.020535
512,2944,308,0,320000,0.25,0.023105
512,2944,309,0,320000,0.25,0.018817
512,2944,310,0,320000,0.25,0.019521
512,2944,311,0,320000,0.25,0.021016
512,2944,312,0,320000,0.25,0.016282
512,2944,313,0,320000,0.25,0.013043
512,2944,314,0,320000,0.25,0.017203
512,2944,315,0,320000,0.25,0.021987
512,2944,316,0,320000,0.25,0.015705
512,2944,317,0,320000,0.25,0.009738
512,2944,318,0,320000,0.25,0.008654
512,2944,319,0,320000,0.25,0.013196
512,2944,320,0,320000,0.25,0.014572
512,2944,321,0,320000,0.25,0.014248
512,2944,322,0,320000,0.25,0.011507
512,2944,323,0,320000,0.25,0.006156
512,2944,324,0,320000,0.25,0.024443
512,2944,325,0,320000,0.25,0.011748
512,2944,326,0,320000,0.25,0.02863
512,2944,327,0,320000,0.25,0.009322
512,2944,328,0,320000,0.25,0.010306
512,2944,329,0,320000,0.25,0.008162
512,2944,330,0,320000,0.25,0.015625
512,2944,331,0,320000,0.25,0.010407
512,2944,332,0,320000,0.25,0.010317
512,2944,333,0,320000,0.25,0.009168
512,2944,334,0,320000,0.25,0.008364
512,2944,335,0,320000,0.25,0.026844
512,2944,336,0,320000,0.25,0.012841
512,2944,337,0,320000,0.25,0.01232
512,2944,338,0,320000,0.25,0.010904
512,2944,339,0,320000,0.25,0.00703
512,2944,340,0,320000,0.25,0.007845
512,2944,341,0,320000,0.25,0.018498
512,2944,342,0,320000,0.25,0.022478
512,2944,343,0,320000,0.25,0.013101
512,2944,344,0,320000,0.25,0.014606
512,2944,345,0,320000,0.25,0.01001
512,2944,346,0,320000,0.25,0.008678
512,2944,347,0,320000,0.25,0.015757
512,2944,348,0,320000,0.25,0.015545
512,2944,349,0,320000,0.25,0.00919
512,2944,350,0,320000,0.25,0.016245
512,2944,351,0,320000,0.25,0.013348
512,2944,352,0,320000,0.25,0.008306
512,2944,353,0,320000,0.25,0.006155
512,2944,354,0,320000,0.25,0.0102
512,2944,355,0,320000,0.25,0.024804
512,2944,356,0,320000,0.25,0.012898
512,2944,357,0,320000,0.25,0.030054
512,2944,358,0,320000,0.25,0.014766
512,2944,359,0,320000,0.25,0.007977
512,2944,360,0,320000,0.25,0.019472
512,2944,361,0,320000,0.25,0.016083
512,2944,362,0,320000,0.25,0.02345
512,2944,363,0,320000,0.25,0.014851
512,2944,364,0,320000,0.25,0.019803
512,2944,365,0,320000,0.25,0.015447
512,2944,366,0,320000,0.25,0.020622
512,2944,367,0,320000,0.25,0.022587
512,2944,368,0,320000,0.25,0.014635
512,2944,369,0,320000,0.25,0.015721
512,2944,370,0,320000,0.25,0.012471
512,2944,371,0,320000,0.25,0.008302
512,2944,372,0,320000,0.25,0.017725
512,2944,373,0,320000,0.25,0.016777
512,2944,374,0,320000,0.25,0.023466
512,2944,375,0,320000,0.25,0.014696
512,2944,376,0,320000,0.25,0.009791
512,2944,377,0,320000,0.25,0.009538
512,2944,378,0,320000,0.25,0.007094
512,2944,379,0,320000,0.25,0.017308
512,2944,380,0,320000,0.25,0.016685
512,2944,381,0,320000,0.25,0.02151
512,2944,382,0,320000,0.25,0.013371
512,2944,383,0,320000,0.25,0.009252
512,2944,384,0,320000,0.25,0.01894
512,2944,385,0,320000,0.25,0.006171
512,2944,386,0,320000,0.25,0.018417
512,2944,387,0,320000,0.25,0.016193
512,2944,388,0,320000,0.25,0.008604
512,2944,389,0,320000,0.25,0.009915
512,2944,390,0,320000,0.25,0.011449
512,2944,391,0,320000,0.25,0.012909
512,2944,392,0,320000,0.25,0.012512
512,2944,393,0,320000,0.25,0.006368
512,2944,394,0,320000,0.25,0.009645
512,2944,395,0,320000,0.25,0.016109
512,2944,396,0,320000,0.25,0.016754
512,2944,397,0,320000,0.25,0.01797
512,2944,398,0,320000,0.25,0.016177
512,2944,399,0,320000,0.25,0.009443
512,2944,400,0,320000,0.25,0.017012
512,3046,1,0,320000,0.25,0.056761
512,3046,2,0,320000,0.25,0.01015
512,3046,3,0,320000,0.25,0.02891
512,3046,4,0,320000,0.25,0.01919
512,3046,5,0,320000,0.25,0.031175
512,3046,6,0,320000,0.25,0.019914
512,3046,7,0,320000,0.25,0.046308
512,3046,8,0,320000,0.25,0.025052
512,3046,9,0,320000,0.25,0.018003
512,3046,10,0,320000,0.25,0.020041
512,3046,11,0,320000,0.25,0.126205
512,3046,12,0,320000,0.25,0.036693
512,3046,13,0,320000,0.25,0.025935
512,3046,14,0,320000,0.25,0.035261
512,3046,15,0,320000,0.25,0.047648
512,3046,16,0,320000,0.25,0.076033
512,3046,17,0,320000,0.25,0.08487
512,3046,18,0,320000,0.25,0.012627
512,3046,19,0,320000,0.25,0.007026
512,3046,20,0,320000,0.25,0.033148
512,3046,21,0,320000,0.25,0.029076
512,3046,22,0,320000,0.25,0.027225
512,3046,23,0,320000,0.25,0.019437
512,3046,24,0,320000,0.25,0.007729
512,3046,25,0,320000,0.25,0.027356
512,3046,26,0,320000,0.25,0.022053
512,3046,27,0,320000,0.25,0.017516
512,3046,28,0,320000,0.25,0.064131
512,3046,29,0,320000,0.25,0.03162
512,3046,30,0,320000,0.25,0.022541
512,3046,31,0,320000,0.25,0.029533
512,3046,32,0,320000,0.25,0.026057
512,3046,33,0,320000,0.25,0.034281
512,3046,34,0,320000,0.25,0.023184
512,3046,35,0,320000,0.25,0.021725
512,3046,36,0,320000,0.25,0.038529
512,3046,37,0,320000,0.25,0.042232
512,3046,38,0,320000,0.25,0.044781
512,3046,39,0,320000,0.25,0.062482
512,3046,40,0,320000,0.25,0.011734
512,3046,41,0,320000,0.25,0.042512
512,3046,42,0,320000,0.25,0.01655
512,3046,43,0,320000,0.25,0.032365
512,3046,44,0,320000,0.25,0.023563
512,3046,45,0,320000,0.25,0.019506
512,3046,46,0,320000,0.25,0.020042
512,3046,47,0,320000,0.25,0.032958
512,3046,48,0,320000,0.25,0.072924
512,3046,49,0,320000,0.25,0.01337
512,3046,50,0,320000,0.25,0.033905
512,3046,51,0,320000,0.25,0.032386
512,3046,52,0,320000,0.25,0.012117
512,3046,53,0,320000,0.25,0.067454
512,3046,54,0,320000,0.25,0.016422
512,3046,55,0,320000,0.25,0.018716
512,3046,56,0,320000,0.25,0.010017
512,3046,57,0,320000,0.25,0.032927
512,3046,58,0,320000,0.25,0.03838
512,3046,59,0,320000,0.25,0.049318
512,3046,60,0,320000,0.25,0.032361
512,3046,61,0,320000,0.25,0.037951
512,3046,62,0,320000,0.25,0.014978
512,3046,63,0,320000,0.25,0.016318
512,3046,64,0,320000,0.25,0.044478
512,3046,65,0,320000,0.25,0.071236
512,3046,66,0,320000,0.25,0.029153
512,3046,67,0,320000,0.25,0.035613
512,3046,68,0,320000,0.25,0.034469
512,3046,69,0,320000,0.25,0.020217
512,3046,70,0,320000,0.25,0.012208
512,3046,71,0,320000,0.25,0.023471
512,3046,72,0,320000,0.25,0.019663
512,3046,73,0,320000,0.25,0.062069
512,3046,74,0,320000,0.25,0.023341
512,3046,75,0,320000,0.25,0.021718
512,3046,76,0,320000,0.25,0.018132
512,3046,77,0,320000,0.25,0.052551
512,3046,78,0,320000,0.25,0.036531
512,3046,79,0,320000,0.25,0.019592
512,3046,80,0,320000,0.25,0.020534
512,3046,81,0,320000,0.25,0.044518
512,3046,82,0,320000,0.25,0.015622
512,3046,83,0,320000,0.25,0.026387
512,3046,84,0,320000,0.25,0.049797
512,3046,85,0,320000,0.25,0.01118
512,3046,86,0,320000,0.25,0.031054
512,3046,87,0,320000,0.25,0.046469
512,3046,88,0,320000,0.25,0.011562
512,3046,89,0,320000,0.25,0.012383
512,3046,90,0,320000,0.25,0.02469
512,3046,91,0,320000,0.25,0.019112
512,3046,92,0,320000,0.25,0.034622
512,3046,93,0,320000,0.25,0.022129
512,3046,94,0,320000,0.25,0.015074
512,3046,95,0,320000,0.25,0.014722
512,3046,96,0,320000,0.25,0.022806
512,3046,97,0,320000,0.25,0.02001
512,3046,98,0,320000,0.25,0.051821
512,3046,99,0,320000,0.25,0.038083
512,3046,100,0,320000,0.25,0.03399
512,3046,101,0,320000,0.25,0.018647
512,3046,102,0,320000,0.25,0.042888
512,3046,103,0,320000,0.25,0.026787
512,3046,104,0,320000,0.25,0.049043
512,3046,105,0,320000,0.25,0.020125
512,3046,106,0,320000,0.25,0.039592
512,3046,107,0,320000,0.25,0.026732
512,3046,108,0,320000,0.25,0.033363
512,3046,109,0,320000,0.25,0.027532
512,3046,110,0,320000,0.25,0.017618
512,3046,111,0,320000,0.25,0.03558
512,3046,112,0,320000,0.25,0.039625
512,3046,113,0,320000,0.25,0.04539
512,3046,114,0,320000,0.25,0.02418
512,3046,115,0,320000,0.25,0.028689
512,3046,116,0,320000,0.25,0.040157
512,3046,117,0,320000,0.25,0.03133
512,3046,118,0,320000,0.25,0.02287
512,3046,119,0,320000,0.25,0.056245
512,3046,120,0,320000,0.25,0.048268
512,3046,121,0,320000,0.25,0.023693
512,3046,122,0,320000,0.25,0.021965
512,3046,123,0,320000,0.25,0.047051
512,3046,124,0,320000,0.25,0.029931
512,3046,125,0,320000,0.25,0.025976
512,3046,126,0,320000,0.25,0.026109
512,3046,127,0,320000,0.25,0.039046
512,3046,128,0,320000,0.25,0.024602
512,3046,129,0,320000,0.25,0.034677
512,3046,130,0,320000,0.25,0.029886
512,3046,131,0,320000,0.25,0.030039
512,3046,132,0,320000,0.25,0.031683
512,3046,133,0,320000,0.25,0.065238
512,3046,134,0,320000,0.25,0.066411
512,3046,135,0,320000,0.25,0.071535
512,3046,136,0,320000,0.25,0.050942
512,3046,137,0,320000,0.25,0.028211
512,3046,138,0,320000,0.25,0.027885
512,3046,139,0,320000,0.25,0.030565
512,3046,140,0,320000,0.25,0.033111
512,3046,141,0,320000,0.25,0.026722
512,3046,142,0,320000,0.25,0.020114
512,3046,143,0,320000,0.25,0.045659
512,3046,144,0,320000,0.25,0.04608
512,3046,145,0,320000,0.25,0.047881
512,3046,146,0,320000,0.25,0.020491
512,3046,147,0,320000,0.25,0.021586
512,3046,148,0,320000,0.25,0.037595
512,3046,149,0,320000,0.25,0.033059
512,3046,150,0,320000,0.25,0.010757
512,3046,151,0,320000,0.25,0.023173
512,3046,152,0,320000,0.25,0.031016
512,3046,153,0,320000,0.25,0.034004
512,3046,154,0,320000,0.25,0.02514
512,3046,155,0,320000,0.25,0.022625
512,3046,156,0,320000,0.25,0.019525
512,3046,157,0,320000,0.25,0.044058
512,3046,158,0,320000,0.25,0.016099
512,3046,159,0,320000,0.25,0.014719
512,3046,160,0,320000,0.25,0.048366
512,3046,161,0,320000,0.25,0.033796
512,3046,162,0,320000,0.25,0.043421
512,3046,163,0,320000,0.25,0.038091
512,3046,164,0,320000,0.25,0.040747
512,3046,165,0,320000,0.25,0.028202
512,3046,166,0,320000,0.25,0.063518
512,3046,167,0,320000,0.25,0.043315
512,3046,168,0,320000,0.25,0.025425
512,3046,169,0,320000,0.25,0.061383
512,3046,170,0,320000,0.25,0.037505
512,3046,171,0,320000,0.25,0.037542
512,3046,172,0,320000,0.25,0.038657
512,3046,173,0,320000,0.25,0.016761
512,3046,174,0,320000,0.25,0.03341
512,3046,175,0,320000,0.25,0.026835
512,3046,176,0,320000,0.25,0.028831
512,3046,177,0,320000,0.25,0.01759
512,3046,178,0,320000,0.25,0.045567
512,3046,179,0,320000,0.25,0.02347
512,3046,180,0,320000,0.25,0.014417
512,3046,181,0,320000,0.25,0.041084
512,3046,182,0,320000,0.25,0.025086
512,3046,183,0,320000,0.25,0.03464
512,3046,184,0,320000,0.25,0.014436
512,3046,185,0,320000,0.25,0.013939
512,3046,186,0,320000,0.25,0.022108
512,3046,187,0,320000,0.25,0.059878
512,3046,188,0,320000,0.25,0.011072
512,3046,189,0,320000,0.25,0.018999
512,3046,190,0,320000,0.25,0.023615
512,3046,191,0,320000,0.25,0.023006
512,3046,192,0,320000,0.25,0.039015
512,3046,193,0,320000,0.25,0.031526
512,3046,194,0,320000,0.25,0.01835
512,3046,195,0,320000,0.25,0.019294
512,3046,196,0,320000,0.25,0.02417
512,3046,197,0,320000,0.25,0.013756
512,3046,198,0,320000,0.25,0.009081
512,3046,199,0,320000,0.25,0.028069
512,3046,200,0,320000,0.25,0.029252
512,3046,201,0,320000,0.25,0.018957
512,3046,202,0,320000,0.25,0.058834
512,3046,203,0,320000,0.25,0.031744
512,3046,204,0,320000,0.25,0.039716
512,3046,205,0,320000,0.25,0.018634
512,3046,206,0,320000,0.25,0.022453
512,3046,207,0,320000,0.25,0.019947
512,3046,208,0,320000,0.25,0.018617
512,3046,209,0,320000,0.25,0.032218
512,3046,210,0,320000,0.25,0.035145
512,3046,211,0,320000,0.25,0.025049
512,3046,212,0,320000,0.25,0.025933
512,3046,213,0,320000,0.25,0.054718
512,3046,214,0,320000,0.25,0.063918
512,3046,215,0,320000,0.25,0.036174
512,3046,216,0,320000,0.25,0.069562
512,3046,217,0,320000,0.25,0.037341
512,3046,218,0,320000,0.25,0.044132
512,3046,219,0,320000,0.25,0.063315
512,3046,220,0,320000,0.25,0.06735
512,3046,221,0,320000,0.25,0.027839
512,3046,222,0,320000,0.25,0.028675
512,3046,223,0,320000,0.25,0.021534
512,3046,224,0,320000,0.25,0.025801
512,3046,225,0,320000,0.25,0.042562
512,3046,226,0,320000,0.25,0.022516
512,3046,227,0,320000,0.25,0.029422
512,3046,228,0,320000,0.25,0.032994
512,3046,229,0,320000,0.25,0.015021
512,3046,230,0,320000,0.25,0.031427
512,3046,231,0,320000,0.25,0.033734
512,3046,232,0,320000,0.25,0.026719
512,3046,233,0,320000,0.25,0.055265
512,3046,234,0,320000,0.25,0.026199
512,3046,235,0,320000,0.25,0.023298
512,3046,236,0,320000,0.25,0.039658
512,3046,237,0,320000,0.25,0.035686
512,3046,238,0,320000,0.25,0.014608
512,3046,239,0,320000,0.25,0.022446
512,3046,240,0,320000,0.25,0.041114
512,3046,241,0,320000,0.25,0.015617
512,3046,242,0,320000,0.25,0.011056
512,3046,243,0,320000,0.25,0.037674
512,3046,244,0,320000,0.25,0.025935
512,3046,245,0,320000,0.25,0.030508
512,3046,246,0,320000,0.25,0.017114
512,3046,247,0,320000,0.25,0.027258
512,3046,248,0,320000,0.25,0.05909
512,3046,249,0,320000,0.25,0.048463
512,3046,250,0,320000,0.25,0.025752
512,3046,251,0,320000,0.25,0.032342
512,3046,252,0,320000,0.25,0.032341
512,3046,253,0,320000,0.25,0.031017
512,3046,254,0,320000,0.25,0.023965
512,3046,255,0,320000,0.25,0.021756
512,3046,256,0,320000,0.25,0.026512
512,3046,257,0,320000,0.25,0.024861
512,3046,258,0,320000,0.25,0.032012
512,3046,259,0,320000,0.25,0.017993
512,3046,260,0,320000,0.25,0.045799
512,3046,261,0,320000,0.25,0.03821
512,3046,262,0,320000,0.25,0.047845
512,3046,263,0,320000,0.25,0.07971
512,3046,264,0,320000,0.25,0.10998
512,3046,265,0,320000,0.25,0.031416
512,3046,266,0,320000,0.25,0.042474
512,3046,267,0,320000,0.25,0.063172
512,3046,268,0,320000,0.25,0.030828
512,3046,269,0,320000,0.25,0.04771
512,3046,270,0,320000,0.25,0.01693
512,3046,271,0,320000,0.25,0.018454
512,3046,272,0,320000,0.25,0.014325
512,3046,273,0,320000,0.25,0.036082
512,3046,274,0,320000,0.25,0.059376
512,3046,275,0,320000,0.25,0.024998
512,3046,276,0,320000,0.25,0.023724
512,3046,277,0,320000,0.25,0.030744
512,3046,278,0,320000,0.25,0.021826
512,3046,279,0,320000,0.25,0.041526
512,3046,280,0,320000,0.25,0.009179
512,3046,281,0,320000,0.25,0.026433
512,3046,282,0,320000,0.25,0.034707
512,3046,283,0,320000,0.25,0.020161
512,3046,284,0,320000,0.25,0.021287
512,3046,285,0,320000,0.25,0.029077
512,3046,286,0,320000,0.25,0.022682
512,3046,287,0,320000,0.25,0.016713
512,3046,288,0,320000,0.25,0.023338
512,3046,289,0,320000,0.25,0.048198
512,3046,290,0,320000,0.25,0.035106
512,3046,291,0,320000,0.25,0.018585
512,3046,292,0,320000,0.25,0.026968
512,3046,293,0,320000,0.25,0.047143
512,3046,294,0,320000,0.25,0.031336
512,3046,295,0,320000,0.25,0.048259
512,3046,296,0,320000,0.25,0.024029
512,3046,297,0,320000,0.25,0.015599
512,3046,298,0,320000,0.25,0.033321
512,3046,299,0,320000,0.25,0.023215
512,3046,300,0,320000,0.25,0.025047
512,3046,301,0,320000,0.25,0.05138
512,3046,302,0,320000,0.25,0.036644
512,3046,303,0,320000,0.25,0.029465
512,3046,304,0,320000,0.25,0.033174
512,3046,305,0,320000,0.25,0.031859
512,3046,306,0,320000,0.25,0.009261
512,3046,307,0,320000,0.25,0.015465
512,3046,308,0,320000,0.25,0.052701
512,3046,309,0,320000,0.25,0.028373
512,3046,310,0,320000,0.25,0.032849
512,3046,311,0,320000,0.25,0.030674
512,3046,312,0,320000,0.25,0.01614
512,3046,313,0,320000,0.25,0.022896
512,3046,314,0,320000,0.25,0.036811
512,3046,315,0,320000,0.25,0.023306
512,3046,316,0,320000,0.25,0.046615
512,3046,317,0,320000,0.25,0.048032
512,3046,318,0,320000,0.25,0.037546
512,3046,319,0,320000,0.25,0.037489
512,3046,320,0,320000,0.25,0.03198
512,3046,321,0,320000,0.25,0.037583
512,3046,322,0,320000,0.25,0.022346
512,3046,323,0,320000,0.25,0.022246
512,3046,324,0,320000,0.25,0.030842
512,3046,325,0,320000,0.25,0.016415
512,3046,326,0,320000,0.25,0.012188
512,3046,327,0,320000,0.25,0.020114
512,3046,328,0,320000,0.25,0.043181
512,3046,329,0,320000,0.25,0.035917
512,3046,330,0,320000,0.25,0.036482
512,3046,331,0,320000,0.25,0.030868
512,3046,332,0,320000,0.25,0.044607
512,3046,333,0,320000,0.25,0.017734
512,3046,334,0,320000,0.25,0.012371
512,3046,335,0,320000,0.25,0.040717
512,3046,336,0,320000,0.25,0.03534
512,3046,337,0,320000,0.25,0.014947
512,3046,338,0,320000,0.25,0.016518
512,3046,339,0,320000,0.25,0.035015
512,3046,340,0,320000,0.25,0.053704
512,3046,341,0,320000,0.25,0.029728
512,3046,342,0,320000,0.25,0.043509
512,3046,343,0,320000,0.25,0.031842
512,3046,344,0,320000,0.25,0.014507
512,3046,345,0,320000,0.25,0.021684
512,3046,346,0,320000,0.25,0.028066
512,3046,347,0,320000,0.25,0.025589
512,3046,348,0,320000,0.25,0.030954
512,3046,349,0,320000,0.25,0.020214
512,3046,350,0,320000,0.25,0.032243
512,3046,351,0,320000,0.25,0.063017
512,3046,352,0,320000,0.25,0.018341
512,3046,353,0,320000,0.25,0.044502
512,3046,354,0,320000,0.25,0.036774
512,3046,355,0,320000,0.25,0.10934
512,3046,356,0,320000,0.25,0.030396
512,3046,357,0,320000,0.25,0.027464
512,3046,358,0,320000,0.25,0.094908
512,3046,359,0,320000,0.25,0.038287
512,3046,360,0,320000,0.25,0.011828
512,3046,361,0,320000,0.25,0.024894
512,3046,362,0,320000,0.25,0.007926
512,3046,363,0,320000,0.25,0.02076
512,3046,364,0,320000,0.25,0.03973
512,3046,365,0,320000,0.25,0.073043
512,3046,366,0,320000,0.25,0.015716
512,3046,367,0,320000,0.25,0.019821
512,3046,368,0,320000,0.25,0.032942
512,3046,369,0,320000,0.25,0.080835
512,3046,370,0,320000,0.25,0.016597
512,3046,371,0,320000,0.25,0.075199
512,3046,372,0,320000,0.25,0.036131
512,3046,373,0,320000,0.25,0.039248
512,3046,374,0,320000,0.25,0.016927
512,3046,375,0,320000,0.25,0.025138
512,3046,376,0,320000,0.25,0.02674
512,3046,377,0,320000,0.25,0.040926
512,3046,378,0,320000,0.25,0.043601
512,3046,379,0,320000,0.25,0.023351
512,3046,380,0,320000,0.25,0.018421
512,3046,381,0,320000,0.25,0.029712
512,3046,382,0,320000,0.25,0.018867
512,3046,383,0,320000,0.25,0.017039
512,3046,384,0,320000,0.25,0.019075
512,3046,385,0,320000,0.25,0.034365
512,3046,386,0,320000,0.25,0.023333
512,3046,387,0,320000,0.25,0.018253
512,3046,388,0,320000,0.25,0.037914
512,3046,389,0,320000,0.25,0.027208
512,3046,390,0,320000,0.25,0.036025
512,3046,391,0,320000,0.25,0.019588
512,3046,392,0,320000,0.25,0.014138
512,3046,393,0,320000,0.25,0.027877
512,3046,394,0,320000,0.25,0.015393
512,3046,395,0,320000,0.25,0.016804
512,3046,396,0,320000,0.25,0.027206
512,3046,397,0,320000,0.25,0.039671
512,3046,398,0,320000,0.25,0.050998
512,3046,399,0,320000,0.25,0.042969
512,3046,400,0,320000,0.25,0.020588
512,3149,1,0,320000,0.25,0.046763
512,3149,2,0,320000,0.25,0.089609
512,3149,3,0,320000,0.25,0.118088
512,3149,4,0,320000,0.25,0.079644
512,3149,5,0,320000,0.25,0.073497
512,3149,6,0,320000,0.25,0.206406
512,3149,7,0,320000,0.25,0.058745
512,3149,8,0,320000,0.25,0.05608
512,3149,9,0,320000,0.25,0.132666
512,3149,10,0,320000,0.25,0.077003
512,3149,11,0,320000,0.25,0.03747
512,3149,12,0,320000,0.25,0.040317
512,3149,13,0,320000,0.25,0.079098
512,3149,14,0,320000,0.25,0.061459
512,3149,15,0,320000,0.25,0.059536
512,3149,16,0,320000,0.25,0.138949
512,3149,17,0,320000,0.25,0.129701
512,3149,18,0,320000,0.25,0.04182
512,3149,19,0,320000,0.25,0.032618
512,3149,20,0,320000,0.25,0.143369
512,3149,21,0,320000,0.25,0.353033
512,3149,22,0,320000,0.25,0.132466
512,3149,23,0,320000,0.25,0.042553
512,3149,24,0,320000,0.25,0.144855
512,3149,25,0,320000,0.25,0.05864
512,3149,26,0,320000,0.25,0.049111
512,3149,27,0,320000,0.25,0.306638
512,3149,28,0,320000,0.25,0.138943
512,3149,29,0,320000,0.25,0.024304
512,3149,30,0,320000,0.25,0.146496
512,3149,31,0,320000,0.25,0.025262
512,3149,32,0,320000,0.25,0.039299
512,3149,33,0,320000,0.25,0.170545
512,3149,34,0,320000,0.25,0.03846
512,3149,35,0,320000,0.25,0.122887
512,3149,36,0,320000,0.25,0.076482
512,3149,37,0,320000,0.25,0.219287
512,3149,38,0,320000,0.25,0.080631
512,3149,39,0,320000,0.25,0.02542
512,3149,40,0,320000,0.25,0.031855
512,3149,41,0,320000,0.25,0.326822
512,3149,42,0,320000,0.25,0.087862
512,3149,43,0,320000,0.25,0.036054
512,3149,44,0,320000,0.25,0.025309
512,3149,45,0,320000,0.25,0.025737
512,3149,46,0,320000,0.25,0.045791
512,3149,47,0,320000,0.25,0.050498
512,3149,48,0,320000,0.25,0.071605
512,3149,49,0,320000,0.25,0.065229
512,3149,50,0,320000,0.25,0.097313
512,3149,51,0,320000,0.25,0.121144
512,3149,52,0,320000,0.25,0.05444
512,3149,53,0,320000,0.25,0.379803
512,3149,54,0,320000,0.25,0.062635
512,3149,55,0,320000,0.25,0.032581
512,3149,56,0,320000,0.25,0.342118
512,3149,57,0,320000,0.25,0.042054
512,3149,58,0,320000,0.25,0.14013
512,3149,59,0,320000,0.25,0.165
512,3149,60,0,320000,0.25,0.036092
512,3149,61,0,320000,0.25,0.022472
512,3149,62,0,320000,0.25,0.089534
512,3149,63,0,320000,0.25,0.025654
512,3149,64,0,320000,0.25,0.066633
512,3149,65,0,320000,0.25,0.145287
512,3149,66,0,320000,0.25,0.057293
512,3149,67,0,320000,0.25,0.079581
512,3149,68,0,320000,0.25,0.027011
512,3149,69,0,320000,0.25,0.129764
512,3149,70,0,320000,0.25,0.065001
512,3149,71,0,320000,0.25,0.091163
512,3149,72,0,320000,0.25,0.078234
512,3149,73,0,320000,0.25,0.029178
512,3149,74,0,320000,0.25,0.108299
512,3149,75,0,320000,0.25,0.121549
512,3149,76,0,320000,0.25,0.06838
512,3149,77,0,320000,0.25,0.039905
512,3149,78,0,320000,0.25,0.030282
512,3149,79,0,320000,0.25,0.07717
512,3149,80,0,320000,0.25,0.111422
512,3149,81,0,320000,0.25,0.055396
512,3149,82,0,320000,0.25,0.047197
512,3149,83,0,320000,0.25,0.144507
512,3149,84,0,320000,0.25,0.087176
512,3149,85,0,320000,0.25,0.117727
512,3149,86,0,320000,0.25,0.059134
512,3149,87,0,320000,0.25,0.068672
512,3149,88,0,320000,0.25,0.028177
512,3149,89,0,320000,0.25,0.091339
512,3149,90,0,320000,0.25,0.086039
512,3149,91,0,320000,0.25,0.038263
512,3149,92,0,320000,0.25,0.106665
512,3149,93,0,320000,0.25,0.077722
512,3149,94,0,320000,0.25,0.06573
512,3149,95,0,320000,0.25,0.05962
512,3149,96,0,320000,0.25,0.074597
512,3149,97,0,320000,0.25,0.019352
512,3149,98,0,320000,0.25,0.097323
512,3149,99,0,320000,0.25,0.255944
512,3149,100,0,320000,0.25,0.065337
512,3149,101,0,320000,0.25,0.04673
512,3149,102,0,320000,0.25,0.143079
512,3149,103,0,320000,0.25,0.055471
512,3149,104,0,320000,0.25,0.066581
512,3149,105,0,320000,0.25,0.063126
512,3149,106,0,320000,0.25,0.22982
512,3149,107,0,320000,0.25,0.067817
512,3149,108,0,320000,0.25,0.19085
512,3149,109,0,320000,0.25,0.058682
512,3149,110,0,320000,0.25,0.087467
512,3149,111,0,320000,0.25,0.057927
512,3149,112,0,320000,0.25,0.105544
512,3149,113,0,320000,0.25,0.050593
512,3149,114,0,320000,0.25,0.03849
512,3149,115,0,320000,0.25,0.074079
512,3149,116,0,320000,0.25,0.104029
512,3149,117,0,320000,0.25,0.072554
512,3149,118,0,320000,0.25,0.079435
512,3149,119,0,320000,0.25,0.28108
512,3149,120,0,320000,0.25,0.062287
512,3149,121,0,320000,0.25,0.05739
512,3149,122,0,320000,0.25,0.059615
512,3149,123,0,320000,0.25,0.140386
512,3149,124,0,320000,0.25,0.055499
512,3149,125,0,320000,0.25,0.06366
512,3149,126,0,320000,0.25,0.048921
512,3149,127,0,320000,0.25,0.083429
512,3149,128,0,320000,0.25,0.178487
512,3149,129,0,320000,0.25,0.097165
512,3149,130,0,320000,0.25,0.05347
512,3149,131,0,320000,0.25,0.034208
512,3149,132,0,320000,0.25,0.098301
512,3149,133,0,320000,0.25,0.030532
512,3149,134,0,320000,0.25,0.127028
512,3149,135,0,320000,0.25,0.182036
512,3149,136,0,320000,0.25,0.042105
512,3149,137,0,320000,0.25,0.114524
512,3149,138,0,320000,0.25,0.110118
512,3149,139,0,320000,0.25,0.059736
512,3149,140,0,320000,0.25,0.093115
512,3149,141,0,320000,0.25,0.118185
512,3149,142,0,320000,0.25,0.087617
512,3149,143,0,320000,0.25,0.072433
512,3149,144,0,320000,0.25,0.019666
512,3149,145,0,320000,0.25,0.057603
512,3149,146,0,320000,0.25,0.128115
512,3149,147,0,320000,0.25,0.149168
512,3149,148,0,320000,0.25,0.080645
512,3149,149,0,320000,0.25,0.108262
512,3149,150,0,320000,0.25,0.060918
512,3149,151,0,320000,0.25,0.132584
512,3149,152,0,320000,0.25,0.18609
512,3149,153,0,320000,0.25,0.058868
512,3149,154,0,320000,0.25,0.053739
512,3149,155,0,320000,0.25,0.086869
512,3149,156,0,320000,0.25,0.047801
512,3149,157,0,320000,0.25,0.029905
512,3149,158,0,320000,0.25,0.10007
512,3149,159,0,320000,0.25,0.032058
512,3149,160,0,320000,0.25,0.114468
512,3149,161,0,320000,0.25,0.10324
512,3149,162,0,320000,0.25,0.060774
512,3149,163,0,320000,0.25,0.129691
512,3149,164,0,320000,0.25,0.043845
512,3149,165,0,320000,0.25,0.082776
512,3149,166,0,320000,0.25,0.082981
512,3149,167,0,320000,0.25,0.047142
512,3149,168,0,320000,0.25,0.074692
512,3149,169,0,320000,0.25,0.067307
512,3149,170,0,320000,0.25,0.039552
512,3149,171,0,320000,0.25,0.185803
512,3149,172,0,320000,0.25,0.054761
512,3149,173,0,320000,0.25,0.084173
512,3149,174,0,320000,0.25,0.163999
512,3149,175,0,320000,0.25,0.021705
512,3149,176,0,320000,0.25,0.128646
512,3149,177,0,320000,0.25,0.187608
512,3149,178,0,320000,0.25,0.053279
512,3149,179,0,320000,0.25,0.029985
512,3149,180,0,320000,0.25,0.099008
512,3149,181,0,320000,0.25,0.162619
512,3149,182,0,320000,0.25,0.076278
512,3149,183,0,320000,0.25,0.06615
512,3149,184,0,320000,0.25,0.087541
512,3149,185,0,320000,0.25,0.07307
512,3149,186,0,320000,0.25,0.057584
512,3149,187,0,320000,0.25,0.086017
512,3149,188,0,320000,0.25,0.185301
512,3149,189,0,320000,0.25,0.023182
512,3149,190,0,320000,0.25,0.048975
512,3149,191,0,320000,0.25,0.045296
512,3149,192,0,320000,0.25,0.036661
512,3149,193,0,320000,0.25,0.064576
512,3149,194,0,320000,0.25,0.111432
512,3149,195,0,320000,0.25,0.057134
512,3149,196,0,320000,0.25,0.073415
512,3149,197,0,320000,0.25,0.097815
512,3149,198,0,320000,0.25,0.077784
512,3149,199,0,320000,0.25,0.108434
512,3149,200,0,320000,0.25,0.061853
512,3149,201,0,320000,0.25,0.048376
512,3149,202,0,320000,0.25,0.196868
512,3149,203,0,320000,0.25,0.082943
512,3149,204,0,320000,0.25,0.248789
512,3149,205,0,320000,0.25,0.145842
512,3149,206,0,320000,0.25,0.116689
512,3149,207,0,320000,0.25,0.205713
512,3149,208,0,320000,0.25,0.097844
512,3149,209,0,320000,0.25,0.163706
512,3149,210,0,320000,0.25,0.06922
512,3149,211,0,320000,0.25,0.101462
512,3149,212,0,320000,0.25,0.07549
512,3149,213,0,320000,0.25,0.159693
512,3149,214,0,320000,0.25,0.065536
512,3149,215,0,320000,0.25,0.038165
512,3149,216,0,320000,0.25,0.077604
512,3149,217,0,320000,0.25,0.045817
512,3149,218,0,320000,0.25,0.2066
512,3149,219,0,320000,0.25,0.159648
512,3149,220,0,320000,0.25,0.042567
512,3149,221,0,320000,0.25,0.061603
512,3149,222,0,320000,0.25,0.084598
512,3149,223,0,320000,0.25,0.089988
512,3149,224,0,320000,0.25,0.064614
512,3149,225,0,320000,0.25,0.439387
512,3149,226,0,320000,0.25,0.086059
512,3149,227,0,320000,0.25,0.046616
512,3149,228,0,320000,0.25,0.15471
512,3149,229,0,320000,0.25,0.033194
512,3149,230,0,320000,0.25,0.06288
512,3149,231,0,320000,0.25,0.077094
512,3149,232,0,320000,0.25,0.081573
512,3149,233,0,320000,0.25,0.040809
512,3149,234,0,320000,0.25,0.115898
512,3149,235,0,320000,0.25,0.166111
512,3149,236,0,320000,0.25,0.167236
512,3149,237,0,320000,0.25,0.062313
512,3149,238,0,320000,0.25,0.085541
512,3149,239,0,320000,0.25,0.108137
512,3149,240,0,320000,0.25,0.27475
512,3149,241,0,320000,0.25,0.080655
512,3149,242,0,320000,0.25,0.057995
512,3149,243,0,320000,0.25,0.393503
512,3149,244,0,320000,0.25,0.045227
512,3149,245,0,320000,0.25,0.068757
512,3149,246,0,320000,0.25,0.187769
512,3149,247,0,320000,0.25,0.052395
512,3149,248,0,320000,0.25,0.104416
512,3149,249,0,320000,0.25,0.115578
512,3149,250,0,320000,0.25,0.044455
512,3149,251,0,320000,0.25,0.053867
512,3149,252,0,320000,0.25,0.222967
512,3149,253,0,320000,0.25,0.147966
512,3149,254,0,320000,0.25,0.067591
512,3149,255,0,320000,0.25,0.061747
512,3149,256,0,320000,0.25,0.124777
512,3149,257,0,320000,0.25,0.064063
512,3149,258,0,320000,0.25,0.052265
512,3149,259,0,320000,0.25,0.073833
512,3149,260,0,320000,0.25,0.082396
512,3149,261,0,320000,0.25,0.069639
512,3149,262,0,320000,0.25,0.128418
512,3149,263,0,320000,0.25,0.04097
512,3149,264,0,320000,0.25,0.086121
512,3149,265,0,320000,0.25,0.376258
512,3149,266,0,320000,0.25,0.05449
512,3149,267,0,320000,0.25,0.139743
512,3149,268,0,320000,0.25,0.046948
512,3149,269,0,320000,0.25,0.038619
512,3149,270,0,320000,0.25,0.047421
512,3149,271,0,320000,0.25,0.054208
512,3149,272,0,320000,0.25,0.028554
512,3149,273,0,320000,0.25,0.08365
512,3149,274,0,320000,0.25,0.111935
512,3149,275,0,320000,0.25,0.082006
512,3149,276,0,320000,0.25,0.058368
512,3149,277,0,320000,0.25,0.091843
512,3149,278,0,320000,0.25,0.227361
512,3149,279,0,320000,0.25,0.170232
512,3149,280,0,320000,0.25,0.082366
512,3149,281,0,320000,0.25,0.057336
512,3149,282,0,320000,0.25,0.038775
512,3149,283,0,320000,0.25,0.063602
512,3149,284,0,320000,0.25,0.012155
512,3149,285,0,320000,0.25,0.166188
512,3149,286,0,320000,0.25,0.049849
512,3149,287,0,320000,0.25,0.062381
512,3149,288,0,320000,0.25,0.044118
512,3149,289,0,320000,0.25,0.052604
512,3149,290,0,320000,0.25,0.049485
512,3149,291,0,320000,0.25,0.054024
512,3149,292,0,320000,0.25,0.144482
512,3149,293,0,320000,0.25,0.038638
512,3149,294,0,320000,0.25,0.115668
512,3149,295,0,320000,0.25,0.058597
512,3149,296,0,320000,0.25,0.09584
512,3149,297,0,320000,0.25,0.069507
512,3149,298,0,320000,0.25,0.04887
512,3149,299,0,320000,0.25,0.074961
512,3149,300,0,320000,0.25,0.088652
512,3149,301,0,320000,0.25,0.052535
512,3149,302,0,320000,0.25,0.189133
512,3149,303,0,320000,0.25,0.130342
512,3149,304,0,320000,0.25,0.202622
512,3149,305,0,320000,0.25,0.027756
512,3149,306,0,320000,0.25,0.071855
512,3149,307,0,320000,0.25,0.128735
512,3149,308,0,320000,0.25,0.057754
512,3149,309,0,320000,0.25,0.079067
512,3149,310,0,320000,0.25,0.124729
512,3149,311,0,320000,0.25,0.041984
512,3149,312,0,320000,0.25,0.061938
512,3149,313,0,320000,0.25,0.292656
512,3149,314,0,320000,0.25,0.04458
512,3149,315,0,320000,0.25,0.05918
512,3149,316,0,320000,0.25,0.016541
512,3149,317,0,320000,0.25,0.011513
512,3149,318,0,320000,0.25,0.164739
512,3149,319,0,320000,0.25,0.250289
512,3149,320,0,320000,0.25,0.078318
512,3149,321,0,320000,0.25,0.189538
512,3149,322,0,320000,0.25,0.066771
512,3149,323,0,320000,0.25,0.068174
512,3149,324,0,320000,0.25,0.135174
512,3149,325,0,320000,0.25,0.145936
512,3149,326,0,320000,0.25,0.069841
512,3149,327,0,320000,0.25,0.101
512,3149,328,0,320000,0.25,0.152659
512,3149,329,0,320000,0.25,0.092639
512,3149,330,0,320000,0.25,0.052857
512,3149,331,0,320000,0.25,0.148776
512,3149,332,0,320000,0.25,0.031302
512,3149,333,0,320000,0.25,0.041694
512,3149,334,0,320000,0.25,0.162529
512,3149,335,0,320000,0.25,0.281412
512,3149,336,0,320000,0.25,0.01642
512,3149,337,0,320000,0.25,0.095195
512,3149,338,0,320000,0.25,0.032496
512,3149,339,0,320000,0.25,0.0531
512,3149,340,0,320000,0.25,0.04719
512,3149,341,0,320000,0.25,0.031579
512,3149,342,0,320000,0.25,0.073698
512,3149,343,0,320000,0.25,0.038787
512,3149,344,0,320000,0.25,0.034755
512,3149,345,0,320000,0.25,0.100571
512,3149,346,0,320000,0.25,0.029569
512,3149,347,0,320000,0.25,0.082249
512,3149,348,0,320000,0.25,0.050185
512,3149,349,0,320000,0.25,0.084449
512,3149,350,0,320000,0.25,0.02505
512,3149,351,0,320000,0.25,0.102973
512,3149,352,0,320000,0.25,0.057545
512,3149,353,0,320000,0.25,0.095781
512,3149,354,0,320000,0.25,0.112856
512,3149,355,0,320000,0.25,0.087778
512,3149,356,0,320000,0.25,0.039394
512,3149,357,0,320000,0.25,0.056033
512,3149,358,0,320000,0.25,0.042744
512,3149,359,0,320000,0.25,0.058354
512,3149,360,0,320000,0.25,0.103379
512,3149,361,0,320000,0.25,0.053118
512,3149,362,0,320000,0.25,0.092482
512,3149,363,0,320000,0.25,0.034847
512,3149,364,0,320000,0.25,0.185513
512,3149,365,0,320000,0.25,0.089007
512,3149,366,0,320000,0.25,0.05729
512,3149,367,0,320000,0.25,0.074348
512,3149,368,0,320000,0.25,0.033826
512,3149,369,0,320000,0.25,0.040381
512,3149,370,0,320000,0.25,0.134712
512,3149,371,0,320000,0.25,0.095748
512,3149,372,0,320000,0.25,0.044958
512,3149,373,0,320000,0.25,0.20091
512,3149,374,0,320000,0.25,0.024819
512,3149,375,0,320000,0.25,0.084911
512,3149,376,0,320000,0.25,0.090985
512,3149,377,0,320000,0.25,0.044543
512,3149,378,0,320000,0.25,0.361468
512,3149,379,0,320000,0.25,0.071581
512,3149,380,0,320000,0.25,0.076657
512,3149,381,0,320000,0.25,0.173562
512,3149,382,0,320000,0.25,0.06663
512,3149,383,0,320000,0.25,0.076018
512,3149,384,0,320000,0.25,0.104481
512,3149,385,0,320000,0.25,0.040995
512,3149,386,0,320000,0.25,0.225543
512,3149,387,0,320000,0.25,0.066571
512,3149,388,0,320000,0.25,0.065912
512,3149,389,0,320000,0.25,0.131455
512,3149,390,0,320000,0.25,0.074586
512,3149,391,0,320000,0.25,0.131138
512,3149,392,0,320000,0.25,0.03688
512,3149,393,0,320000,0.25,0.038903
512,3149,394,0,320000,0.25,0.067944
512,3149,395,0,320000,0.25,0.055438
512,3149,396,0,320000,0.25,0.01944
512,3149,397,0,320000,0.25,0.119432
512,3149,398,0,320000,0.25,0.101291
512,3149,399,0,320000,0.25,0.065905
512,3149,400,0,320000,0.25,0.092571
512,3251,1,0,320000,0.25,0.765805
512,3251,2,0,320000,0.25,0.311095
512,3251,3,0,320000,0.25,0.508097
512,3251,4,0,320000,0.25,0.840753
512,3251,5,0,320000,0.25,1.52522
512,3251,6,0,320000,0.25,0.439018
512,3251,7,0,320000,0.25,0.474826
512,3251,8,0,320000,0.25,0.19746
512,3251,9,0,320000,0.25,0.09415
512,3251,10,0,320000,0.25,1.38992
512,3251,11,0,320000,0.25,0.402965
512,3251,12,0,320000,0.25,0.532075
512,3251,13,0,320000,0.25,0.364469
512,3251,14,0,320000,0.25,0.322575
512,3251,15,0,320000,0.25,1.94352
512,3251,16,0,320000,0.25,0.15858
512,3251,17,0,320000,0.25,1.60807
512,3251,18,0,320000,0.25,0.115445
512,3251,19,0,320000,0.25,0.16825
512,3251,20,0,320000,0.25,0.626928
512,3251,21,0,320000,0.25,0.070375
512,3251,22,0,320000,0.25,2.0819
512,3251,23,0,320000,0.25,0.217972
512,3251,24,0,320000,0.25,0.329423
512,3251,25,0,320000,0.25,0.128936
512,3251,26,0,320000,0.25,0.228586
512,3251,27,0,320000,0.25,0.516997
512,3251,28,0,320000,0.25,0.039302
512,3251,29,0,320000,0.25,0.753265
512,3251,30,0,320000,0.25,0.401591
512,3251,31,0,320000,0.25,0.305495
512,3251,32,0,320000,0.25,0.845484
512,3251,33,0,320000,0.25,0.288699
512,3251,34,0,320000,0.25,0.999545
512,3251,35,0,320000,0.25,0.667106
512,3251,36,0,320000,0.25,1.38724
512,3251,37,0,320000,0.25,0.344326
512,3251,38,0,320000,0.25,0.078641
512,3251,39,0,320000,0.25,0.817908
512,3251,40,0,320000,0.25,0.104986
512,3251,41,0,320000,0.25,0.126984
512,3251,42,0,320000,0.25,1.20921
512,3251,43,0,320000,0.25,0.327406
512,3251,44,0,320000,0.25,0.518683
512,3251,45,0,320000,0.25,0.710472
512,3251,46,0,320000,0.25,0.143
512,3251,47,0,320000,0.25,0.53795
512,3251,48,0,320000,0.25,0.559392
512,3251,49,0,320000,0.25,1.45009
512,3251,50,0,320000,0.25,0.359799
512,3251,51,0,320000,0.25,0.368805
512,3251,52,0,320000,0.25,0.532386
512,3251,53,0,320000,0.25,0.259843
512,3251,54,0,320000,0.25,1.10516
512,3251,55,0,320000,0.25,0.376297
512,3251,56,0,320000,0.25,0.286259
512,3251,57,0,320000,0.25,0.215306
512,3251,58,0,320000,0.25,0.019384
512,3251,59,0,320000,0.25,0.087501
512,3251,60,0,320000,0.25,0.275414
512,3251,61,0,320000,0.25,0.193905
512,3251,62,0,320000,0.25,0.032237
512,3251,63,0,320000,0.25,0.691895
512,3251,64,0,320000,0.25,2.426
512,3251,65,0,320000,0.25,0.76681
512,3251,66,0,320000,0.25,0.187805
512,3251,67,0,320000,0.25,0.362647
512,3251,68,0,320000,0.25,0.302219
512,3251,69,0,320000,0.25,0.159507
512,3251,70,0,320000,0.25,1.15574
512,3251,71,0,320000,0.25,0.177735
512,3251,72,0,320000,0.25,1.3143
512,3251,73,0,320000,0.25,0.913199
512,3251,74,0,320000,0.25,0.141157
512,3251,75,0,320000,0.25,0.350559
512,3251,76,0,320000,0.25,0.352544
512,3251,77,0,320000,0.25,1.89533
512,3251,78,0,320000,0.25,2.25548
512,3251,79,0,320000,0.25,0.135186
512,3251,80,0,320000,0.25,1.23261
512,3251,81,0,320000,0.25,0.145988
512,3251,82,0,320000,0.25,0.694032
512,3251,83,0,320000,0.25,0.164901
512,3251,84,0,320000,0.25,0.340648
512,3251,85,0,320000,0.25,0.245476
512,3251,86,0,320000,0.25,0.118037
512,3251,87,0,320000,0.25,1.284
512,3251,88,0,320000,0.25,0.583516
512,3251,89,0,320000,0.25,0.537108
512,3251,90,0,320000,0.25,0.433806
512,3251,91,0,320000,0.25,0.199335
512,3251,92,0,320000,0.25,1.0709
512,3251,93,0,320000,0.25,0.421596
512,3251,94,0,320000,0.25,0.204975
512,3251,95,0,320000,0.25,0.281715
512,3251,96,0,320000,0.25,0.499101
512,3251,97,0,320000,0.25,0.218209
512,3251,98,0,320000,0.25,0.721013
512,3251,99,0,320000,0.25,0.230027
512,3251,100,0,320000,0.25,0.513377
512,3251,101,0,320000,0.25,0.596101
512,3251,102,0,320000,0.25,0.209928
512,3251,103,0,320000,0.25,0.491917
512,3251,104,0,320000,0.25,0.107601
512,3251,105,0,320000,0.25,0.179804
512,3251,106,0,320000,0.25,0.359689
512,3251,107,0,320000,0.25,0.634514
512,3251,108,0,320000,0.25,0.176325
512,3251,109,0,320000,0.25,0.140484
512,3251,110,0,320000,0.25,1.67929
512,3251,111,0,320000,0.25,0.281441
512,3251,112,0,320000,0.25,0.247573
512,3251,113,0,320000,0.25,0.150642
512,3251,114,0,320000,0.25,0.1938
512,3251,115,0,320000,0.25,0.85831
512,3251,116,0,320000,0.25,0.372034
512,3251,117,0,320000,0.25,1.16556
512,3251,118,0,320000,0.25,0.081628
512,3251,119,0,320000,0.25,0.668743
512,3251,120,0,320000,0.25,1.07337
512,3251,121,0,320000,0.25,0.550308
512,3251,122,0,320000,0.25,1.08885
512,3251,123,0,320000,0.25,0.299855
512,3251,124,0,320000,0.25,0.120302
512,3251,125,0,320000,0.25,0.340316
512,3251,126,0,320000,0.25,2.58361
512,3251,127,0,320000,0.25,1.13564
512,3251,128,0,320000,0.25,1.05291
512,3251,129,0,320000,0.25,0.135211
512,3251,130,0,320000,0.25,0.225851
512,3251,131,0,320000,0.25,0.427737
512,3251,132,0,320000,0.25,0.620098
512,3251,133,0,320000,0.25,0.309896
512,3251,134,0,320000,0.25,0.545535
512,3251,135,0,320000,0.25,0.288491
512,3251,136,0,320000,0.25,0.748819
512,3251,137,0,320000,0.25,0.976021
512,3251,138,0,320000,0.25,0.166742
512,3251,139,0,320000,0.25,0.526002
512,3251,140,0,320000,0.25,0.937916
512,3251,141,0,320000,0.25,0.267979
512,3251,142,0,320000,0.25,0.493239
512,3251,143,0,320000,0.25,0.199795
512,3251,144,0,320000,0.25,1.19797
512,3251,145,0,320000,0.25,0.356871
512,3251,146,0,320000,0.25,0.845967
512,3251,147,0,320000,0.25,0.107258
512,3251,148,0,320000,0.25,1.23435
512,3251,149,0,320000,0.25,0.133328
512,3251,150,0,320000,0.25,1.27996
512,3251,151,0,320000,0.25,0.167969
512,3251,152,0,320000,0.25,0.660845
512,3251,153,0,320000,0.25,0.44161
512,3251,154,0,320000,0.25,0.720163
512,3251,155,0,320000,0.25,0.117885
512,3251,156,0,320000,0.25,0.159927
512,3251,157,0,320000,0.25,0.318315
512,3251,158,0,320000,0.25,0.316545
512,3251,159,0,320000,0.25,0.281788
512,3251,160,0,320000,0.25,0.105685
512,3251,161,0,320000,0.25,0.177568
512,3251,162,0,320000,0.25,0.289042
512,3251,163,0,320000,0.25,0.266366
512,3251,164,0,320000,0.25,0.818423
512,3251,165,0,320000,0.25,1.68347
512,3251,166,0,320000,0.25,0.646959
512,3251,167,0,320000,0.25,0.096136
512,3251,168,0,320000,0.25,0.131819
512,3251,169,0,320000,0.25,1.17835
512,3251,170,0,320000,0.25,0.816399
512,3251,171,0,320000,0.25,0.043256
512,3251,172,0,320000,0.25,0.754916
512,3251,173,0,320000,0.25,0.223267
512,3251,174,0,320000,0.25,0.404975
512,3251,175,0,320000,0.25,1.50321
512,3251,176,0,320000,0.25,0.209657
512,3251,177,0,320000,0.25,0.544823
512,3251,178,0,320000,0.25,0.903874
512,3251,179,0,320000,0.25,0.429354
512,3251,180,0,320000,0.25,0.14106
512,3251,181,0,320000,0.25,1.58289
512,3251,182,0,320000,0.25,2.27796
512,3251,183,0,320000,0.25,0.105586
512,3251,184,0,320000,0.25,0.158973
512,3251,185,0,320000,0.25,0.490856
512,3251,186,0,320000,0.25,0.294563
512,3251,187,0,320000,0.25,1.09159
512,3251,188,0,320000,0.25,0.524677
512,3251,189,0,320000,0.25,0.349276
512,3251,190,0,320000,0.25,0.719211
512,3251,191,0,320000,0.25,0.371837
512,3251,192,0,320000,0.25,0.332969
512,3251,193,0,320000,0.25,0.447715
512,3251,194,0,320000,0.25,0.136296
512,3251,195,0,320000,0.25,0.260452
512,3251,196,0,320000,0.25,0.434115
512,3251,197,0,320000,0.25,0.600071
512,3251,198,0,320000,0.25,0.344748
512,3251,199,0,320000,0.25,1.65875
512,3251,200,0,320000,0.25,0.195926
512,3251,201,0,320000,0.25,0.738436
512,3251,202,0,320000,0.25,0.235641
512,3251,203,0,320000,0.25,0.20508
512,3251,204,0,320000,0.25,0.278274
512,3251,205,0,320000,0.25,0.439952
512,3251,206,0,320000,0.25,0.087007
512,3251,207,0,320000,0.25,0.299585
512,3251,208,0,320000,0.25,0.694014
512,3251,209,0,320000,0.25,0.376236
512,3251,210,0,320000,0.25,0.069721
512,3251,211,0,320000,0.25,0.513764
512,3251,212,0,320000,0.25,0.288221
512,3251,213,0,320000,0.25,0.760406
512,3251,214,0,320000,0.25,1.31846
512,3251,215,0,320000,0.25,0.243932
512,3251,216,0,320000,0.25,0.686758
512,3251,217,0,320000,0.25,0.311583
512,3251,218,0,320000,0.25,2.0882
512,3251,219,0,320000,0.25,0.245269
512,3251,220,0,320000,0.25,0.413013
512,3251,221,0,320000,0.25,0.922012
512,3251,222,0,320000,0.25,0.476159
512,3251,223,0,320000,0.25,0.551431
512,3251,224,0,320000,0.25,0.036378
512,3251,225,0,320000,0.25,0.37915
512,3251,226,0,320000,0.25,0.631729
512,3251,227,0,320000,0.25,1.6587
512,3251,228,0,320000,0.25,0.110697
512,3251,229,0,320000,0.25,0.20193
512,3251,230,0,320000,0.25,0.561305
512,3251,231,0,320000,0.25,0.520684
512,3251,232,0,320000,0.25,0.211874
512,3251,233,0,320000,0.25,0.244977
512,3251,234,0,320000,0.25,2.30401
512,3251,235,0,320000,0.25,0.935528
512,3251,236,0,320000,0.25,0.134159
512,3251,237,0,320000,0.25,0.18436
512,3251,238,0,320000,0.25,0.279031
512,3251,239,0,320000,0.25,0.134157
512,3251,240,0,320000,0.25,0.115312
512,3251,241,0,320000,0.25,0.295047
512,3251,242,0,320000,0.25,2.68267
512,3251,243,0,320000,0.25,1.29417
512,3251,244,0,320000,0.25,0.495977
512,3251,245,0,320000,0.25,0.431957
512,3251,246,0,320000,0.25,0.414189
512,3251,247,0,320000,0.25,0.198464
512,3251,248,0,320000,0.25,1.6674
512,3251,249,0,320000,0.25,1.00686
512,3251,250,0,320000,0.25,0.518214
512,3251,251,0,320000,0.25,1.00908
512,3251,252,0,320000,0.25,0.247065
512,3251,253,0,320000,0.25,0.487342
512,3251,254,0,320000,0.25,0.420386
512,3251,255,0,320000,0.25,2.13819
512,3251,256,0,320000,0.25,0.443886
512,3251,257,0,320000,0.25,1.88879
512,3251,258,0,320000,0.25,3.48477
512,3251,259,0,320000,0.25,0.487061
512,3251,260,0,320000,0.25,0.324653
512,3251,261,0,320000,0.25,1.4338
512,3251,262,0,320000,0.25,2.31039
512,3251,263,0,320000,0.25,0.82263
512,3251,264,0,320000,0.25,0.125695
512,3251,265,0,320000,0.25,0.120143
512,3251,266,0,320000,0.25,0.240801
512,3251,267,0,320000,0.25,0.302116
512,3251,268,0,320000,0.25,0.372759
512,3251,269,0,320000,0.25,0.625711
512,3251,270,0,320000,0.25,0.159177
512,3251,271,0,320000,0.25,0.174467
512,3251,272,0,320000,0.25,0.678661
512,3251,273,0,320000,0.25,0.093136
512,3251,274,0,320000,0.25,0.249321
512,3251,275,0,320000,0.25,0.148705
512,3251,276,0,320000,0.25,2.99766
512,3251,277,0,320000,0.25,0.609666
512,3251,278,0,320000,0.25,0.572548
512,3251,279,0,320000,0.25,0.308171
512,3251,280,0,320000,0.25,0.173547
512,3251,281,0,320000,0.25,1.16557
512,3251,282,0,320000,0.25,0.884068
512,3251,283,0,320000,0.25,0.857491
512,3251,284,0,320000,0.25,0.355838
512,3251,285,0,320000,0.25,0.092512
512,3251,286,0,320000,0.25,0.146248
512,3251,287,0,320000,0.25,0.170088
512,3251,288,0,320000,0.25,0.772826
512,3251,289,0,320000,0.25,1.27561
512,3251,290,0,320000,0.25,1.04688
512,3251,291,0,320000,0.25,0.984759
512,3251,292,0,320000,0.25,0.098023
512,3251,293,0,320000,0.25,0.320869
512,3251,294,0,320000,0.25,0.355027
512,3251,295,0,320000,0.25,0.146188
512,3251,296,0,320000,0.25,0.851715
512,3251,297,0,320000,0.25,0.331564
512,3251,298,0,320000,0.25,0.624174
512,3251,299,0,320000,0.25,0.277056
512,3251,300,0,320000,0.25,0.495457
512,3251,301,0,320000,0.25,0.06464
512,3251,302,0,320000,0.25,0.983475
512,3251,303,0,320000,0.25,0.589023
512,3251,304,0,320000,0.25,0.210052
512,3251,305,0,320000,0.25,0.462527
512,3251,306,0,320000,0.25,0.44059
512,3251,307,0,320000,0.25,0.482788
512,3251,308,0,320000,0.25,0.557546
512,3251,309,0,320000,0.25,0.885037
512,3251,310,0,320000,0.25,0.9096
512,3251,311,0,320000,0.25,0.144643
512,3251,312,0,320000,0.25,0.628727
512,3251,313,0,320000,0.25,1.10407
512,3251,314,0,320000,0.25,0.082267
512,3251,315,0,320000,0.25,0.149749
512,3251,316,0,320000,0.25,0.350868
512,3251,317,0,320000,0.25,0.381717
512,3251,318,0,320000,0.25,0.062419
512,3251,319,0,320000,0.25,0.247118
512,3251,320,0,320000,0.25,0.959791
512,3251,321,0,320000,0.25,0.793094
512,3251,322,0,320000,0.25,0.654837
512,3251,323,0,320000,0.25,0.18554
512,3251,324,0,320000,0.25,0.150591
512,3251,325,0,320000,0.25,0.494705
512,3251,326,0,320000,0.25,0.952177
512,3251,327,0,320000,0.25,0.129533
512,3251,328,0,320000,0.25,0.414839
512,3251,329,0,320000,0.25,0.510635
512,3251,330,0,320000,0.25,1.0006
512,3251,331,0,320000,0.25,1.47352
512,3251,332,0,320000,0.25,0.582561
512,3251,333,0,320000,0.25,0.140293
512,3251,334,0,320000,0.25,0.172524
512,3251,335,0,320000,0.25,0.210669
512,3251,336,0,320000,0.25,0.183731
512,3251,337,0,320000,0.25,0.981581
512,3251,338,0,320000,0.25,0.070482
512,3251,339,0,320000,0.25,0.06911
512,3251,340,0,320000,0.25,0.164209
512,3251,341,0,320000,0.25,0.095585
512,3251,342,0,320000,0.25,0.24229
512,3251,343,0,320000,0.25,0.981067
512,3251,344,0,320000,0.25,0.691077
512,3251,345,0,320000,0.25,0.686495
512,3251,346,0,320000,0.25,0.041149
512,3251,347,0,320000,0.25,1.19971
512,3251,348,0,320000,0.25,0.254792
512,3251,349,0,320000,0.25,0.22932
512,3251,350,0,320000,0.25,1.37905
512,3251,351,0,320000,0.25,0.743937
512,3251,352,0,320000,0.25,0.266092
512,3251,353,0,320000,0.25,0.347624
512,3251,354,0,320000,0.25,0.131671
512,3251,355,0,320000,0.25,0.075285
512,3251,356,0,320000,0.25,0.749702
512,3251,357,0,320000,0.25,0.171923
512,3251,358,0,320000,0.25,1.28775
512,3251,359,0,320000,0.25,1.94367
512,3251,360,0,320000,0.25,0.274085
512,3251,361,0,320000,0.25,0.332526
512,3251,362,0,320000,0.25,0.360118
512,3251,363,0,320000,0.25,1.05489
512,3251,364,0,320000,0.25,0.588675
512,3251,365,0,320000,0.25,0.670171
512,3251,366,0,320000,0.25,1.47691
512,3251,367,0,320000,0.25,2.86745
512,3251,368,0,320000,0.25,1.33006
512,3251,369,0,320000,0.25,0.472509
512,3251,370,0,320000,0.25,0.186868
512,3251,371,0,320000,0.25,0.379062
512,3251,372,0,320000,0.25,0.814469
512,3251,373,0,320000,0.25,0.209607
512,3251,374,0,320000,0.25,0.083078
512,3251,375,0,320000,0.25,0.095362
512,3251,376,0,320000,0.25,0.554648
512,3251,377,0,320000,0.25,0.108464
512,3251,378,0,320000,0.25,0.437317
512,3251,379,0,320000,0.25,0.39246
512,3251,380,0,320000,0.25,0.060277
512,3251,381,0,320000,0.25,0.485681
512,3251,382,0,320000,0.25,0.753839
512,3251,383,0,320000,0.25,0.147302
512,3251,384,0,320000,0.25,0.9328
512,3251,385,0,320000,0.25,0.207333
512,3251,386,0,320000,0.25,0.252555
512,3251,387,0,320000,0.25,0.160683
512,3251,388,0,320000,0.25,0.376025
512,3251,389,0,320000,0.25,0.514445
512,3251,390,0,320000,0.25,1.00687
512,3251,391,0,320000,0.25,0.202381
512,3251,392,0,320000,0.25,0.021806
512,3251,393,0,320000,0.25,0.289816
512,3251,394,0,320000,0.25,0.831154
512,3251,395,0,320000,0.25,0.248737
512,3251,396,0,320000,0.25,1.45664
512,3251,397,0,320000,0.25,0.70109
512,3251,398,0,320000,0.25,0.100771
512,3251,399,0,320000,0.25,1.91984
512,3251,400,0,320000,0.25,0.237524
512,3354,1,0,320000,0.25,11.5707
512,3354,2,0,320000,0.25,19.082
512,3354,3,0,320000,0.25,8.66478
512,3354,4,0,320000,0.25,9.77863
512,3354,5,0,320000,0.25,11.2214
512,3354,6,0,320000,0.25,2.4254
512,3354,7,1,320000,0.25,24.3414
512,3354,8,0,320000,0.25,6.36949
512,3354,9,0,320000,0.25,1.93255
512,3354,10,1,320000,0.25,24.2918
512,3354,11,0,320000,0.25,14.3191
512,3354,12,1,320000,0.25,24.2601
512,3354,13,0,320000,0.25,24.0708
512,3354,14,0,320000,0.25,1.99015
512,3354,15,1,320000,0.25,24.2575
512,3354,16,1,320000,0.25,24.1419
512,3354,17,1,320000,0.25,24.2236
512,3354,18,0,320000,0.25,18.669
512,3354,19,1,320000,0.25,24.3145
512,3354,20,0,320000,0.25,0.805317
512,3354,21,1,320000,0.25,24.1594
512,3354,22,1,320000,0.25,24.3839
512,3354,23,1,320000,0.25,24.1529
512,3354,24,0,320000,0.25,18.5423
512,3354,25,1,320000,0.25,24.2684
512,3354,26,1,320000,0.25,24.1307
512,3354,27,1,320000,0.25,24.1869
512,3354,28,1,320000,0.25,24.1558
512,3354,29,0,320000,0.25,1.89094
512,3354,30,0,320000,0.25,2.07005
512,3354,31,0,320000,0.25,11.2805
512,3354,32,0,320000,0.25,14.8138
512,3354,33,1,320000,0.25,24.2064
512,3354,34,0,320000,0.25,10.0861
512,3354,35,1,320000,0.25,24.3107
512,3354,36,0,320000,0.25,20.1918
512,3354,37,0,320000,0.25,14.7858
512,3354,38,1,320000,0.25,24.4845
512,3354,39,1,320000,0.25,24.1793
512,3354,40,1,320000,0.25,24.2206
512,3354,41,1,320000,0.25,24.238
512,3354,42,0,320000,0.25,13.7928
512,3354,43,0,320000,0.25,9.92653
512,3354,44,0,320000,0.25,21.7312
512,3354,45,0,320000,0.25,15.2345
512,3354,46,0,320000,0.25,3.65206
512,3354,47,0,320000,0.25,2.66414
512,3354,48,0,320000,0.25,16.5456
512,3354,49,1,320000,0.25,24.28
512,3354,50,1,320000,0.25,24.2648
512,3354,51,0,320000,0.25,7.21142
512,3354,52,0,320000,0.25,0.341688
512,3354,53,0,320000,0.25,10.5525
512,3354,54,0,320000,0.25,21.9206
512,3354,55,1,320000,0.25,24.1439
512,3354,56,0,320000,0.25,2.28984
512,3354,57,0,320000,0.25,6.76042
512,3354,58,0,320000,0.25,8.08041
512,3354,59,0,320000,0.25,9.24825
512,3354,60,0,320000,0.25,16.065
512,3354,61,0,320000,0.25,4.26799
512,3354,62,0,320000,0.25,5.31208
512,3354,63,1,320000,0.25,24.3673
512,3354,64,0,320000,0.25,15.7285
512,3354,65,1,320000,0.25,24.2438
512,3354,66,0,320000,0.25,15.7156
512,3354,67,0,320000,0.25,17.6918
512,3354,68,0,320000,0.25,13.3909
512,3354,69,0,320000,0.25,3.39598
512,3354,70,0,320000,0.25,5.49352
512,3354,71,1,320000,0.25,24.2005
512,3354,72,0,320000,0.25,1.23605
512,3354,73,0,320000,0.25,14.0213
512,3354,74,0,320000,0.25,1.62038
512,3354,75,0,320000,0.25,21.9922
512,3354,76,0,320000,0.25,1.67604
512,3354,77,1,320000,0.25,24.2649
512,3354,78,1,320000,0.25,24.2555
512,3354,79,1,320000,0.25,24.2563
512,3354,80,1,320000,0.25,24.2146
512,3354,81,0,320000,0.25,2.2266
512,3354,82,1,320000,0.25,24.2738
512,3354,83,0,320000,0.25,0.818436
512,3354,84,0,320000,0.25,1.64321
512,3354,85,0,320000,0.25,0.673116
512,3354,86,0,320000,0.25,20.4304
512,3354,87,0,320000,0.25,6.34941
512,3354,88,0,320000,0.25,14.6026
512,3354,89,0,320000,0.25,2.92625
512,3354,90,0,320000,0.25,4.38393
512,3354,91,0,320000,0.25,3.39816
512,3354,92,1,320000,0.25,24.3116
512,3354,93,2,320000,0.25,24.3432
512,3354,94,0,320000,0.25,2.20059
512,3354,95,1,320000,0.25,24.2947
512,3354,96,0,320000,0.25,9.14095
512,3354,97,1,320000,0.25,24.1963
512,3354,98,0,320000,0.25,12.2481
512,3354,99,1,320000,0.25,24.2935
512,3354,100,1,320000,0.25,24.1879
512,3354,101,1,320000,0.25,24.1044
512,3354,102,0,320000,0.25,11.787
512,3354,103,0,320000,0.25,3.59562
512,3354,104,0,320000,0.25,1.43267
512,3354,105,1,320000,0.25,24.237
512,3354,106,0,320000,0.25,10.5532
512,3354,107,1,320000,0.25,24.2849
512,3354,108,0,320000,0.25,2.64084
512,3354,109,1,320000,0.25,24.2179
512,3354,110,0,320000,0.25,0.96696
512,3354,111,0,320000,0.25,2.46214
512,3354,112,1,320000,0.25,24.2048
512,3354,113,0,320000,0.25,16.3011
512,3354,114,1,320000,0.25,24.2346
512,3354,115,0,320000,0.25,16.9087
512,3354,116,0,320000,0.25,9.24753
512,3354,117,0,320000,0.25,2.61815
512,3354,118,0,320000,0.25,2.61149
512,3354,119,1,320000,0.25,24.2815
512,3354,120,1,320000,0.25,24.2435
512,3354,121,1,320000,0.25,24.1401
512,3354,122,1,320000,0.25,24.2406
512,3354,123,0,320000,0.25,23.6957
512,3354,124,0,320000,0.25,8.30916
512,3354,125,0,320000,0.25,16.1536
512,3354,126,1,320000,0.25,24.2588
512,3354,127,1,320000,0.25,24.1638
512,3354,128,0,320000,0.25,13.4619
512,3354,129,0,320000,0.25,5.22132
512,3354,130,1,320000,0.25,24.2738
512,3354,131,0,320000,0.25,21.2629
512,3354,132,0,320000,0.25,1.36295
512,3354,133,0,320000,0.25,2.73138
512,3354,134,0,320000,0.25,13.3171
512,3354,135,0,320000,0.25,5.26679
512,3354,136,0,320000,0.25,6.71067
512,3354,137,0,320000,0.25,4.69381
512,3354,138,0,320000,0.25,15.3894
512,3354,139,0,320000,0.25,4.79487
512,3354,140,0,320000,0.25,10.9642
512,3354,141,0,320000,0.25,14.1043
512,3354,142,0,320000,0.25,0.554442
512,3354,143,1,320000,0.25,24.2431
512,3354,144,1,320000,0.25,24.2413
512,3354,145,1,320000,0.25,24.2001
512,3354,146,1,320000,0.25,24.1693
512,3354,147,1,320000,0.25,24.2486
512,3354,148,1,320000,0.25,24.3111
512,3354,149,0,320000,0.25,3.1391
512,3354,150,0,320000,0.25,15.0394
512,3354,151,1,320000,0.25,24.2374
512,3354,152,0,320000,0.25,13.3122
512,3354,153,0,320000,0.25,8.61122
512,3354,154,0,320000,0.25,7.11143
512,3354,155,0,320000,0.25,3.76445
512,3354,156,1,320000,0.25,24.3004
512,3354,157,0,320000,0.25,14.1947
512,3354,158,1,320000,0.25,24.1448
512,3354,159,0,320000,0.25,3.36446
512,3354,160,0,320000,0.25,5.34917
512,3354,161,1,320000,0.25,24.2511
512,3354,162,0,320000,0.25,0.283475
512,3354,163,0,320000,0.25,2.09634
512,3354,164,1,320000,0.25,24.3428
512,3354,165,1,320000,0.25,24.2406
512,3354,166,1,320000,0.25,24.2337
512,3354,167,1,320000,0.25,24.273
512,3354,168,0,320000,0.25,7.58284
512,3354,169,1,320000,0.25,24.2656
512,3354,170,0,320000,0.25,15.7837
512,3354,171,0,320000,0.25,4.64004
512,3354,172,0,320000,0.25,7.21327
512,3354,173,0,320000,0.25,1.14987
512,3354,174,0,320000,0.25,17.1421
512,3354,175,0,320000,0.25,15.4784
512,3354,176,0,320000,0.25,1.87724
512,3354,177,0,320000,0.25,1.15716
512,3354,178,1,320000,0.25,24.3057
512,3354,179,1,320000,0.25,24.2502
512,3354,180,1,320000,0.25,24.419
512,3354,181,1,320000,0.25,24.1884
512,3354,182,1,320000,0.25,24.1742
512,3354,183,1,320000,0.25,24.1985
512,3354,184,0,320000,0.25,15.759
512,3354,185,0,320000,0.25,19.0195
512,3354,186,1,320000,0.25,24.2871
512,3354,187,1,320000,0.25,24.3441
512,3354,188,0,320000,0.25,0.212249
512,3354,189,0,320000,0.25,1.22669
512,3354,190,1,320000,0.25,24.1439
512,3354,191,1,320000,0.25,24.3096
512,3354,192,0,320000,0.25,13.0578
512,3354,193,0,320000,0.25,18.1232
512,3354,194,1,320000,0.25,24.2078
512,3354,195,0,320000,0.25,10.162
512,3354,196,0,320000,0.25,3.05045
512,3354,197,1,320000,0.25,24.1627
512,3354,198,0,320000,0.25,14.982
512,3354,199,0,320000,0.25,0.886367
512,3354,200,0,320000,0.25,9.49972
512,3354,201,0,320000,0.25,23.2554
512,3354,202,0,320000,0.25,0.486717
512,3354,203,0,320000,0.25,4.83153
512,3354,204,0,320000,0.25,1.37753
512,3354,205,0,320000,0.25,6.96053
512,3354,206,0,320000,0.25,2.86513
512,3354,207,0,320000,0.25,9.39426
512,3354,208,1,320000,0.25,24.2744
512,3354,209,0,320000,0.25,3.29014
512,3354,210,1,320000,0.25,24.1839
512,3354,211,1,320000,0.25,24.1164
512,3354,212,1,320000,0.25,24.3357
512,3354,213,0,320000,0.25,1.33935
512,3354,214,1,320000,0.25,24.4143
512,3354,215,0,320000,0.25,4.68345
512,3354,216,0,320000,0.25,2.17852
512,3354,217,0,320000,0.25,4.94406
512,3354,218,0,320000,0.25,11.2912
512,3354,219,0,320000,0.25,2.8091
512,3354,220,1,320000,0.25,24.218
512,3354,221,1,320000,0.25,24.1802
512,3354,222,0,320000,0.25,4.28157
512,3354,223,0,320000,0.25,20.0013
512,3354,224,1,320000,0.25,24.2202
512,3354,225,0,320000,0.25,1.24807
512,3354,226,1,320000,0.25,24.1024
512,3354,227,0,320000,0.25,12.7407
512,3354,228,0,320000,0.25,5.65438
512,3354,229,0,320000,0.25,2.10257
512,3354,230,1,320000,0.25,24.2776
512,3354,231,0,320000,0.25,15.0845
512,3354,232,1,320000,0.25,24.5497
512,3354,233,1,320000,0.25,24.2543
512,3354,234,0,320000,0.25,1.14983
512,3354,235,0,320000,0.25,4.0856
512,3354,236,0,320000,0.25,2.32855
512,3354,237,1,320000,0.25,24.2756
512,3354,238,1,320000,0.25,24.4237
512,3354,239,1,320000,0.25,24.2033
512,3354,240,0,320000,0.25,9.24051
512,3354,241,0,320000,0.25,6.22204
512,3354,242,0,320000,0.25,11.2892
512,3354,243,0,320000,0.25,0.523742
512,3354,244,0,320000,0.25,6.89544
512,3354,245,1,320000,0.25,24.2139
512,3354,246,0,320000,0.25,10.9455
512,3354,247,1,320000,0.25,24.3338
512,3354,248,1,320000,0.25,24.0885
512,3354,249,0,320000,0.25,14.8035
512,3354,250,1,320000,0.25,24.3045
512,3354,251,0,320000,0.25,12.9764
512,3354,252,0,320000,0.25,3.69596
512,3354,253,0,320000,0.25,1.74574
512,3354,254,1,320000,0.25,24.2132
512,3354,255,0,320000,0.25,9.10344
512,3354,256,1,320000,0.25,24.3209
512,3354,257,1,320000,0.25,24.031
512,3354,258,0,320000,0.25,3.69356
512,3354,259,0,320000,0.25,4.45746
512,3354,260,1,320000,0.25,24.2055
512,3354,261,0,320000,0.25,13.8059
512,3354,262,0,320000,0.25,12.489
512,3354,263,0,320000,0.25,7.09818
512,3354,264,0,320000,0.25,11.9536
512,3354,265,0,320000,0.25,6.89386
512,3354,266,0,320000,0.25,6.32945
512,3354,267,0,320000,0.25,3.59772
512,3354,268,0,320000,0.25,0.395851
512,3354,269,0,320000,0.25,1.76265
512,3354,270,0,320000,0.25,10.6137
512,3354,271,1,320000,0.25,24.3779
512,3354,272,0,320000,0.25,7.06488
512,3354,273,0,320000,0.25,4.71698
512,3354,274,0,320000,0.25,10.9747
512,3354,275,0,320000,0.25,6.16593
512,3354,276,0,320000,0.25,0.524161
512,3354,277,0,320000,0.25,14.7278
512,3354,278,0,320000,0.25,2.31694
512,3354,279,0,320000,0.25,0.462359
512,3354,280,0,320000,0.25,8.89383
512,3354,281,1,320000,0.25,24.1688
512,3354,282,0,320000,0.25,10.2044
512,3354,283,1,320000,0.25,24.2295
512,3354,284,0,320000,0.25,3.88306
512,3354,285,1,320000,0.25,24.219
512,3354,286,1,320000,0.25,24.4155
512,3354,287,1,320000,0.25,24.2111
512,3354,288,0,320000,0.25,7.16556
512,3354,289,0,320000,0.25,10.1855
512,3354,290,1,320000,0.25,24.1184
512,3354,291,0,320000,0.25,8.58532
512,3354,292,0,320000,0.25,8.08344
512,3354,293,0,320000,0.25,20.2633
512,3354,294,0,320000,0.25,1.16207
512,3354,295,0,320000,0.25,6.1536
512,3354,296,0,320000,0.25,6.44787
512,3354,297,0,320000,0.25,6.87449
512,3354,298,0,320000,0.25,11.8602
512,3354,299,1,320000,0.25,24.3464
512,3354,300,0,320000,0.25,3.30048
512,3354,301,1,320000,0.25,24.2445
512,3354,302,0,320000,0.25,15.0456
512,3354,303,1,320000,0.25,24.0788
512,3354,304,0,320000,0.25,3.20047
512,3354,305,0,320000,0.25,0.229316
512,3354,306,0,320000,0.25,19.9281
512,3354,307,1,320000,0.25,24.13
512,3354,308,0,320000,0.25,8.3096
512,3354,309,0,320000,0.25,0.341841
512,3354,310,1,320000,0.25,24.2325
512,3354,311,0,320000,0.25,4.29962
512,3354,312,0,320000,0.25,10.6484
512,3354,313,1,320000,0.25,24.3085
512,3354,314,1,320000,0.25,24.442
512,3354,315,0,320000,0.25,5.19443
512,3354,316,1,320000,0.25,24.235
512,3354,317,0,320000,0.25,1.37206
512,3354,318,1,320000,0.25,24.2617
512,3354,319,1,320000,0.25,24.2038
512,3354,320,0,320000,0.25,4.16397
512,3354,321,0,320000,0.25,9.96068
512,3354,322,1,320000,0.25,24.2757
512,3354,323,0,320000,0.25,1.33396
512,3354,324,0,320000,0.25,0.637617
512,3354,325,1,320000,0.25,24.1912
512,3354,326,1,320000,0.25,24.206
512,3354,327,0,320000,0.25,9.02999
512,3354,328,0,320000,0.25,4.97849
512,3354,329,0,320000,0.25,10.5088
512,3354,330,0,320000,0.25,19.191
512,3354,331,0,320000,0.25,17.7379
512,3354,332,0,320000,0.25,23.1399
512,3354,333,0,320000,0.25,21.4145
512,3354,334,0,320000,0.25,6.79149
512,3354,335,0,320000,0.25,9.37603
512,3354,336,1,320000,0.25,24.2687
512,3354,337,1,320000,0.25,24.0498
512,3354,338,0,320000,0.25,6.90555
512,3354,339,0,320000,0.25,9.20092
512,3354,340,1,320000,0.25,24.3229
512,3354,341,0,320000,0.25,4.34724
512,3354,342,0,320000,0.25,1.64392
512,3354,343,0,320000,0.25,2.23802
512,3354,344,0,320000,0.25,9.31155
512,3354,345,0,320000,0.25,22.8989
512,3354,346,0,320000,0.25,13.3275
512,3354,347,0,320000,0.25,15.8952
512,3354,348,1,320000,0.25,24.2711
512,3354,349,1,320000,0.25,24.1656
512,3354,350,0,320000,0.25,2.87848
512,3354,351,0,320000,0.25,22.8262
512,3354,352,1,320000,0.25,24.2433
512,3354,353,0,320000,0.25,2.21087
512,3354,354,0,320000,0.25,4.71295
512,3354,355,1,320000,0.25,24.1505
512,3354,356,1,320000,0.25,24.2464
512,3354,357,0,320000,0.25,1.55838
512,3354,358,1,320000,0.25,24.1232
512,3354,359,0,320000,0.25,19.6136
512,3354,360,0,320000,0.25,12.8866
512,3354,361,0,320000,0.25,2.17481
512,3354,362,0,320000,0.25,0.456789
512,3354,363,0,320000,0.25,10.3256
512,3354,364,0,320000,0.25,5.89649
512,3354,365,0,320000,0.25,8.286
512,3354,366,0,320000,0.25,4.18205
512,3354,367,0,320000,0.25,14.0023
512,3354,368,0,320000,0.25,20.3633
512,3354,369,0,320000,0.25,5.55966
512,3354,370,0,320000,0.25,18.8404
512,3354,371,0,320000,0.25,10.8686
512,3354,372,1,320000,0.25,24.3522
512,3354,373,0,320000,0.25,9.80428
512,3354,374,1,320000,0.25,24.2425
512,3354,375,0,320000,0.25,17.3273
512,3354,376,0,320000,0.25,2.27332
512,3354,377,1,320000,0.25,24.2505
512,3354,378,0,320000,0.25,15.0417
512,3354,379,0,320000,0.25,0.945087
512,3354,380,0,320000,0.25,14.9898
512,3354,381,0,320000,0.25,20.9023
512,3354,382,0,320000,0.25,1.2485
512,3354,383,0,320000,0.25,1.65146
512,3354,384,0,320000,0.25,3.20571
512,3354,385,0,320000,0.25,3.70449
512,3354,386,0,320000,0.25,11.7538
512,3354,387,0,320000,0.25,10.0851
512,3354,388,0,320000,0.25,18.9919
512,3354,389,0,320000,0.25,14.8919
512,3354,390,0,320000,0.25,20.0592
512,3354,391,0,320000,0.25,0.896799
512,3354,392,0,320000,0.25,18.065
512,3354,393,1,320000,0.25,24.2641
512,3354,394,0,320000,0.25,3.8783
512,3354,395,1,320000,0.25,24.3312
512,3354,396,0,320000,0.25,11.703
512,3354,397,1,320000,0.25,24.0727
512,3354,398,1,320000,0.25,24.4373
512,3354,399,0,320000,0.25,4.42247
512,3354,400,0,320000,0.25,15.463
512,3456,1,3,320000,0.25,24.515
512,3456,2,4,320000,0.25,24.4303
512,3456,3,3,320000,0.25,24.4671
512,3456,4,3,320000,0.25,24.4355
512,3456,5,3,320000,0.25,24.4017
512,3456,6,4,320000,0.25,24.55
512,3456,7,4,320000,0.25,24.5663
512,3456,8,4,320000,0.25,24.762
512,3456,9,3,320000,0.25,24.3466
512,3456,10,3,320000,0.25,24.6462
512,3456,11,3,320000,0.25,24.5242
512,3456,12,4,320000,0.25,24.6196
512,3456,13,3,320000,0.25,24.5688
512,3456,14,3,320000,0.25,24.4547
512,3456,15,5,320000,0.25,24.5542
512,3456,16,4,320000,0.25,24.6929
512,3456,17,3,320000,0.25,24.5005
512,3456,18,2,320000,0.25,24.36
512,3456,19,4,320000,0.25,24.6356
512,3456,20,4,320000,0.25,24.5738
512,3456,21,4,320000,0.25,24.5856
512,3456,22,3,320000,0.25,24.4501
512,3456,23,4,320000,0.25,24.6144
512,3456,24,3,320000,0.25,24.4027
512,3456,25,4,320000,0.25,24.4701
512,3456,26,4,320000,0.25,24.4819
512,3456,27,3,320000,0.25,24.5694
512,3456,28,4,320000,0.25,24.5229
512,3456,29,2,320000,0.25,24.6461
512,3456,30,3,320000,0.25,24.3905
512,3456,31,3,320000,0.25,24.3643
512,3456,32,2,320000,0.25,24.2854
512,3456,33,3,320000,0.25,24.5694
512,3456,34,3,320000,0.25,24.5154
512,3456,35,3,320000,0.25,24.5285
512,3456,36,3,320000,0.25,24.5045
512,3456,37,4,320000,0.25,24.7563
512,3456,38,3,320000,0.25,24.4626
512,3456,39,3,320000,0.25,24.381
512,3456,40,2,320000,0.25,24.4205
512,3456,41,4,320000,0.25,24.6425
512,3456,42,2,320000,0.25,24.4302
512,3456,43,3,320000,0.25,24.5586
512,3456,44,4,320000,0.25,24.6053
512,3456,45,3,320000,0.25,24.479
512,3456,46,2,320000,0.25,24.0382
512,3456,47,2,320000,0.25,24.4657
512,3456,48,3,320000,0.25,24.4939
512,3456,49,3,320000,0.25,24.4233
512,3456,50,3,320000,0.25,24.4659
512,3456,51,6,320000,0.25,24.7339
512,3456,52,3,320000,0.25,24.5297
512,3456,53,2,320000,0.25,24.3623
512,3456,54,2,320000,0.25,24.4523
512,3456,55,2,320000,0.25,24.4539
512,3456,56,3,320000,0.25,24.4257
512,3456,57,5,320000,0.25,24.6561
512,3456,58,4,320000,0.25,24.5663
512,3456,59,4,320000,0.25,24.5564
512,3456,60,4,320000,0.25,24.5423
512,3456,61,3,320000,0.25,24.6069
512,3456,62,5,320000,0.25,24.595
512,3456,63,3,320000,0.25,24.4757
512,3456,64,3,320000,0.25,24.4882
512,3456,65,4,320000,0.25,24.5101
512,3456,66,3,320000,0.25,24.5524
512,3456,67,3,320000,0.25,24.5642
512,3456,68,3,320000,0.25,24.5374
512,3456,69,2,320000,0.25,24.4145
512,3456,70,3,320000,0.25,24.554
512,3456,71,3,320000,0.25,24.446
512,3456,72,2,320000,0.25,24.5943
512,3456,73,3,320000,0.25,24.5879
512,3456,74,4,320000,0.25,24.4753
512,3456,75,2,320000,0.25,24.4568
512,3456,76,4,320000,0.25,24.5058
512,3456,77,5,320000,0.25,24.6225
512,3456,78,2,320000,0.25,24.395
512,3456,79,4,320000,0.25,24.585
512,3456,80,3,320000,0.25,24.6428
512,3456,81,3,320000,0.25,24.4347
512,3456,82,3,320000,0.25,24.4256
512,3456,83,2,320000,0.25,24.497
512,3456,84,3,320000,0.25,24.4891
512,3456,85,4,320000,0.25,24.5152
512,3456,86,3,320000,0.25,24.5381
512,3456,87,2,320000,0.25,24.5093
512,3456,88,3,320000,0.25,24.5093
512,3456,89,4,320000,0.25,24.5973
512,3456,90,4,320000,0.25,24.6019
512,3456,91,2,320000,0.25,24.5497
512,3456,92,3,320000,0.25,24.5376
512,3456,93,4,320000,0.25,24.6619
512,3456,94,3,320000,0.25,24.5008
512,3456,95,2,320000,0.25,24.4891
512,3456,96,3,320000,0.25,24.5034
512,3456,97,4,320000,0.25,24.6047
512,3456,98,1,320000,0.25,24.6106
512,3456,99,3,320000,0.25,24.2265
512,3456,100,3,320000,0.25,24.4109
512,3456,101,3,320000,0.25,24.4979
512,3456,102,3,320000,0.25,24.6309
512,3456,103,2,320000,0.25,24.4547
512,3456,104,2,320000,0.25,24.5361
512,3456,105,2,320000,0.25,24.46
512,3456,106,3,320000,0.25,24.4345
512,3456,107,2,320000,0.25,24.4049
512,3456,108,3,320000,0.25,24.5266
512,3456,109,4,320000,0.25,24.5447
512,3456,110,4,320000,0.25,24.734
512,3456,111,2,320000,0.25,24.2417
512,3456,112,4,320000,0.25,24.5521
512,3456,113,4,320000,0.25,24.5769
512,3456,114,3,320000,0.25,24.4098
512,3456,115,3,320000,0.25,24.5699
512,3456,116,3,320000,0.25,24.504
512,3456,117,3,320000,0.25,24.4586
512,3456,118,5,320000,0.25,24.5389
512,3456,119,4,320000,0.25,24.4778
512,3456,120,4,320000,0.25,24.5085
512,3456,121,4,320000,0.25,24.3703
512,3456,122,3,320000,0.25,24.4387
512,3456,123,4,320000,0.25,24.4945
512,3456,124,3,320000,0.25,24.3158
512,3456,125,3,320000,0.25,24.473
512,3456,126,4,320000,0.25,24.5748
512,3456,127,4,320000,0.25,24.5416
512,3456,128,2,320000,0.25,24.4262
512,3456,129,4,320000,0.25,24.5382
512,3456,130,3,320000,0.25,24.5211
512,3456,131,3,320000,0.25,24.4407
512,3456,132,3,320000,0.25,24.43
512,3456,133,4,320000,0.25,24.5365
512,3456,134,2,320000,0.25,24.5448
512,3456,135,4,320000,0.25,24.5438
512,3456,136,3,320000,0.25,24.5066
512,3456,137,4,320000,0.25,24.5311
512,3456,138,4,320000,0.25,24.5772
512,3456,139,3,320000,0.25,24.4493
512,3456,140,3,320000,0.25,24.3617
512,3456,141,3,320000,0.25,24.5492
512,3456,142,2,320000,0.25,24.408
512,3456,143,4,320000,0.25,24.6046
512,3456,144,4,320000,0.25,24.482
512,3456,145,4,320000,0.25,24.6037
512,3456,146,3,320000,0.25,24.4704
512,3456,147,3,320000,0.25,24.5103
512,3456,148,3,320000,0.25,24.4875
512,3456,149,3,320000,0.25,24.4032
512,3456,150,4,320000,0.25,24.604
512,3456,151,3,320000,0.25,24.5414
512,3456,152,4,320000,0.25,24.5136
512,3456,153,2,320000,0.25,24.6408
512,3456,154,3,320000,0.25,24.042
512,3456,155,4,320000,0.25,24.5398
512,3456,156,3,320000,0.25,24.4747
512,3456,157,4,320000,0.25,24.5445
512,3456,158,3,320000,0.25,24.5515
512,3456,159,2,320000,0.25,24.5438
512,3456,160,3,320000,0.25,24.6335
512,3456,161,3,320000,0.25,24.5491
512,3456,162,5,320000,0.25,24.5501
512,3456,163,3,320000,0.25,24.3453
512,3456,164,3,320000,0.25,24.5636
512,3456,165,3,320000,0.25,24.5317
512,3456,166,3,320000,0.25,24.5161
512,3456,167,3,320000,0.25,24.5187
512,3456,168,3,320000,0.25,24.4784
512,3456,169,2,320000,0.25,24.2326
512,3456,170,5,320000,0.25,24.6558
512,3456,171,4,320000,0.25,24.5826
512,3456,172,2,320000,0.25,24.6399
512,3456,173,2,320000,0.25,24.4068
512,3456,174,4,320000,0.25,24.6221
512,3456,175,2,320000,0.25,24.4755
512,3456,176,4,320000,0.25,24.5477
512,3456,177,2,320000,0.25,24.3713
512,3456,178,3,320000,0.25,24.7739
512,3456,179,2,320000,0.25,24.3827
512,3456,180,2,320000,0.25,24.4632
512,3456,181,3,320000,0.25,24.5514
512,3456,182,4,320000,0.25,24.536
512,3456,183,3,320000,0.25,24.4579
512,3456,184,4,320000,0.25,24.5242
512,3456,185,4,320000,0.25,24.4725
512,3456,186,4,320000,0.25,24.5289
512,3456,187,4,320000,0.25,24.6706
512,3456,188,3,320000,0.25,24.5224
512,3456,189,4,320000,0.25,24.5321
512,3456,190,3,320000,0.25,24.599
512,3456,191,4,320000,0.25,24.6016
512,3456,192,4,320000,0.25,24.9193
512,3456,193,4,320000,0.25,24.4405
512,3456,194,4,320000,0.25,24.5452
512,3456,195,5,320000,0.25,24.5959
512,3456,196,3,320000,0.25,24.5373
512,3456,197,4,320000,0.25,24.541
512,3456,198,3,320000,0.25,24.5698
512,3456,199,3,320000,0.25,23.9479
512,3456,200,2,320000,0.25,24.3614
512,3456,201,3,320000,0.25,24.5215
512,3456,202,4,320000,0.25,24.6112
512,3456,203,2,320000,0.25,24.5465
512,3456,204,3,320000,0.25,24.4044
512,3456,205,4,320000,0.25,24.624
512,3456,206,2,320000,0.25,24.3283
512,3456,207,3,320000,0.25,24.4503
512,3456,208,4,320000,0.25,24.5587
512,3456,209,4,320000,0.25,24.3563
512,3456,210,3,320000,0.25,24.563
512,3456,211,3,320000,0.25,24.4657
512,3456,212,3,320000,0.25,24.5309
512,3456,213,4,320000,0.25,24.4431
512,3456,214,3,320000,0.25,24.7915
512,3456,215,3,320000,0.25,24.5436
512,3456,216,2,320000,0.25,24.5017
512,3456,217,3,320000,0.25,24.5022
512,3456,218,3,320000,0.25,24.517
512,3456,219,2,320000,0.25,24.418
512,3456,220,2,320000,0.25,24.3852
512,3456,221,3,320000,0.25,24.582
512,3456,222,3,320000,0.25,24.4798
512,3456,223,3,320000,0.25,24.4727
512,3456,224,1,320000,0.25,24.0975
512,3456,225,3,320000,0.25,24.5087
512,3456,226,5,320000,0.25,24.5833
512,3456,227,2,320000,0.25,24.3885
512,3456,228,2,320000,0.25,24.494
512,3456,229,3,320000,0.25,24.4143
512,3456,230,4,320000,0.25,24.5212
512,3456,231,4,320000,0.25,24.6081
512,3456,232,3,320000,0.25,24.4289
512,3456,233,3,320000,0.25,24.4809
512,3456,234,3,320000,0.25,24.4541
512,3456,235,2,320000,0.25,24.3424
512,3456,236,4,320000,0.25,24.4905
512,3456,237,3,320000,0.25,24.4201
512,3456,238,3,320000,0.25,24.439
512,3456,239,2,320000,0.25,24.4456
512,3456,240,4,320000,0.25,24.4888
512,3456,241,3,320000,0.25,24.521
512,3456,242,1,320000,0.25,24.5393
512,3456,243,3,320000,0.25,24.2504
512,3456,244,3,320000,0.25,24.3489
512,3456,245,4,320000,0.25,24.7044
512,3456,246,2,320000,0.25,24.3537
512,3456,247,4,320000,0.25,24.6004
512,3456,248,4,320000,0.25,24.5787
512,3456,249,3,320000,0.25,24.5055
512,3456,250,3,320000,0.25,24.5496
512,3456,251,3,320000,0.25,24.3819
512,3456,252,2,320000,0.25,24.4384
512,3456,253,2,320000,0.25,24.1814
512,3456,254,2,320000,0.25,24.2027
512,3456,255,2,320000,0.25,24.3838
512,3456,256,4,320000,0.25,24.5411
512,3456,257,3,320000,0.25,24.6363
512,3456,258,3,320000,0.25,24.4677
512,3456,259,2,320000,0.25,24.5471
512,3456,260,4,320000,0.25,24.5525
512,3456,261,3,320000,0.25,24.7037
512,3456,262,2,320000,0.25,24.3974
512,3456,263,3,320000,0.25,24.5114
512,3456,264,4,320000,0.25,24.626
512,3456,265,1,320000,0.25,24.496
512,3456,266,3,320000,0.25,24.5565
512,3456,267,2,320000,0.25,24.5445
512,3456,268,4,320000,0.25,24.4437
512,3456,269,5,320000,0.25,24.5859
512,3456,270,2,320000,0.25,24.3964
512,3456,271,4,320000,0.25,24.6575
512,3456,272,3,320000,0.25,24.4293
512,3456,273,3,320000,0.25,24.5207
512,3456,274,5,320000,0.25,24.609
512,3456,275,2,320000,0.25,24.544
512,3456,276,2,320000,0.25,24.4
512,3456,277,3,320000,0.25,24.6157
512,3456,278,5,320000,0.25,24.6054
512,3456,279,2,320000,0.25,24.5336
512,3456,280,3,320000,0.25,24.5785
512,3456,281,4,320000,0.25,24.673
512,3456,282,4,320000,0.25,24.5668
512,3456,283,3,320000,0.25,24.4663
512,3456,284,2,320000,0.25,24.5933
512,3456,285,4,320000,0.25,24.6655
512,3456,286,3,320000,0.25,24.2105
512,3456,287,3,320000,0.25,24.5497
512,3456,288,3,320000,0.25,24.5269
512,3456,289,3,320000,0.25,24.457
512,3456,290,5,320000,0.25,24.5816
512,3456,291,3,320000,0.25,24.4328
512,3456,292,4,320000,0.25,24.6651
512,3456,293,4,320000,0.25,24.5867
512,3456,294,4,320000,0.25,24.4402
512,3456,295,3,320000,0.25,24.5075
512,3456,296,4,320000,0.25,24.7598
512,3456,297,3,320000,0.25,24.4471
512,3456,298,4,320000,0.25,24.6227
512,3456,299,2,320000,0.25,24.2941
512,3456,300,4,320000,0.25,24.63
512,3456,301,3,320000,0.25,24.4863
512,3456,302,3,320000,0.25,24.4393
512,3456,303,3,320000,0.25,24.2934
512,3456,304,3,320000,0.25,24.5431
512,3456,305,3,320000,0.25,24.1794
512,3456,306,4,320000,0.25,24.6007
512,3456,307,5,320000,0.25,24.6487
512,3456,308,4,320000,0.25,24.6659
512,3456,309,3,320000,0.25,24.4737
512,3456,310,4,320000,0.25,24.5181
512,3456,311,4,320000,0.25,24.5479
512,3456,312,3,320000,0.25,24.4173
512,3456,313,3,320000,0.25,24.5165
512,3456,314,3,320000,0.25,24.5803
512,3456,315,3,320000,0.25,24.4799
512,3456,316,2,320000,0.25,24.5162
512,3456,317,3,320000,0.25,24.5757
512,3456,318,2,320000,0.25,24.589
512,3456,319,3,320000,0.25,24.4856
512,3456,320,3,320000,0.25,24.4988
512,3456,321,2,320000,0.25,24.3948
512,3456,322,2,320000,0.25,23.9903
512,3456,323,3,320000,0.25,24.6241
512,3456,324,3,320000,0.25,24.6249
512,3456,325,2,320000,0.25,24.3179
512,3456,326,5,320000,0.25,24.6249
512,3456,327,2,320000,0.25,24.093
512,3456,328,4,320000,0.25,24.5675
512,3456,329,4,320000,0.25,24.5418
512,3456,330,2,320000,0.25,24.5563
512,3456,331,3,320000,0.25,24.3985
512,3456,332,2,320000,0.25,24.4844
512,3456,333,3,320000,0.25,24.5921
512,3456,334,3,320000,0.25,24.823
512,3456,335,3,320000,0.25,24.1953
512,3456,336,2,320000,0.25,24.4502
512,3456,337,3,320000,0.25,24.5386
512,3456,338,3,320000,0.25,24.4465
512,3456,339,3,320000,0.25,24.7496
512,3456,340,2,320000,0.25,24.3441
512,3456,341,4,320000,0.25,24.5619
512,3456,342,5,320000,0.25,24.6681
512,3456,343,3,320000,0.25,24.4623
512,3456,344,4,320000,0.25,24.5821
512,3456,345,4,320000,0.25,24.5444
512,3456,346,3,320000,0.25,24.6334
512,3456,347,3,320000,0.25,24.471
512,3456,348,3,320000,0.25,24.5253
512,3456,349,3,320000,0.25,24.4676
512,3456,350,4,320000,0.25,24.6851
512,3456,351,3,320000,0.25,24.4363
512,3456,352,4,320000,0.25,24.5999
512,3456,353,3,320000,0.25,24.5463
512,3456,354,2,320000,0.25,24.3654
512,3456,355,2,320000,0.25,24.12
512,3456,356,4,320000,0.25,24.6106
512,3456,357,3,320000,0.25,24.4771
512,3456,358,4,320000,0.25,24.5084
512,3456,359,4,320000,0.25,24.4865
512,3456,360,3,320000,0.25,24.5504
512,3456,361,4,320000,0.25,24.5925
512,3456,362,2,320000,0.25,24.3172
512,3456,363,4,320000,0.25,24.6032
512,3456,364,3,320000,0.25,24.2669
512,3456,365,3,320000,0.25,24.5006
512,3456,366,4,320000,0.25,24.1986
512,3456,367,4,320000,0.25,24.5308
512,3456,368,4,320000,0.25,24.5603
512,3456,369,4,320000,0.25,24.5841
512,3456,370,4,320000,0.25,24.5374
512,3456,371,3,320000,0.25,24.5739
512,3456,372,4,320000,0.25,24.5509
512,3456,373,3,320000,0.25,24.5557
512,3456,374,4,320000,0.25,24.5781
512,3456,375,5,320000,0.25,24.5988
512,3456,376,2,320000,0.25,24.4486
512,3456,377,5,320000,0.25,24.5518
512,3456,378,2,320000,0.25,24.3382
512,3456,379,2,320000,0.25,24.295
512,3456,380,4,320000,0.25,24.5323
512,3456,381,3,320000,0.25,24.439
512,3456,382,2,320000,0.25,24.4908
512,3456,383,4,320000,0.25,24.54
512,3456,384,4,320000,0.25,24.5226
512,3456,385,3,320000,0.25,24.4867
512,3456,386,3,320000,0.25,24.6283
512,3456,387,3,320000,0.25,24.2928
512,3456,388,3,320000,0.25,24.4657
512,3456,389,2,320000,0.25,24.4355
512,3456,390,2,320000,0.25,24.4652
512,3456,391,2,320000,0.25,24.3834
512,3456,392,3,320000,0.25,24.5902
512,3456,393,4,320000,0.25,24.6159
512,3456,394,2,320000,0.25,24.4089
512,3456,395,4,320000,0.25,24.4313
512,3456,396,3,320000,0.25,24.5466
512,3456,397,3,320000,0.25,24.5072
512,3456,398,4,320000,0.25,24.4972
512,3456,399,3,320000,0.25,24.4395
512,3456,400,3,320000,0.25,24.5113
1024,5069,1,0,640000,0.25,0.010783
1024,5069,2,0,640000,0.25,0.010619
1024,5069,3,0,640000,0.25,0.008624
1024,5069,4,0,640000,0.25,0.011917
1024,5069,5,0,640000,0.25,0.010547
1024,5069,6,0,640000,0.25,0.011712
1024,5069,7,0,640000,0.25,0.01196
1024,5069,8,0,640000,0.25,0.00932
1024,5069,9,0,640000,0.25,0.003307
1024,5069,10,0,640000,0.25,0.014107
1024,5069,11,0,640000,0.25,0.008894
1024,5069,12,0,640000,0.25,0.00904
1024,5069,13,0,640000,0.25,0.009588
1024,5069,14,0,640000,0.25,0.011045
1024,5069,15,0,640000,0.25,0.010741
1024,5069,16,0,640000,0.25,0.011321
1024,5069,17,0,640000,0.25,0.009639
1024,5069,18,0,640000,0.25,0.010669
1024,5069,19,0,640000,0.25,0.011752
1024,5069,20,0,640000,0.25,0.010164
1024,5069,21,0,640000,0.25,0.011426
1024,5069,22,0,640000,0.25,0.009691
1024,5069,23,0,640000,0.25,0.010394
1024,5069,24,0,640000,0.25,0.011398
1024,5069,25,0,640000,0.25,0.010115
1024,5069,26,0,640000,0.25,0.012541
1024,5069,27,0,640000,0.25,0.011372
1024,5069,28,0,640000,0.25,0.010278
1024,5069,29,0,640000,0.25,0.01053
1024,5069,30,0,640000,0.25,0.010428
1024,5069,31,0,640000,0.25,0.010113
1024,5069,32,0,640000,0.25,0.009689
1024,5069,33,0,640000,0.25,0.009153
1024,5069,34,0,640000,0.25,0.008437
1024,5069,35,0,640000,0.25,0.010246
1024,5069,36,0,640000,0.25,0.008935
1024,5069,37,0,640000,0.25,0.010912
1024,5069,38,0,640000,0.25,0.00801
1024,5069,39,0,640000,0.25,0.009307
1024,5069,40,0,640000,0.25,0.0088
1024,5069,41,0,640000,0.25,0.010183
1024,5069,42,0,640000,0.25,0.008718
1024,5069,43,0,640000,0.25,0.010097
1024,5069,44,0,640000,0.25,0.009469
1024,5069,45,0,640000,0.25,0.007133
1024,5069,46,0,640000,0.25,0.008043
1024,5069,47,0,640000,0.25,0.009249
1024,5069,48,0,640000,0.25,0.011249
1024,5069,49,0,640000,0.25,0.009078
1024,5069,50,0,640000,0.25,0.007859
1024,5069,51,0,640000,0.25,0.013037
1024,5069,52,0,640000,0.25,0.010422
1024,5069,53,0,640000,0.25,0.0087
1024,5069,54,0,640000,0.25,0.01159
1024,5069,55,0,640000,0.25,0.008325
1024,5069,56,0,640000,0.25,0.010324
1024,5069,57,0,640000,0.25,0.009484
1024,5069,58,0,640000,0.25,0.009671
1024,5069,59,0,640000,0.25,0.009313
1024,5069,60,0,640000,0.25,0.011907
1024,5069,61,0,640000,0.25,0.010764
1024,5069,62,0,640000,0.25,0.008463
1024,5069,63,0,640000,0.25,0.007286
1024,5069,64,0,640000,0.25,0.011385
1024,5069,65,0,640000,0.25,0.007866
1024,5069,66,0,640000,0.25,0.01063
1024,5069,67,0,640000,0.25,0.009026
1024,5069,68,0,640000,0.25,0.010159
1024,5069,69,0,640000,0.25,0.009672
1024,5069,70,0,640000,0.25,0.01053
1024,5069,71,0,640000,0.25,0.00935
1024,5069,72,0,640000,0.25,0.00807
1024,5069,73,0,640000,0.25,0.011861
1024,5069,74,0,640000,0.25,0.010393
1024,5069,75,0,640000,0.25,0.009942
1024,5069,76,0,640000,0.25,0.008417
1024,5069,77,0,640000,0.25,0.009136
1024,5069,78,0,640000,0.25,0.010093
1024,5069,79,0,640000,0.25,0.007119
1024,5069,80,0,640000,0.25,0.009655
1024,5069,81,0,640000,0.25,0.00913
1024,5069,82,0,640000,0.25,0.009513
1024,5069,83,0,640000,0.25,0.009108
1024,5069,84,0,640000,0.25,0.010888
1024,5069,85,0,640000,0.25,0.00653
1024,5069,86,0,640000,0.25,0.007895
1024,5069,87,0,640000,0.25,0.012252
1024,5069,88,0,640000,0.25,0.009113
1024,5069,89,0,640000,0.25,0.010798
1024,5069,90,0,640000,0.25,0.010458
1024,5069,91,0,640000,0.25,0.010903
1024,5069,92,0,640000,0.25,0.010847
1024,5069,93,0,640000,0.25,0.008325
1024,5069,94,0,640000,0.25,0.00989
1024,5069,95,0,640000,0.25,0.00881
1024,5069,96,0,640000,0.25,0.00785
1024,5069,97,0,640000,0.25,0.010428
1024,5069,98,0,640000,0.25,0.009137
1024,5069,99,0,640000,0.25,0.007454
1024,5069,100,0,640000,0.25,0.009512
1024,5069,101,0,640000,0.25,0.010663
1024,5069,102,0,640000,0.25,0.01042
1024,5069,103,0,640000,0.25,0.010795
1024,5069,104,0,640000,0.25,0.008926
1024,5069,105,0,640000,0.25,0.010003
1024,5069,106,0,640000,0.25,0.013764
1024,5069,107,0,640000,0.25,0.011393
1024,5069,108,0,640000,0.25,0.011974
1024,5069,109,0,640000,0.25,0.011685
1024,5069,110,0,640000,0.25,0.007624
1024,5069,111,0,640000,0.25,0.003607
1024,5069,112,0,640000,0.25,0.009978
1024,5069,113,0,640000,0.25,0.011396
1024,5069,114,0,640000,0.25,0.010989
1024,5069,115,0,640000,0.25,0.013505
1024,5069,116,0,640000,0.25,0.008973
1024,5069,117,0,640000,0.25,0.010496
1024,5069,118,0,640000,0.25,0.009884
1024,5069,119,0,640000,0.25,0.012789
1024,5069,120,0,640000,0.25,0.010516
1024,5069,121,0,640000,0.25,0.011157
1024,5069,122,0,640000,0.25,0.010257
1024,5069,123,0,640000,0.25,0.008212
1024,5069,124,0,640000,0.25,0.009866
1024,5069,125,0,640000,0.25,0.009095
1024,5069,126,0,640000,0.25,0.010403
1024,5069,127,0,640000,0.25,0.010301
1024,5069,128,0,640000,0.25,0.008501
1024,5069,129,0,640000,0.25,0.013372
1024,5069,130,0,640000,0.25,0.009709
1024,5069,131,0,640000,0.25,0.008279
1024,5069,132,0,640000,0.25,0.011128
1024,5069,133,0,640000,0.25,0.007378
1024,5069,134,0,640000,0.25,0.0099
1024,5069,135,0,640000,0.25,0.01378
1024,5069,136,0,640000,0.25,0.008902
1024,5069,137,0,640000,0.25,0.010213
1024,5069,138,0,640000,0.25,0.010199
1024,5069,139,0,640000,0.25,0.010398
1024,5069,140,0,640000,0.25,0.009364
1024,5069,141,0,640000,0.25,0.009112
1024,5069,142,0,640000,0.25,0.009406
1024,5069,143,0,640000,0.25,0.008358
1024,5069,144,0,640000,0.25,0.009879
1024,5069,145,0,640000,0.25,0.00845
1024,5069,146,0,640000,0.25,0.009797
1024,5069,147,0,640000,0.25,0.009416
1024,5069,148,0,640000,0.25,0.009217
1024,5069,149,0,640000,0.25,0.010526
1024,5069,150,0,640000,0.25,0.010175
1024,5069,151,0,640000,0.25,0.005193
1024,5069,152,0,640000,0.25,0.010503
1024,5069,153,0,640000,0.25,0.009515
1024,5069,154,0,640000,0.25,0.008347
1024,5069,155,0,640000,0.25,0.01244
1024,5069,156,0,640000,0.25,0.009681
1024,5069,157,0,640000,0.25,0.007411
1024,5069,158,0,640000,0.25,0.009253
1024,5069,159,0,640000,0.25,0.010264
1024,5069,160,0,640000,0.25,0.010828
1024,5069,161,0,640000,0.25,0.010791
1024,5069,162,0,640000,0.25,0.008557
1024,5069,163,0,640000,0.25,0.010316
1024,5069,164,0,640000,0.25,0.008645
1024,5069,165,0,640000,0.25,0.009459
1024,5069,166,0,640000,0.25,0.009557
1024,5069,167,0,640000,0.25,0.009646
1024,5069,168,0,640000,0.25,0.009757
1024,5069,169,0,640000,0.25,0.008668
1024,5069,170,0,640000,0.25,0.00823
1024,5069,171,0,640000,0.25,0.009322
1024,5069,172,0,640000,0.25,0.008994
1024,5069,173,0,640000,0.25,0.00857
1024,5069,174,0,640000,0.25,0.009034
1024,5069,175,0,640000,0.25,0.010086
1024,5069,176,0,640000,0.25,0.009627
1024,5069,177,0,640000,0.25,0.010628
1024,5069,178,0,640000,0.25,0.009404
1024,5069,179,0,640000,0.25,0.007806
1024,5069,180,0,640000,0.25,0.004411
1024,5069,181,0,640000,0.25,0.006629
1024,5069,182,0,640000,0.25,0.011381
1024,5069,183,0,640000,0.25,0.010524
1024,5069,184,0,640000,0.25,0.008931
1024,5069,185,0,640000,0.25,0.005069
1024,5069,186,0,640000,0.25,0.01047
1024,5069,187,0,640000,0.25,0.010123
1024,5069,188,0,640000,0.25,0.010351
1024,5069,189,0,640000,0.25,0.007164
1024,5069,190,0,640000,0.25,0.010791
1024,5069,191,0,640000,0.25,0.008851
1024,5069,192,0,640000,0.25,0.009456
1024,5069,193,0,640000,0.25,0.008676
1024,5069,194,0,640000,0.25,0.010404
1024,5069,195,0,640000,0.25,0.010104
1024,5069,196,0,640000,0.25,0.00903
1024,5069,197,0,640000,0.25,0.008324
1024,5069,198,0,640000,0.25,0.010229
1024,5069,199,0,640000,0.25,0.010174
1024,5069,200,0,640000,0.25,0.010003
1024,5069,201,0,640000,0.25,0.00332
1024,5069,202,0,640000,0.25,0.012927
1024,5069,203,0,640000,0.25,0.008879
1024,5069,204,0,640000,0.25,0.009658
1024,5069,205,0,640000,0.25,0.008806
1024,5069,206,0,640000,0.25,0.008881
1024,5069,207,0,640000,0.25,0.009567
1024,5069,208,0,640000,0.25,0.009189
1024,5069,209,0,640000,0.25,0.008622
1024,5069,210,0,640000,0.25,0.009408
1024,5069,211,0,640000,0.25,0.010602
1024,5069,212,0,640000,0.25,0.009604
1024,5069,213,0,640000,0.25,0.01002
1024,5069,214,0,640000,0.25,0.009599
1024,5069,215,0,640000,0.25,0.009858
1024,5069,216,0,640000,0.25,0.009247
1024,5069,217,0,640000,0.25,0.009535
1024,5069,218,0,640000,0.25,0.011235
1024,5069,219,0,640000,0.25,0.009979
1024,5069,220,0,640000,0.25,0.011893
1024,5069,221,0,640000,0.25,0.009945
1024,5069,222,0,640000,0.25,0.008065
1024,5069,223,0,640000,0.25,0.008257
1024,5069,224,0,640000,0.25,0.008533
1024,5069,225,0,640000,0.25,0.010683
1024,5069,226,0,640000,0.25,0.00989
1024,5069,227,0,640000,0.25,0.011675
1024,5069,228,0,640000,0.25,0.009516
1024,5069,229,0,640000,0.25,0.01099
1024,5069,230,0,640000,0.25,0.009454
1024,5069,231,0,640000,0.25,0.00777
1024,5069,232,0,640000,0.25,0.010016
1024,5069,233,0,640000,0.25,0.01066
1024,5069,234,0,640000,0.25,0.008731
1024,5069,235,0,640000,0.25,0.01102
1024,5069,236,0,640000,0.25,0.008792
1024,5069,237,0,640000,0.25,0.007828
1024,5069,238,0,640000,0.25,0.010634
1024,5069,239,0,640000,0.25,0.009614
1024,5069,240,0,640000,0.25,0.009031
1024,5069,241,0,640000,0.25,0.008186
1024,5069,242,0,640000,0.25,0.008334
1024,5069,243,0,640000,0.25,0.009646
1024,5069,244,0,640000,0.25,0.007942
1024,5069,245,0,640000,0.25,0.009378
1024,5069,246,0,640000,0.25,0.009698
1024,5069,247,0,640000,0.25,0.010761
1024,5069,248,0,640000,0.25,0.010585
1024,5069,249,0,640000,0.25,0.00973
1024,5069,250,0,640000,0.25,0.011558
1024,5069,251,0,640000,0.25,0.009305
1024,5069,252,0,640000,0.25,0.010618
1024,5069,253,0,640000,0.25,0.010039
1024,5069,254,0,640000,0.25,0.007897
1024,5069,255,0,640000,0.25,0.009863
1024,5069,256,0,640000,0.25,0.009743
1024,5069,257,0,640000,0.25,0.010569
1024,5069,258,0,640000,0.25,0.008226
1024,5069,259,0,640000,0.25,0.009798
1024,5069,260,0,640000,0.25,0.011828
1024,5069,261,0,640000,0.25,0.01114
1024,5069,262,0,640000,0.25,0.010566
1024,5069,263,0,640000,0.25,0.012103
1024,5069,264,0,640000,0.25,0.007984
1024,5069,265,0,640000,0.25,0.010726
1024,5069,266,0,640000,0.25,0.009686
1024,5069,267,0,640000,0.25,0.008921
1024,5069,268,0,640000,0.25,0.011226
1024,5069,269,0,640000,0.25,0.008829
1024,5069,270,0,640000,0.25,0.010232
1024,5069,271,0,640000,0.25,0.009062
1024,5069,272,0,640000,0.25,0.00854
1024,5069,273,0,640000,0.25,0.00938
1024,5069,274,0,640000,0.25,0.009092
1024,5069,275,0,640000,0.25,0.010202
1024,5069,276,0,640000,0.25,0.008797
1024,5069,277,0,640000,0.25,0.009524
1024,5069,278,0,640000,0.25,0.009115
1024,5069,279,0,640000,0.25,0.009043
1024,5069,280,0,640000,0.25,0.00922
1024,5069,281,0,640000,0.25,0.008906
1024,5069,282,0,640000,0.25,0.011948
1024,5069,283,0,640000,0.25,0.01192
1024,5069,284,0,640000,0.25,0.008322
1024,5069,285,0,640000,0.25,0.007711
1024,5069,286,0,640000,0.25,0.005575
1024,5069,287,0,640000,0.25,0.005155
1024,5069,288,0,640000,0.25,0.010026
1024,5069,289,0,640000,0.25,0.010819
1024,5069,290,0,640000,0.25,0.008757
1024,5069,291,0,640000,0.25,0.008264
1024,5069,292,0,640000,0.25,0.007618
1024,5069,293,0,640000,0.25,0.013214
1024,5069,294,0,640000,0.25,0.00723
1024,5069,295,0,640000,0.25,0.010442
1024,5069,296,0,640000,0.25,0.010124
1024,5069,297,0,640000,0.25,0.009292
1024,5069,298,0,640000,0.25,0.010727
1024,5069,299,0,640000,0.25,0.009741
1024,5069,300,0,640000,0.25,0.009701
1024,5069,301,0,640000,0.25,0.00379
1024,5069,302,0,640000,0.25,0.013119
1024,5069,303,0,640000,0.25,0.008193
1024,5069,304,0,640000,0.25,0.010728
1024,5069,305,0,640000,0.25,0.010002
1024,5069,306,0,640000,0.25,0.009273
1024,5069,307,0,640000,0.25,0.008969
1024,5069,308,0,640000,0.25,0.009569
1024,5069,309,0,640000,0.25,0.008523
1024,5069,310,0,640000,0.25,0.009444
1024,5069,311,0,640000,0.25,0.010143
1024,5069,312,0,640000,0.25,0.009527
1024,5069,313,0,640000,0.25,0.008111
1024,5069,314,0,640000,0.25,0.011407
1024,5069,315,0,640000,0.25,0.008784
1024,5069,316,0,640000,0.25,0.010335
1024,5069,317,0,640000,0.25,0.010795
1024,5069,318,0,640000,0.25,0.008566
1024,5069,319,0,640000,0.25,0.009781
1024,5069,320,0,640000,0.25,0.008441
1024,5069,321,0,640000,0.25,0.010046
1024,5069,322,0,640000,0.25,0.009983
1024,5069,323,0,640000,0.25,0.011859
1024,5069,324,0,640000,0.25,0.009454
1024,5069,325,0,640000,0.25,0.009374
1024,5069,326,0,640000,0.25,0.009474
1024,5069,327,0,640000,0.25,0.008207
1024,5069,328,0,640000,0.25,0.012201
1024,5069,329,0,640000,0.25,0.012994
1024,5069,330,0,640000,0.25,0.008942
1024,5069,331,0,640000,0.25,0.01007
1024,5069,332,0,640000,0.25,0.009395
1024,5069,333,0,640000,0.25,0.010461
1024,5069,334,0,640000,0.25,0.007208
1024,5069,335,0,640000,0.25,0.010658
1024,5069,336,0,640000,0.25,0.010578
1024,5069,337,0,640000,0.25,0.009288
1024,5069,338,0,640000,0.25,0.009244
1024,5069,339,0,640000,0.25,0.009891
1024,5069,340,0,640000,0.25,0.009162
1024,5069,341,0,640000,0.25,0.009061
1024,5069,342,0,640000,0.25,0.012717
1024,5069,343,0,640000,0.25,0.012016
1024,5069,344,0,640000,0.25,0.00917
1024,5069,345,0,640000,0.25,0.008029
1024,5069,346,0,640000,0.25,0.010053
1024,5069,347,0,640000,0.25,0.009069
1024,5069,348,0,640000,0.25,0.008308
1024,5069,349,0,640000,0.25,0.007828
1024,5069,350,0,640000,0.25,0.009104
1024,5069,351,0,640000,0.25,0.009868
1024,5069,352,0,640000,0.25,0.008602
1024,5069,353,0,640000,0.25,0.009149
1024,5069,354,0,640000,0.25,0.008018
1024,5069,355,0,640000,0.25,0.012291
1024,5069,356,0,640000,0.25,0.008478
1024,5069,357,0,640000,0.25,0.009304
1024,5069,358,0,640000,0.25,0.009101
1024,5069,359,0,640000,0.25,0.008433
1024,5069,360,0,640000,0.25,0.010531
1024,5069,361,0,640000,0.25,0.008463
1024,5069,362,0,640000,0.25,0.011401
1024,5069,363,0,640000,0.25,0.009707
1024,5069,364,0,640000,0.25,0.012031
1024,5069,365,0,640000,0.25,0.008584
1024,5069,366,0,640000,0.25,0.009508
1024,5069,367,0,640000,0.25,0.00783
1024,5069,368,0,640000,0.25,0.010143
1024,5069,369,0,640000,0.25,0.009988
1024,5069,370,0,640000,0.25,0.010433
1024,5069,371,0,640000,0.25,0.009301
1024,5069,372,0,640000,0.25,0.009071
1024,5069,373,0,640000,0.25,0.008044
1024,5069,374,0,640000,0.25,0.010205
1024,5069,375,0,640000,0.25,0.00969
1024,5069,376,0,640000,0.25,0.010749
1024,5069,377,0,640000,0.25,0.009188
1024,5069,378,0,640000,0.25,0.011825
1024,5069,379,0,640000,0.25,0.010045
1024,5069,380,0,640000,0.25,0.010012
1024,5069,381,0,640000,0.25,0.00911
1024,5069,382,0,640000,0.25,0.009071
1024,5069,383,0,640000,0.25,0.009584
1024,5069,384,0,640000,0.25,0.01002
1024,5069,385,0,640000,0.25,0.009642
1024,5069,386,0,640000,0.25,0.009826
1024,5069,387,0,640000,0.25,0.008002
1024,5069,388,0,640000,0.25,0.009999
1024,5069,389,0,640000,0.25,0.009177
1024,5069,390,0,640000,0.25,0.008913
1024,5069,391,0,640000,0.25,0.009967
1024,5069,392,0,640000,0.25,0.010859
1024,5069,393,0,640000,0.25,0.00939
1024,5069,394,0,640000,0.25,0.010084
1024,5069,395,0,640000,0.25,0.012562
1024,5069,396,0,640000,0.25,0.009178
1024,5069,397,0,640000,0.25,0.006535
1024,5069,398,0,640000,0.25,0.007494
1024,5069,399,0,640000,0.25,0.008724
1024,5069,400,0,640000,0.25,0.004879
1024,5274,1,0,640000,0.25,0.007279
1024,5274,2,0,640000,0.25,0.011332
1024,5274,3,0,640000,0.25,0.012005
1024,5274,4,0,640000,0.25,0.015372
1024,5274,5,0,640000,0.25,0.013172
1024,5274,6,0,640000,0.25,0.012297
1024,5274,7,0,640000,0.25,0.013011
1024,5274,8,0,640000,0.25,0.012351
1024,5274,9,0,640000,0.25,0.013809
1024,5274,10,0,640000,0.25,0.015981
1024,5274,11,0,640000,0.25,0.010785
1024,5274,12,0,640000,0.25,0.011157
1024,5274,13,0,640000,0.25,0.011252
1024,5274,14,0,640000,0.25,0.011492
1024,5274,15,0,640000,0.25,0.009854
1024,5274,16,0,640000,0.25,0.011383
1024,5274,17,0,640000,0.25,0.011146
1024,5274,18,0,640000,0.25,0.010845
1024,5274,19,0,640000,0.25,0.011374
1024,5274,20,0,640000,0.25,0.011372
1024,5274,21,0,640000,0.25,0.010294
1024,5274,22,0,640000,0.25,0.012991
1024,5274,23,0,640000,0.25,0.010957
1024,5274,24,0,640000,0.25,0.011527
1024,5274,25,0,640000,0.25,0.012876
1024,5274,26,0,640000,0.25,0.013076
1024,5274,27,0,640000,0.25,0.015203
1024,5274,28,0,640000,0.25,0.009947
1024,5274,29,0,640000,0.25,0.012448
1024,5274,30,0,640000,0.25,0.011191
1024,5274,31,0,640000,0.25,0.013941
1024,5274,32,0,640000,0.25,0.010834
1024,5274,33,0,640000,0.25,0.010979
1024,5274,34,0,640000,0.25,0.012999
1024,5274,35,0,640000,0.25,0.012181
1024,5274,36,0,640000,0.25,0.01181
1024,5274,37,0,640000,0.25,0.013367
1024,5274,38,0,640000,0.25,0.011414
1024,5274,39,0,640000,0.25,0.012713
1024,5274,40,0,640000,0.25,0.012724
1024,5274,41,0,640000,0.25,0.01414
1024,5274,42,0,640000,0.25,0.011833
1024,5274,43,0,640000,0.25,0.011489
1024,5274,44,0,640000,0.25,0.01314
1024,5274,45,0,640000,0.25,0.011028
1024,5274,46,0,640000,0.25,0.012262
1024,5274,47,0,640000,0.25,0.012352
1024,5274,48,0,640000,0.25,0.009685
1024,5274,49,0,640000,0.25,0.010497
1024,5274,50,0,640000,0.25,0.013454
1024,5274,51,0,640000,0.25,0.010591
1024,5274,52,0,640000,0.25,0.010908
1024,5274,53,0,640000,0.25,0.010167
1024,5274,54,0,640000,0.25,0.011466
1024,5274,55,0,640000,0.25,0.012965
1024,5274,56,0,640000,0.25,0.012334
1024,5274,57,0,640000,0.25,0.01153
1024,5274,58,0,640000,0.25,0.015
1024,5274,59,0,640000,0.25,0.012708
1024,5274,60,0,640000,0.25,0.014529
1024,5274,61,0,640000,0.25,0.009726
1024,5274,62,0,640000,0.25,0.010496
1024,5274,63,0,640000,0.25,0.010168
1024,5274,64,0,640000,0.25,0.009651
1024,5274,65,0,640000,0.25,0.010871
1024,5274,66,0,640000,0.25,0.010041
1024,5274,67,0,640000,0.25,0.008804
1024,5274,68,0,640000,0.25,0.012927
1024,5274,69,0,640000,0.25,0.013811
1024,5274,70,0,640000,0.25,0.018705
1024,5274,71,0,640000,0.25,0.010894
1024,5274,72,0,640000,0.25,0.01249
1024,5274,73,0,640000,0.25,0.012992
1024,5274,74,0,640000,0.25,0.013024
1024,5274,75,0,640000,0.25,0.01055
1024,5274,76,0,640000,0.25,0.013579
1024,5274,77,0,640000,0.25,0.01235
1024,5274,78,0,640000,0.25,0.011652
1024,5274,79,0,640000,0.25,0.010949
1024,5274,80,0,640000,0.25,0.012061
1024,5274,81,0,640000,0.25,0.011469
1024,5274,82,0,640000,0.25,0.013529
1024,5274,83,0,640000,0.25,0.009472
1024,5274,84,0,640000,0.25,0.011965
1024,5274,85,0,640000,0.25,0.013919
1024,5274,86,0,640000,0.25,0.012118
1024,5274,87,0,640000,0.25,0.011496
1024,5274,88,0,640000,0.25,0.010329
1024,5274,89,0,640000,0.25,0.010719
1024,5274,90,0,640000,0.25,0.014101
1024,5274,91,0,640000,0.25,0.01185
1024,5274,92,0,640000,0.25,0.011871
1024,5274,93,0,640000,0.25,0.00672
1024,5274,94,0,640000,0.25,0.005879
1024,5274,95,0,640000,0.25,0.006343
1024,5274,96,0,640000,0.25,0.007434
1024,5274,97,0,640000,0.25,0.006086
1024,5274,98,0,640000,0.25,0.009799
1024,5274,99,0,640000,0.25,0.009434
1024,5274,100,0,640000,0.25,0.011136
1024,5274,101,0,640000,0.25,0.007048
1024,5274,102,0,640000,0.25,0.012953
1024,5274,103,0,640000,0.25,0.013317
1024,5274,104,0,640000,0.25,0.01051
1024,5274,105,0,640000,0.25,0.009226
1024,5274,106,0,640000,0.25,0.011035
1024,5274,107,0,640000,0.25,0.011181
1024,5274,108,0,640000,0.25,0.011318
1024,5274,109,0,640000,0.25,0.0125
1024,5274,110,0,640000,0.25,0.013835
1024,5274,111,0,640000,0.25,0.011012
1024,5274,112,0,640000,0.25,0.012358
1024,5274,113,0,640000,0.25,0.013055
1024,5274,114,0,640000,0.25,0.01261
1024,5274,115,0,640000,0.25,0.012809
1024,5274,116,0,640000,0.25,0.012484
1024,5274,117,0,640000,0.25,0.012281
1024,5274,118,0,640000,0.25,0.014343
1024,5274,119,0,640000,0.25,0.01221
1024,5274,120,0,640000,0.25,0.0127
1024,5274,121,0,640000,0.25,0.016823
1024,5274,122,0,640000,0.25,0.013176
1024,5274,123,0,640000,0.25,0.009623
1024,5274,124,0,640000,0.25,0.012007
1024,5274,125,0,640000,0.25,0.011935
1024,5274,126,0,640000,0.25,0.012274
1024,5274,127,0,640000,0.25,0.013089
1024,5274,128,0,640000,0.25,0.011593
1024,5274,129,0,640000,0.25,0.011875
1024,5274,130,0,640000,0.25,0.010051
1024,5274,131,0,640000,0.25,0.014544
1024,5274,132,0,640000,0.25,0.014116
1024,5274,133,0,640000,0.25,0.01163
1024,5274,134,0,640000,0.25,0.012176
1024,5274,135,0,640000,0.25,0.010362
1024,5274,136,0,640000,0.25,0.010162
1024,5274,137,0,640000,0.25,0.01338
1024,5274,138,0,640000,0.25,0.016296
1024,5274,139,0,640000,0.25,0.013297
1024,5274,140,0,640000,0.25,0.012062
1024,5274,141,0,640000,0.25,0.013018
1024,5274,142,0,640000,0.25,0.010253
1024,5274,143,0,640000,0.25,0.011216
1024,5274,144,0,640000,0.25,0.008932
1024,5274,145,0,640000,0.25,0.010235
1024,5274,146,0,640000,0.25,0.011344
1024,5274,147,0,640000,0.25,0.010328
1024,5274,148,0,640000,0.25,0.012761
1024,5274,149,0,640000,0.25,0.010019
1024,5274,150,0,640000,0.25,0.013304
1024,5274,151,0,640000,0.25,0.010536
1024,5274,152,0,640000,0.25,0.012597
1024,5274,153,0,640000,0.25,0.012902
1024,5274,154,0,640000,0.25,0.01393
1024,5274,155,0,640000,0.25,0.015444
1024,5274,156,0,640000,0.25,0.010156
1024,5274,157,0,640000,0.25,0.009837
1024,5274,158,0,640000,0.25,0.011109
1024,5274,159,0,640000,0.25,0.010645
1024,5274,160,0,640000,0.25,0.014015
1024,5274,161,0,640000,0.25,0.009494
1024,5274,162,0,640000,0.25,0.009596
1024,5274,163,0,640000,0.25,0.012008
1024,5274,164,0,640000,0.25,0.011763
1024,5274,165,0,640000,0.25,0.01156
1024,5274,166,0,640000,0.25,0.014337
1024,5274,167,0,640000,0.25,0.009551
1024,5274,168,0,640000,0.25,0.01148
1024,5274,169,0,640000,0.25,0.011669
1024,5274,170,0,640000,0.25,0.011055
1024,5274,171,0,640000,0.25,0.012909
1024,5274,172,0,640000,0.25,0.011604
1024,5274,173,0,640000,0.25,0.011087
1024,5274,174,0,640000,0.25,0.014922
1024,5274,175,0,640000,0.25,0.012225
1024,5274,176,0,640000,0.25,0.013792
1024,5274,177,0,640000,0.25,0.011086
1024,5274,178,0,640000,0.25,0.012563
1024,5274,179,0,640000,0.25,0.0108
1024,5274,180,0,640000,0.25,0.012401
1024,5274,181,0,640000,0.25,0.012336
1024,5274,182,0,640000,0.25,0.009773
1024,5274,183,0,640000,0.25,0.014422
1024,5274,184,0,640000,0.25,0.013594
1024,5274,185,0,640000,0.25,0.012221
1024,5274,186,0,640000,0.25,0.011382
1024,5274,187,0,640000,0.25,0.012342
1024,5274,188,0,640000,0.25,0.010716
1024,5274,189,0,640000,0.25,0.01133
1024,5274,190,0,640000,0.25,0.011905
1024,5274,191,0,640000,0.25,0.011609
1024,5274,192,0,640000,0.25,0.009793
1024,5274,193,0,640000,0.25,0.012559
1024,5274,194,0,640000,0.25,0.01634
1024,5274,195,0,640000,0.25,0.012247
1024,5274,196,0,640000,0.25,0.012415
1024,5274,197,0,640000,0.25,0.00947
1024,5274,198,0,640000,0.25,0.013072
1024,5274,199,0,640000,0.25,0.009258
1024,5274,200,0,640000,0.25,0.012629
1024,5274,201,0,640000,0.25,0.005033
1024,5274,202,0,640000,0.25,0.012455
1024,5274,203,0,640000,0.25,0.015152
1024,5274,204,0,640000,0.25,0.011501
1024,5274,205,0,640000,0.25,0.008071
1024,5274,206,0,640000,0.25,0.012008
1024,5274,207,0,640000,0.25,0.012162
1024,5274,208,0,640000,0.25,0.014364
1024,5274,209,0,640000,0.25,0.008678
1024,5274,210,0,640000,0.25,0.005114
1024,5274,211,0,640000,0.25,0.005005
1024,5274,212,0,640000,0.25,0.015802
1024,5274,213,0,640000,0.25,0.013102
1024,5274,214,0,640000,0.25,0.013074
1024,5274,215,0,640000,0.25,0.0096
1024,5274,216,0,640000,0.25,0.014006
1024,5274,217,0,640000,0.25,0.013724
1024,5274,218,0,640000,0.25,0.010822
1024,5274,219,0,640000,0.25,0.012383
1024,5274,220,0,640000,0.25,0.011072
1024,5274,221,0,640000,0.25,0.011979
1024,5274,222,0,640000,0.25,0.013985
1024,5274,223,0,640000,0.25,0.012515
1024,5274,224,0,640000,0.25,0.011838
1024,5274,225,0,640000,0.25,0.011013
1024,5274,226,0,640000,0.25,0.012792
1024,5274,227,0,640000,0.25,0.011636
1024,5274,228,0,640000,0.25,0.009821
1024,5274,229,0,640000,0.25,0.011176
1024,5274,230,0,640000,0.25,0.01386
1024,5274,231,0,640000,0.25,0.012694
1024,5274,232,0,640000,0.25,0.011817
1024,5274,233,0,640000,0.25,0.011623
1024,5274,234,0,640000,0.25,0.012631
1024,5274,235,0,640000,0.25,0.013284
1024,5274,236,0,640000,0.25,0.010173
1024,5274,237,0,640000,0.25,0.014157
1024,5274,238,0,640000,0.25,0.010527
1024,5274,239,0,640000,0.25,0.012926
1024,5274,240,0,640000,0.25,0.011745
1024,5274,241,0,640000,0.25,0.01197
1024,5274,242,0,640000,0.25,0.014927
1024,5274,243,0,640000,0.25,0.012584
1024,5274,244,0,640000,0.25,0.015592
1024,5274,245,0,640000,0.25,0.014548
1024,5274,246,0,640000,0.25,0.010459
1024,5274,247,0,640000,0.25,0.011369
1024,5274,248,0,640000,0.25,0.013562
1024,5274,249,0,640000,0.25,0.014001
1024,5274,250,0,640000,0.25,0.012042
1024,5274,251,0,640000,0.25,0.011071
1024,5274,252,0,640000,0.25,0.010589
1024,5274,253,0,640000,0.25,0.013296
1024,5274,254,0,640000,0.25,0.009107
1024,5274,255,0,640000,0.25,0.010834
1024,5274,256,0,640000,0.25,0.012724
1024,5274,257,0,640000,0.25,0.012359
1024,5274,258,0,640000,0.25,0.010254
1024,5274,259,0,640000,0.25,0.009885
1024,5274,260,0,640000,0.25,0.013643
1024,5274,261,0,640000,0.25,0.011325
1024,5274,262,0,640000,0.25,0.010725
1024,5274,263,0,640000,0.25,0.00983
1024,5274,264,0,640000,0.25,0.011127
1024,5274,265,0,640000,0.25,0.012898
1024,5274,266,0,640000,0.25,0.011508
1024,5274,267,0,640000,0.25,0.01216
1024,5274,268,0,640000,0.25,0.01134
1024,5274,269,0,640000,0.25,0.011657
1024,5274,270,0,640000,0.25,0.010096
1024,5274,271,0,640000,0.25,0.013166
1024,5274,272,0,640000,0.25,0.012887
1024,5274,273,0,640000,0.25,0.0092
1024,5274,274,0,640000,0.25,0.0128
1024,5274,275,0,640000,0.25,0.012526
1024,5274,276,0,640000,0.25,0.011955
1024,5274,277,0,640000,0.25,0.010621
1024,5274,278,0,640000,0.25,0.010137
1024,5274,279,0,640000,0.25,0.014611
1024,5274,280,0,640000,0.25,0.011037
1024,5274,281,0,640000,0.25,0.011191
1024,5274,282,0,640000,0.25,0.014059
1024,5274,283,0,640000,0.25,0.011016
1024,5274,284,0,640000,0.25,0.010277
1024,5274,285,0,640000,0.25,0.009904
1024,5274,286,0,640000,0.25,0.01299
1024,5274,287,0,640000,0.25,0.009746
1024,5274,288,0,640000,0.25,0.013808
1024,5274,289,0,640000,0.25,0.010183
1024,5274,290,0,640000,0.25,0.01033
1024,5274,291,0,640000,0.25,0.014872
1024,5274,292,0,640000,0.25,0.013027
1024,5274,293,0,640000,0.25,0.012058
1024,5274,294,0,640000,0.25,0.010089
1024,5274,295,0,640000,0.25,0.010317
1024,5274,296,0,640000,0.25,0.01101
1024,5274,297,0,640000,0.25,0.011921
1024,5274,298,0,640000,0.25,0.004921
1024,5274,299,0,640000,0.25,0.007583
1024,5274,300,0,640000,0.25,0.005584
1024,5274,301,0,640000,0.25,0.006492
1024,5274,302,0,640000,0.25,0.012769
1024,5274,303,0,640000,0.25,0.015274
1024,5274,304,0,640000,0.25,0.011845
1024,5274,305,0,640000,0.25,0.012532
1024,5274,306,0,640000,0.25,0.011571
1024,5274,307,0,640000,0.25,0.01085
1024,5274,308,0,640000,0.25,0.014447
1024,5274,309,0,640000,0.25,0.01242
1024,5274,310,0,640000,0.25,0.01036
1024,5274,311,0,640000,0.25,0.011797
1024,5274,312,0,640000,0.25,0.012444
1024,5274,313,0,640000,0.25,0.010318
1024,5274,314,0,640000,0.25,0.008471
1024,5274,315,0,640000,0.25,0.010279
1024,5274,316,0,640000,0.25,0.013299
1024,5274,317,0,640000,0.25,0.011877
1024,5274,318,0,640000,0.25,0.013658
1024,5274,319,0,640000,0.25,0.010326
1024,5274,320,0,640000,0.25,0.009981
1024,5274,321,0,640000,0.25,0.011742
1024,5274,322,0,640000,0.25,0.013641
1024,5274,323,0,640000,0.25,0.012095
1024,5274,324,0,640000,0.25,0.010742
1024,5274,325,0,640000,0.25,0.013299
1024,5274,326,0,640000,0.25,0.009838
1024,5274,327,0,640000,0.25,0.010807
1024,5274,328,0,640000,0.25,0.01136
1024,5274,329,0,640000,0.25,0.013804
1024,5274,330,0,640000,0.25,0.013525
1024,5274,331,0,640000,0.25,0.011383
1024,5274,332,0,640000,0.25,0.010441
1024,5274,333,0,640000,0.25,0.010624
1024,5274,334,0,640000,0.25,0.009678
1024,5274,335,0,640000,0.25,0.011252
1024,5274,336,0,640000,0.25,0.012681
1024,5274,337,0,640000,0.25,0.010084
1024,5274,338,0,640000,0.25,0.014051
1024,5274,339,0,640000,0.25,0.012865
1024,5274,340,0,640000,0.25,0.014458
1024,5274,341,0,640000,0.25,0.011082
1024,5274,342,0,640000,0.25,0.010076
1024,5274,343,0,640000,0.25,0.009943
1024,5274,344,0,640000,0.25,0.010695
1024,5274,345,0,640000,0.25,0.013891
1024,5274,346,0,640000,0.25,0.010456
1024,5274,347,0,640000,0.25,0.013701
1024,5274,348,0,640000,0.25,0.010917
1024,5274,349,0,640000,0.25,0.011468
1024,5274,350,0,640000,0.25,0.010746
1024,5274,351,0,640000,0.25,0.014239
1024,5274,352,0,640000,0.25,0.010716
1024,5274,353,0,640000,0.25,0.012757
1024,5274,354,0,640000,0.25,0.011524
1024,5274,355,0,640000,0.25,0.010786
1024,5274,356,0,640000,0.25,0.012467
1024,5274,357,0,640000,0.25,0.011813
1024,5274,358,0,640000,0.25,0.013336
1024,5274,359,0,640000,0.25,0.014933
1024,5274,360,0,640000,0.25,0.010148
1024,5274,361,0,640000,0.25,0.013281
1024,5274,362,0,640000,0.25,0.011863
1024,5274,363,0,640000,0.25,0.010761
1024,5274,364,0,640000,0.25,0.012256
1024,5274,365,0,640000,0.25,0.008938
1024,5274,366,0,640000,0.25,0.012882
1024,5274,367,0,640000,0.25,0.011677
1024,5274,368,0,640000,0.25,0.010869
1024,5274,369,0,640000,0.25,0.014421
1024,5274,370,0,640000,0.25,0.01121
1024,5274,371,0,640000,0.25,0.011266
1024,5274,372,0,640000,0.25,0.01067
1024,5274,373,0,640000,0.25,0.015313
1024,5274,374,0,640000,0.25,0.013754
1024,5274,375,0,640000,0.25,0.010497
1024,5274,376,0,640000,0.25,0.012485
1024,5274,377,0,640000,0.25,0.010794
1024,5274,378,0,640000,0.25,0.01126
1024,5274,379,0,640000,0.25,0.012289
1024,5274,380,0,640000,0.25,0.010563
1024,5274,381,0,640000,0.25,0.009438
1024,5274,382,0,640000,0.25,0.010975
1024,5274,383,0,640000,0.25,0.012096
1024,5274,384,0,640000,0.25,0.011817
1024,5274,385,0,640000,0.25,0.01098
1024,5274,386,0,640000,0.25,0.012217
1024,5274,387,0,640000,0.25,0.009968
1024,5274,388,0,640000,0.25,0.00923
1024,5274,389,0,640000,0.25,0.005026
1024,5274,390,0,640000,0.25,0.005535
1024,5274,391,0,640000,0.25,0.005502
1024,5274,392,0,640000,0.25,0.006852
1024,5274,393,0,640000,0.25,0.005216
1024,5274,394,0,640000,0.25,0.00669
1024,5274,395,0,640000,0.25,0.008207
1024,5274,396,0,640000,0.25,0.007545
1024,5274,397,0,640000,0.25,0.00588
1024,5274,398,0,640000,0.25,0.005816
1024,5274,399,0,640000,0.25,0.012701
1024,5274,400,0,640000,0.25,0.012497
1024,5478,1,0,640000,0.25,0.006531
1024,5478,2,0,640000,0.25,0.017077
1024,5478,3,0,640000,0.25,0.014063
1024,5478,4,0,640000,0.25,0.012115
1024,5478,5,0,640000,0.25,0.012654
1024,5478,6,0,640000,0.25,0.015138
1024,5478,7,0,640000,0.25,0.016776
1024,5478,8,0,640000,0.25,0.017706
1024,5478,9,0,640000,0.25,0.016424
1024,5478,10,0,640000,0.25,0.014408
1024,5478,11,0,640000,0.25,0.017252
1024,5478,12,0,640000,0.25,0.013648
1024,5478,13,0,640000,0.25,0.012157
1024,5478,14,0,640000,0.25,0.016276
1024,5478,15,0,640000,0.25,0.015851
1024,5478,16,0,640000,0.25,0.013045
1024,5478,17,0,640000,0.25,0.014528
1024,5478,18,0,640000,0.25,0.016578
1024,5478,19,0,640000,0.25,0.014614
1024,5478,20,0,640000,0.25,0.013147
1024,5478,21,0,640000,0.25,0.014386
1024,5478,22,0,640000,0.25,0.015274
1024,5478,23,0,640000,0.25,0.014511
1024,5478,24,0,640000,0.25,0.019228
1024,5478,25,0,640000,0.25,0.013742
1024,5478,26,0,640000,0.25,0.01464
1024,5478,27,0,640000,0.25,0.014273
1024,5478,28,0,640000,0.25,0.012546
1024,5478,29,0,640000,0.25,0.012442
1024,5478,30,0,640000,0.25,0.012317
1024,5478,31,0,640000,0.25,0.014488
1024,5478,32,0,640000,0.25,0.021299
1024,5478,33,0,640000,0.25,0.017023
1024,5478,34,0,640000,0.25,0.014482
1024,5478,35,0,640000,0.25,0.016575
1024,5478,36,0,640000,0.25,0.013689
1024,5478,37,0,640000,0.25,0.011125
1024,5478,38,0,640000,0.25,0.012523
1024,5478,39,0,640000,0.25,0.0145
1024,5478,40,0,640000,0.25,0.015116
1024,5478,41,0,640000,0.25,0.015967
1024,5478,42,0,640000,0.25,0.016257
1024,5478,43,0,640000,0.25,0.015021
1024,5478,44,0,640000,0.25,0.02108
1024,5478,45,0,640000,0.25,0.017879
1024,5478,46,0,640000,0.25,0.015878
1024,5478,47,0,640000,0.25,0.013785
1024,5478,48,0,640000,0.25,0.013953
1024,5478,49,0,640000,0.25,0.01737
1024,5478,50,0,640000,0.25,0.015496
1024,5478,51,0,640000,0.25,0.014654
1024,5478,52,0,640000,0.25,0.014876
1024,5478,53,0,640000,0.25,0.009615
1024,5478,54,0,640000,0.25,0.014734
1024,5478,55,0,640000,0.25,0.015257
1024,5478,56,0,640000,0.25,0.01575
1024,5478,57,0,640000,0.25,0.013736
1024,5478,58,0,640000,0.25,0.011523
1024,5478,59,0,640000,0.25,0.0169
1024,5478,60,0,640000,0.25,0.013102
1024,5478,61,0,640000,0.25,0.015259
1024,5478,62,0,640000,0.25,0.013545
1024,5478,63,0,640000,0.25,0.014779
1024,5478,64,0,640000,0.25,0.020402
1024,5478,65,0,640000,0.25,0.016611
1024,5478,66,0,640000,0.25,0.015846
1024,5478,67,0,640000,0.25,0.013611
1024,5478,68,0,640000,0.25,0.014434
1024,5478,69,0,640000,0.25,0.014937
1024,5478,70,0,640000,0.25,0.019322
1024,5478,71,0,640000,0.25,0.012754
1024,5478,72,0,640000,0.25,0.013396
1024,5478,73,0,640000,0.25,0.013637
1024,5478,74,0,640000,0.25,0.016949
1024,5478,75,0,640000,0.25,0.014234
1024,5478,76,0,640000,0.25,0.015915
1024,5478,77,0,640000,0.25,0.016631
1024,5478,78,0,640000,0.25,0.015893
1024,5478,79,0,640000,0.25,0.012879
1024,5478,80,0,640000,0.25,0.013119
1024,5478,81,0,640000,0.25,0.005898
1024,5478,82,0,640000,0.25,0.014447
1024,5478,83,0,640000,0.25,0.014146
1024,5478,84,0,640000,0.25,0.018008
1024,5478,85,0,640000,0.25,0.021507
1024,5478,86,0,640000,0.25,0.012977
1024,5478,87,0,640000,0.25,0.015405
1024,5478,88,0,640000,0.25,0.014976
1024,5478,89,0,640000,0.25,0.013479
1024,5478,90,0,640000,0.25,0.014227
1024,5478,91,0,640000,0.25,0.014117
1024,5478,92,0,640000,0.25,0.016284
1024,5478,93,0,640000,0.25,0.019851
1024,5478,94,0,640000,0.25,0.014683
1024,5478,95,0,640000,0.25,0.012829
1024,5478,96,0,640000,0.25,0.014803
1024,5478,97,0,640000,0.25,0.013918
1024,5478,98,0,640000,0.25,0.013711
1024,5478,99,0,640000,0.25,0.010539
1024,5478,100,0,640000,0.25,0.019383
1024,5478,101,0,640000,0.25,0.008797
1024,5478,102,0,640000,0.25,0.01674
1024,5478,103,0,640000,0.25,0.016434
1024,5478,104,0,640000,0.25,0.013198
1024,5478,105,0,640000,0.25,0.014007
1024,5478,106,0,640000,0.25,0.012987
1024,5478,107,0,640000,0.25,0.01513
1024,5478,108,0,640000,0.25,0.018458
1024,5478,109,0,640000,0.25,0.022686
1024,5478,110,0,640000,0.25,0.016502
1024,5478,111,0,640000,0.25,0.013559
1024,5478,112,0,640000,0.25,0.018373
1024,5478,113,0,640000,0.25,0.016924
1024,5478,114,0,640000,0.25,0.013885
1024,5478,115,0,640000,0.25,0.015206
1024,5478,116,0,640000,0.25,0.014559
1024,5478,117,0,640000,0.25,0.015967
1024,5478,118,0,640000,0.25,0.017736
1024,5478,119,0,640000,0.25,0.013504
1024,5478,120,0,640000,0.25,0.011682
1024,5478,121,0,640000,0.25,0.016692
1024,5478,122,0,640000,0.25,0.017393
1024,5478,123,0,640000,0.25,0.013409
1024,5478,124,0,640000,0.25,0.01628
1024,5478,125,0,640000,0.25,0.015541
1024,5478,126,0,640000,0.25,0.017474
1024,5478,127,0,640000,0.25,0.016839
1024,5478,128,0,640000,0.25,0.017805
1024,5478,129,0,640000,0.25,0.015106
1024,5478,130,0,640000,0.25,0.015686
1024,5478,131,0,640000,0.25,0.015012
1024,5478,132,0,640000,0.25,0.012413
1024,5478,133,0,640000,0.25,0.019128
1024,5478,134,0,640000,0.25,0.018087
1024,5478,135,0,640000,0.25,0.016179
1024,5478,136,0,640000,0.25,0.017024
1024,5478,137,0,640000,0.25,0.01387
1024,5478,138,0,640000,0.25,0.014346
1024,5478,139,0,640000,0.25,0.013232
1024,5478,140,0,640000,0.25,0.013807
1024,5478,141,0,640000,0.25,0.016643
1024,5478,142,0,640000,0.25,0.011445
1024,5478,143,0,640000,0.25,0.015822
1024,5478,144,0,640000,0.25,0.013773
1024,5478,145,0,640000,0.25,0.019481
1024,5478,146,0,640000,0.25,0.019499
1024,5478,147,0,640000,0.25,0.015796
1024,5478,148,0,640000,0.25,0.014799
1024,5478,149,0,640000,0.25,0.016722
1024,5478,150,0,640000,0.25,0.011787
1024,5478,151,0,640000,0.25,0.021828
1024,5478,152,0,640000,0.25,0.016092
1024,5478,153,0,640000,0.25,0.015664
1024,5478,154,0,640000,0.25,0.01594
1024,5478,155,0,640000,0.25,0.013888
1024,5478,156,0,640000,0.25,0.015234
1024,5478,157,0,640000,0.25,0.017066
1024,5478,158,0,640000,0.25,0.015333
1024,5478,159,0,640000,0.25,0.013346
1024,5478,160,0,640000,0.25,0.014225
1024,5478,161,0,640000,0.25,0.014212
1024,5478,162,0,640000,0.25,0.017358
1024,5478,163,0,640000,0.25,0.013082
1024,5478,164,0,640000,0.25,0.017213
1024,5478,165,0,640000,0.25,0.020223
1024,5478,166,0,640000,0.25,0.015088
1024,5478,167,0,640000,0.25,0.017442
1024,5478,168,0,640000,0.25,0.01224
1024,5478,169,0,640000,0.25,0.015622
1024,5478,170,0,640000,0.25,0.015963
1024,5478,171,0,640000,0.25,0.012146
1024,5478,172,0,640000,0.25,0.013628
1024,5478,173,0,640000,0.25,0.014009
1024,5478,174,0,640000,0.25,0.019867
1024,5478,175,0,640000,0.25,0.016189
1024,5478,176,0,640000,0.25,0.017267
1024,5478,177,0,640000,0.25,0.01818
1024,5478,178,0,640000,0.25,0.014008
1024,5478,179,0,640000,0.25,0.01581
1024,5478,180,0,640000,0.25,0.016382
1024,5478,181,0,640000,0.25,0.01108
1024,5478,182,0,640000,0.25,0.015708
1024,5478,183,0,640000,0.25,0.016032
1024,5478,184,0,640000,0.25,0.018412
1024,5478,185,0,640000,0.25,0.015993
1024,5478,186,0,640000,0.25,0.009703
1024,5478,187,0,640000,0.25,0.01012
1024,5478,188,0,640000,0.25,0.008647
1024,5478,189,0,640000,0.25,0.008506
1024,5478,190,0,640000,0.25,0.009224
1024,5478,191,0,640000,0.25,0.016388
1024,5478,192,0,640000,0.25,0.013489
1024,5478,193,0,640000,0.25,0.010625
1024,5478,194,0,640000,0.25,0.011143
1024,5478,195,0,640000,0.25,0.012583
1024,5478,196,0,640000,0.25,0.017114
1024,5478,197,0,640000,0.25,0.012194
1024,5478,198,0,640000,0.25,0.011887
1024,5478,199,0,640000,0.25,0.01632
1024,5478,200,0,640000,0.25,0.010843
1024,5478,201,0,640000,0.25,0.00762
1024,5478,202,0,640000,0.25,0.015342
1024,5478,203,0,640000,0.25,0.011226
1024,5478,204,0,640000,0.25,0.014802
1024,5478,205,0,640000,0.25,0.009132
1024,5478,206,0,640000,0.25,0.012833
1024,5478,207,0,640000,0.25,0.018416
1024,5478,208,0,640000,0.25,0.016926
1024,5478,209,0,640000,0.25,0.018042
1024,5478,210,0,640000,0.25,0.01932
1024,5478,211,0,640000,0.25,0.016011
1024,5478,212,0,640000,0.25,0.01064
1024,5478,213,0,640000,0.25,0.011404
1024,5478,214,0,640000,0.25,0.015831
1024,5478,215,0,640000,0.25,0.016424
1024,5478,216,0,640000,0.25,0.015975
1024,5478,217,0,640000,0.25,0.018839
1024,5478,218,0,640000,0.25,0.013828
1024,5478,219,0,640000,0.25,0.012956
1024,5478,220,0,640000,0.25,0.013675
1024,5478,221,0,640000,0.25,0.019093
1024,5478,222,0,640000,0.25,0.018802
1024,5478,223,0,640000,0.25,0.016282
1024,5478,224,0,640000,0.25,0.017465
1024,5478,225,0,640000,0.25,0.013373
1024,5478,226,0,640000,0.25,0.013363
1024,5478,227,0,640000,0.25,0.019566
1024,5478,228,0,640000,0.25,0.017867
1024,5478,229,0,640000,0.25,0.014703
1024,5478,230,0,640000,0.25,0.014381
1024,5478,231,0,640000,0.25,0.012706
1024,5478,232,0,640000,0.25,0.015682
1024,5478,233,0,640000,0.25,0.015669
1024,5478,234,0,640000,0.25,0.012587
1024,5478,235,0,640000,0.25,0.015176
1024,5478,236,0,640000,0.25,0.01658
1024,5478,237,0,640000,0.25,0.011977
1024,5478,238,0,640000,0.25,0.0177
1024,5478,239,0,640000,0.25,0.017555
1024,5478,240,0,640000,0.25,0.012778
1024,5478,241,0,640000,0.25,0.014471
1024,5478,242,0,640000,0.25,0.011152
1024,5478,243,0,640000,0.25,0.014424
1024,5478,244,0,640000,0.25,0.013839
1024,5478,245,0,640000,0.25,0.012306
1024,5478,246,0,640000,0.25,0.015398
1024,5478,247,0,640000,0.25,0.015235
1024,5478,248,0,640000,0.25,0.01728
1024,5478,249,0,640000,0.25,0.014783
1024,5478,250,0,640000,0.25,0.01346
1024,5478,251,0,640000,0.25,0.015749
1024,5478,252,0,640000,0.25,0.01237
1024,5478,253,0,640000,0.25,0.014809
1024,5478,254,0,640000,0.25,0.015117
1024,5478,255,0,640000,0.25,0.015668
1024,5478,256,0,640000,0.25,0.013203
1024,5478,257,0,640000,0.25,0.013731
1024,5478,258,0,640000,0.25,0.016639
1024,5478,259,0,640000,0.25,0.013504
1024,5478,260,0,640000,0.25,0.014869
1024,5478,261,0,640000,0.25,0.01437
1024,5478,262,0,640000,0.25,0.014714
1024,5478,263,0,640000,0.25,0.014013
1024,5478,264,0,640000,0.25,0.021222
1024,5478,265,0,640000,0.25,0.016713
1024,5478,266,0,640000,0.25,0.013254
1024,5478,267,0,640000,0.25,0.014572
1024,5478,268,0,640000,0.25,0.017194
1024,5478,269,0,640000,0.25,0.017496
1024,5478,270,0,640000,0.25,0.015845
1024,5478,271,0,640000,0.25,0.016367
1024,5478,272,0,640000,0.25,0.016239
1024,5478,273,0,640000,0.25,0.018022
1024,5478,274,0,640000,0.25,0.019332
1024,5478,275,0,640000,0.25,0.015161
1024,5478,276,0,640000,0.25,0.020139
1024,5478,277,0,640000,0.25,0.016063
1024,5478,278,0,640000,0.25,0.01992
1024,5478,279,0,640000,0.25,0.01664
1024,5478,280,0,640000,0.25,0.015622
1024,5478,281,0,640000,0.25,0.011104
1024,5478,282,0,640000,0.25,0.016015
1024,5478,283,0,640000,0.25,0.015412
1024,5478,284,0,640000,0.25,0.014658
1024,5478,285,0,640000,0.25,0.014705
1024,5478,286,0,640000,0.25,0.01425
1024,5478,287,0,640000,0.25,0.017666
1024,5478,288,0,640000,0.25,0.016409
1024,5478,289,0,640000,0.25,0.021273
1024,5478,290,0,640000,0.25,0.015581
1024,5478,291,0,640000,0.25,0.016434
1024,5478,292,0,640000,0.25,0.017607
1024,5478,293,0,640000,0.25,0.013055
1024,5478,294,0,640000,0.25,0.015068
1024,5478,295,0,640000,0.25,0.013143
1024,5478,296,0,640000,0.25,0.014026
1024,5478,297,0,640000,0.25,0.019926
1024,5478,298,0,640000,0.25,0.01849
1024,5478,299,0,640000,0.25,0.013922
1024,5478,300,0,640000,0.25,0.008725
1024,5478,301,0,640000,0.25,0.012493
1024,5478,302,0,640000,0.25,0.015655
1024,5478,303,0,640000,0.25,0.012564
1024,5478,304,0,640000,0.25,0.014973
1024,5478,305,0,640000,0.25,0.012356
1024,5478,306,0,640000,0.25,0.021416
1024,5478,307,0,640000,0.25,0.012909
1024,5478,308,0,640000,0.25,0.01367
1024,5478,309,0,640000,0.25,0.016088
1024,5478,310,0,640000,0.25,0.019204
1024,5478,311,0,640000,0.25,0.01581
1024,5478,312,0,640000,0.25,0.015166
1024,5478,313,0,640000,0.25,0.018152
1024,5478,314,0,640000,0.25,0.014014
1024,5478,315,0,640000,0.25,0.01538
1024,5478,316,0,640000,0.25,0.01947
1024,5478,317,0,640000,0.25,0.019137
1024,5478,318,0,640000,0.25,0.015073
1024,5478,319,0,640000,0.25,0.019337
1024,5478,320,0,640000,0.25,0.016229
1024,5478,321,0,640000,0.25,0.014088
1024,5478,322,0,640000,0.25,0.016515
1024,5478,323,0,640000,0.25,0.019017
1024,5478,324,0,640000,0.25,0.016383
1024,5478,325,0,640000,0.25,0.013941
1024,5478,326,0,640000,0.25,0.019389
1024,5478,327,0,640000,0.25,0.015802
1024,5478,328,0,640000,0.25,0.016051
1024,5478,329,0,640000,0.25,0.016196
1024,5478,330,0,640000,0.25,0.014403
1024,5478,331,0,640000,0.25,0.013364
1024,5478,332,0,640000,0.25,0.014177
1024,5478,333,0,640000,0.25,0.016068
1024,5478,334,0,640000,0.25,0.015409
1024,5478,335,0,640000,0.25,0.016893
1024,5478,336,0,640000,0.25,0.01895
1024,5478,337,0,640000,0.25,0.012842
1024,5478,338,0,640000,0.25,0.015368
1024,5478,339,0,640000,0.25,0.013378
1024,5478,340,0,640000,0.25,0.017275
1024,5478,341,0,640000,0.25,0.007982
1024,5478,342,0,640000,0.25,0.010785
1024,5478,343,0,640000,0.25,0.012411
1024,5478,344,0,640000,0.25,0.015641
1024,5478,345,0,640000,0.25,0.014782
1024,5478,346,0,640000,0.25,0.015966
1024,5478,347,0,640000,0.25,0.014349
1024,5478,348,0,640000,0.25,0.017113
1024,5478,349,0,640000,0.25,0.019833
1024,5478,350,0,640000,0.25,0.013837
1024,5478,351,0,640000,0.25,0.018746
1024,5478,352,0,640000,0.25,0.016153
1024,5478,353,0,640000,0.25,0.016193
1024,5478,354,0,640000,0.25,0.017247
1024,5478,355,0,640000,0.25,0.015137
1024,5478,356,0,640000,0.25,0.013618
1024,5478,357,0,640000,0.25,0.019026
1024,5478,358,0,640000,0.25,0.012324
1024,5478,359,0,640000,0.25,0.018283
1024,5478,360,0,640000,0.25,0.014256
1024,5478,361,0,640000,0.25,0.014863
1024,5478,362,0,640000,0.25,0.012739
1024,5478,363,0,640000,0.25,0.014168
1024,5478,364,0,640000,0.25,0.018137
1024,5478,365,0,640000,0.25,0.012179
1024,5478,366,0,640000,0.25,0.012552
1024,5478,367,0,640000,0.25,0.017062
1024,5478,368,0,640000,0.25,0.015818
1024,5478,369,0,640000,0.25,0.014554
1024,5478,370,0,640000,0.25,0.010922
1024,5478,371,0,640000,0.25,0.015219
1024,5478,372,0,640000,0.25,0.01567
1024,5478,373,0,640000,0.25,0.013812
1024,5478,374,0,640000,0.25,0.005222
1024,5478,375,0,640000,0.25,0.017394
1024,5478,376,0,640000,0.25,0.016189
1024,5478,377,0,640000,0.25,0.015199
1024,5478,378,0,640000,0.25,0.015405
1024,5478,379,0,640000,0.25,0.01066
1024,5478,380,0,640000,0.25,0.011951
1024,5478,381,0,640000,0.25,0.014991
1024,5478,382,0,640000,0.25,0.014314
1024,5478,383,0,640000,0.25,0.012069
1024,5478,384,0,640000,0.25,0.013745
1024,5478,385,0,640000,0.25,0.01259
1024,5478,386,0,640000,0.25,0.01866
1024,5478,387,0,640000,0.25,0.01783
1024,5478,388,0,640000,0.25,0.017049
1024,5478,389,0,640000,0.25,0.014449
1024,5478,390,0,640000,0.25,0.015656
1024,5478,391,0,640000,0.25,0.016639
1024,5478,392,0,640000,0.25,0.016886
1024,5478,393,0,640000,0.25,0.015176
1024,5478,394,0,640000,0.25,0.016244
1024,5478,395,0,640000,0.25,0.011344
1024,5478,396,0,640000,0.25,0.013189
1024,5478,397,0,640000,0.25,0.008283
1024,5478,398,0,640000,0.25,0.008698
1024,5478,399,0,640000,0.25,0.009992
1024,5478,400,0,640000,0.25,0.007487
1024,5683,1,0,640000,0.25,0.008882
1024,5683,2,0,640000,0.25,0.018298
1024,5683,3,0,640000,0.25,0.018207
1024,5683,4,0,640000,0.25,0.029897
1024,5683,5,0,640000,0.25,0.018362
1024,5683,6,0,640000,0.25,0.024112
1024,5683,7,0,640000,0.25,0.016788
1024,5683,8,0,640000,0.25,0.019298
1024,5683,9,0,640000,0.25,0.014641
1024,5683,10,0,640000,0.25,0.026297
1024,5683,11,0,640000,0.25,0.022269
1024,5683,12,0,640000,0.25,0.017534
1024,5683,13,0,640000,0.25,0.016967
1024,5683,14,0,640000,0.25,0.025633
1024,5683,15,0,640000,0.25,0.021305
1024,5683,16,0,640000,0.25,0.019084
1024,5683,17,0,640000,0.25,0.022312
1024,5683,18,0,640000,0.25,0.013704
1024,5683,19,0,640000,0.25,0.016788
1024,5683,20,0,640000,0.25,0.018453
1024,5683,21,0,640000,0.25,0.01809
1024,5683,22,0,640000,0.25,0.025561
1024,5683,23,0,640000,0.25,0.018695
1024,5683,24,0,640000,0.25,0.019834
1024,5683,25,0,640000,0.25,0.020943
1024,5683,26,0,640000,0.25,0.016829
1024,5683,27,0,640000,0.25,0.020314
1024,5683,28,0,640000,0.25,0.019651
1024,5683,29,0,640000,0.25,0.021055
1024,5683,30,0,640000,0.25,0.02592
1024,5683,31,0,640000,0.25,0.022066
1024,5683,32,0,640000,0.25,0.022036
1024,5683,33,0,640000,0.25,0.018676
1024,5683,34,0,640000,0.25,0.01805
1024,5683,35,0,640000,0.25,0.019754
1024,5683,36,0,640000,0.25,0.0153
1024,5683,37,0,640000,0.25,0.022249
1024,5683,38,0,640000,0.25,0.025036
1024,5683,39,0,640000,0.25,0.017412
1024,5683,40,0,640000,0.25,0.025449
1024,5683,41,0,640000,0.25,0.020693
1024,5683,42,0,640000,0.25,0.021284
1024,5683,43,0,640000,0.25,0.019211
1024,5683,44,0,640000,0.25,0.015581
1024,5683,45,0,640000,0.25,0.018878
1024,5683,46,0,640000,0.25,0.019918
1024,5683,47,0,640000,0.25,0.022509
1024,5683,48,0,640000,0.25,0.024243
1024,5683,49,0,640000,0.25,0.02507
1024,5683,50,0,640000,0.25,0.015893
1024,5683,51,0,640000,0.25,0.023154
1024,5683,52,0,640000,0.25,0.021336
1024,5683,53,0,640000,0.25,0.020007
1024,5683,54,0,640000,0.25,0.020945
1024,5683,55,0,640000,0.25,0.023569
1024,5683,56,0,640000,0.25,0.018338
1024,5683,57,0,640000,0.25,0.023924
1024,5683,58,0,640000,0.25,0.014867
1024,5683,59,0,640000,0.25,0.018366
1024,5683,60,0,640000,0.25,0.016911
1024,5683,61,0,640000,0.25,0.020064
1024,5683,62,0,640000,0.25,0.023591
1024,5683,63,0,640000,0.25,0.016021
1024,5683,64,0,640000,0.25,0.016709
1024,5683,65,0,640000,0.25,0.017167
1024,5683,66,0,640000,0.25,0.021389
1024,5683,67,0,640000,0.25,0.017087
1024,5683,68,0,640000,0.25,0.021929
1024,5683,69,0,640000,0.25,0.015926
1024,5683,70,0,640000,0.25,0.01623
1024,5683,71,0,640000,0.25,0.018439
1024,5683,72,0,640000,0.25,0.018847
1024,5683,73,0,640000,0.25,0.018764
1024,5683,74,0,640000,0.25,0.023631
1024,5683,75,0,640000,0.25,0.017106
1024,5683,76,0,640000,0.25,0.023716
1024,5683,77,0,640000,0.25,0.02274
1024,5683,78,0,640000,0.25,0.023593
1024,5683,79,0,640000,0.25,0.017537
1024,5683,80,0,640000,0.25,0.019337
1024,5683,81,0,640000,0.25,0.009973
1024,5683,82,0,640000,0.25,0.019536
1024,5683,83,0,640000,0.25,0.017206
1024,5683,84,0,640000,0.25,0.019095
1024,5683,85,0,640000,0.25,0.016327
1024,5683,86,0,640000,0.25,0.019261
1024,5683,87,0,640000,0.25,0.027206
1024,5683,88,0,640000,0.25,0.014411
1024,5683,89,0,640000,0.25,0.02364
1024,5683,90,0,640000,0.25,0.019738
1024,5683,91,0,640000,0.25,0.019555
1024,5683,92,0,640000,0.25,0.016672
1024,5683,93,0,640000,0.25,0.02751
1024,5683,94,0,640000,0.25,0.018935
1024,5683,95,0,640000,0.25,0.015879
1024,5683,96,0,640000,0.25,0.021373
1024,5683,97,0,640000,0.25,0.018852
1024,5683,98,0,640000,0.25,0.021997
1024,5683,99,0,640000,0.25,0.020277
1024,5683,100,0,640000,0.25,0.019466
1024,5683,101,0,640000,0.25,0.006152
1024,5683,102,0,640000,0.25,0.023844
1024,5683,103,0,640000,0.25,0.023381
1024,5683,104,0,640000,0.25,0.018142
1024,5683,105,0,640000,0.25,0.019614
1024,5683,106,0,640000,0.25,0.017931
1024,5683,107,0,640000,0.25,0.018751
1024,5683,108,0,640000,0.25,0.024275
1024,5683,109,0,640000,0.25,0.019824
1024,5683,110,0,640000,0.25,0.02003
1024,5683,111,0,640000,0.25,0.024624
1024,5683,112,0,640000,0.25,0.021964
1024,5683,113,0,640000,0.25,0.018929
1024,5683,114,0,640000,0.25,0.021409
1024,5683,115,0,640000,0.25,0.019286
1024,5683,116,0,640000,0.25,0.019517
1024,5683,117,0,640000,0.25,0.022862
1024,5683,118,0,640000,0.25,0.018047
1024,5683,119,0,640000,0.25,0.018694
1024,5683,120,0,640000,0.25,0.020381
1024,5683,121,0,640000,0.25,0.016819
1024,5683,122,0,640000,0.25,0.017403
1024,5683,123,0,640000,0.25,0.016093
1024,5683,124,0,640000,0.25,0.021272
1024,5683,125,0,640000,0.25,0.021133
1024,5683,126,0,640000,0.25,0.019456
1024,5683,127,0,640000,0.25,0.02585
1024,5683,128,0,640000,0.25,0.019715
1024,5683,129,0,640000,0.25,0.018979
1024,5683,130,0,640000,0.25,0.021299
1024,5683,131,0,640000,0.25,0.022292
1024,5683,132,0,640000,0.25,0.019459
1024,5683,133,0,640000,0.25,0.018521
1024,5683,134,0,640000,0.25,0.018822
1024,5683,135,0,640000,0.25,0.021868
1024,5683,136,0,640000,0.25,0.019836
1024,5683,137,0,640000,0.25,0.024643
1024,5683,138,0,640000,0.25,0.018855
1024,5683,139,0,640000,0.25,0.018215
1024,5683,140,0,640000,0.25,0.016166
1024,5683,141,0,640000,0.25,0.01945
1024,5683,142,0,640000,0.25,0.026781
1024,5683,143,0,640000,0.25,0.020749
1024,5683,144,0,640000,0.25,0.015253
1024,5683,145,0,640000,0.25,0.02523
1024,5683,146,0,640000,0.25,0.026164
1024,5683,147,0,640000,0.25,0.025313
1024,5683,148,0,640000,0.25,0.026413
1024,5683,149,0,640000,0.25,0.024275
1024,5683,150,0,640000,0.25,0.034674
1024,5683,151,0,640000,0.25,0.022294
1024,5683,152,0,640000,0.25,0.023717
1024,5683,153,0,640000,0.25,0.025058
1024,5683,154,0,640000,0.25,0.014426
1024,5683,155,0,640000,0.25,0.019184
1024,5683,156,0,640000,0.25,0.025618
1024,5683,157,0,640000,0.25,0.022668
1024,5683,158,0,640000,0.25,0.018351
1024,5683,159,0,640000,0.25,0.0184
1024,5683,160,0,640000,0.25,0.020027
1024,5683,161,0,640000,0.25,0.019426
1024,5683,162,0,640000,0.25,0.030258
1024,5683,163,0,640000,0.25,0.022408
1024,5683,164,0,640000,0.25,0.030401
1024,5683,165,0,640000,0.25,0.022173
1024,5683,166,0,640000,0.25,0.017953
1024,5683,167,0,640000,0.25,0.022251
1024,5683,168,0,640000,0.25,0.019025
1024,5683,169,0,640000,0.25,0.020308
1024,5683,170,0,640000,0.25,0.015296
1024,5683,171,0,640000,0.25,0.0222
1024,5683,172,0,640000,0.25,0.018289
1024,5683,173,0,640000,0.25,0.017617
1024,5683,174,0,640000,0.25,0.023739
1024,5683,175,0,640000,0.25,0.018977
1024,5683,176,0,640000,0.25,0.01803
1024,5683,177,0,640000,0.25,0.020043
1024,5683,178,0,640000,0.25,0.019502
1024,5683,179,0,640000,0.25,0.017928
1024,5683,180,0,640000,0.25,0.01814
1024,5683,181,0,640000,0.25,0.020581
1024,5683,182,0,640000,0.25,0.017284
1024,5683,183,0,640000,0.25,0.021834
1024,5683,184,0,640000,0.25,0.016919
1024,5683,185,0,640000,0.25,0.017666
1024,5683,186,0,640000,0.25,0.012622
1024,5683,187,0,640000,0.25,0.009692
1024,5683,188,0,640000,0.25,0.009959
1024,5683,189,0,640000,0.25,0.007691
1024,5683,190,0,640000,0.25,0.01225
1024,5683,191,0,640000,0.25,0.010663
1024,5683,192,0,640000,0.25,0.022587
1024,5683,193,0,640000,0.25,0.023596
1024,5683,194,0,640000,0.25,0.022841
1024,5683,195,0,640000,0.25,0.019533
1024,5683,196,0,640000,0.25,0.026293
1024,5683,197,0,640000,0.25,0.024163
1024,5683,198,0,640000,0.25,0.024365
1024,5683,199,0,640000,0.25,0.022842
1024,5683,200,0,640000,0.25,0.02047
1024,5683,201,0,640000,0.25,0.008375
1024,5683,202,0,640000,0.25,0.024592
1024,5683,203,0,640000,0.25,0.020684
1024,5683,204,0,640000,0.25,0.019057
1024,5683,205,0,640000,0.25,0.018509
1024,5683,206,0,640000,0.25,0.021698
1024,5683,207,0,640000,0.25,0.013361
1024,5683,208,0,640000,0.25,0.019501
1024,5683,209,0,640000,0.25,0.024124
1024,5683,210,0,640000,0.25,0.021087
1024,5683,211,0,640000,0.25,0.018077
1024,5683,212,0,640000,0.25,0.016765
1024,5683,213,0,640000,0.25,0.024577
1024,5683,214,0,640000,0.25,0.021483
1024,5683,215,0,640000,0.25,0.017729
1024,5683,216,0,640000,0.25,0.025305
1024,5683,217,0,640000,0.25,0.025711
1024,5683,218,0,640000,0.25,0.016048
1024,5683,219,0,640000,0.25,0.023464
1024,5683,220,0,640000,0.25,0.015757
1024,5683,221,0,640000,0.25,0.018343
1024,5683,222,0,640000,0.25,0.020147
1024,5683,223,0,640000,0.25,0.033283
1024,5683,224,0,640000,0.25,0.018917
1024,5683,225,0,640000,0.25,0.02023
1024,5683,226,0,640000,0.25,0.023345
1024,5683,227,0,640000,0.25,0.017798
1024,5683,228,0,640000,0.25,0.019154
1024,5683,229,0,640000,0.25,0.016467
1024,5683,230,0,640000,0.25,0.025186
1024,5683,231,0,640000,0.25,0.025268
1024,5683,232,0,640000,0.25,0.017191
1024,5683,233,0,640000,0.25,0.02227
1024,5683,234,0,640000,0.25,0.025342
1024,5683,235,0,640000,0.25,0.019333
1024,5683,236,0,640000,0.25,0.020613
1024,5683,237,0,640000,0.25,0.018641
1024,5683,238,0,640000,0.25,0.017751
1024,5683,239,0,640000,0.25,0.01617
1024,5683,240,0,640000,0.25,0.018776
1024,5683,241,0,640000,0.25,0.019986
1024,5683,242,0,640000,0.25,0.020203
1024,5683,243,0,640000,0.25,0.017049
1024,5683,244,0,640000,0.25,0.028597
1024,5683,245,0,640000,0.25,0.013183
1024,5683,246,0,640000,0.25,0.019303
1024,5683,247,0,640000,0.25,0.019657
1024,5683,248,0,640000,0.25,0.017653
1024,5683,249,0,640000,0.25,0.020755
1024,5683,250,0,640000,0.25,0.02261
1024,5683,251,0,640000,0.25,0.019308
1024,5683,252,0,640000,0.25,0.022307
1024,5683,253,0,640000,0.25,0.02835
1024,5683,254,0,640000,0.25,0.023557
1024,5683,255,0,640000,0.25,0.017153
1024,5683,256,0,640000,0.25,0.027571
1024,5683,257,0,640000,0.25,0.024821
1024,5683,258,0,640000,0.25,0.022966
1024,5683,259,0,640000,0.25,0.016813
1024,5683,260,0,640000,0.25,0.015885
1024,5683,261,0,640000,0.25,0.027406
1024,5683,262,0,640000,0.25,0.024596
1024,5683,263,0,640000,0.25,0.024042
1024,5683,264,0,640000,0.25,0.015412
1024,5683,265,0,640000,0.25,0.018245
1024,5683,266,0,640000,0.25,0.021153
1024,5683,267,0,640000,0.25,0.021183
1024,5683,268,0,640000,0.25,0.017369
1024,5683,269,0,640000,0.25,0.021011
1024,5683,270,0,640000,0.25,0.018594
1024,5683,271,0,640000,0.25,0.017969
1024,5683,272,0,640000,0.25,0.022968
1024,5683,273,0,640000,0.25,0.021563
1024,5683,274,0,640000,0.25,0.01972
1024,5683,275,0,640000,0.25,0.028698
1024,5683,276,0,640000,0.25,0.018138
1024,5683,277,0,640000,0.25,0.01879
1024,5683,278,0,640000,0.25,0.023205
1024,5683,279,0,640000,0.25,0.01964
1024,5683,280,0,640000,0.25,0.022363
1024,5683,281,0,640000,0.25,0.020267
1024,5683,282,0,640000,0.25,0.028128
1024,5683,283,0,640000,0.25,0.018279
1024,5683,284,0,640000,0.25,0.025547
1024,5683,285,0,640000,0.25,0.02217
1024,5683,286,0,640000,0.25,0.02332
1024,5683,287,0,640000,0.25,0.017818
1024,5683,288,0,640000,0.25,0.017747
1024,5683,289,0,640000,0.25,0.021824
1024,5683,290,0,640000,0.25,0.014755
1024,5683,291,0,640000,0.25,0.017699
1024,5683,292,0,640000,0.25,0.02002
1024,5683,293,0,640000,0.25,0.007337
1024,5683,294,0,640000,0.25,0.021722
1024,5683,295,0,640000,0.25,0.02007
1024,5683,296,0,640000,0.25,0.019327
1024,5683,297,0,640000,0.25,0.024541
1024,5683,298,0,640000,0.25,0.015482
1024,5683,299,0,640000,0.25,0.022123
1024,5683,300,0,640000,0.25,0.01476
1024,5683,301,0,640000,0.25,0.010334
1024,5683,302,0,640000,0.25,0.017046
1024,5683,303,0,640000,0.25,0.017891
1024,5683,304,0,640000,0.25,0.016575
1024,5683,305,0,640000,0.25,0.029602
1024,5683,306,0,640000,0.25,0.029028
1024,5683,307,0,640000,0.25,0.018752
1024,5683,308,0,640000,0.25,0.020705
1024,5683,309,0,640000,0.25,0.017523
1024,5683,310,0,640000,0.25,0.023252
1024,5683,311,0,640000,0.25,0.015858
1024,5683,312,0,640000,0.25,0.025543
1024,5683,313,0,640000,0.25,0.029294
1024,5683,314,0,640000,0.25,0.023976
1024,5683,315,0,640000,0.25,0.017753
1024,5683,316,0,640000,0.25,0.031824
1024,5683,317,0,640000,0.25,0.022355
1024,5683,318,0,640000,0.25,0.019045
1024,5683,319,0,640000,0.25,0.028705
1024,5683,320,0,640000,0.25,0.017271
1024,5683,321,0,640000,0.25,0.016148
1024,5683,322,0,640000,0.25,0.022971
1024,5683,323,0,640000,0.25,0.01645
1024,5683,324,0,640000,0.25,0.015363
1024,5683,325,0,640000,0.25,0.016127
1024,5683,326,0,640000,0.25,0.01939
1024,5683,327,0,640000,0.25,0.025839
1024,5683,328,0,640000,0.25,0.027399
1024,5683,329,0,640000,0.25,0.019094
1024,5683,330,0,640000,0.25,0.013412
1024,5683,331,0,640000,0.25,0.017333
1024,5683,332,0,640000,0.25,0.014627
1024,5683,333,0,640000,0.25,0.018475
1024,5683,334,0,640000,0.25,0.029351
1024,5683,335,0,640000,0.25,0.020418
1024,5683,336,0,640000,0.25,0.026773
1024,5683,337,0,640000,0.25,0.01889
1024,5683,338,0,640000,0.25,0.021644
1024,5683,339,0,640000,0.25,0.017448
1024,5683,340,0,640000,0.25,0.020229
1024,5683,341,0,640000,0.25,0.017475
1024,5683,342,0,640000,0.25,0.020394
1024,5683,343,0,640000,0.25,0.019554
1024,5683,344,0,640000,0.25,0.018073
1024,5683,345,0,640000,0.25,0.023146
1024,5683,346,0,640000,0.25,0.023633
1024,5683,347,0,640000,0.25,0.020571
1024,5683,348,0,640000,0.25,0.018148
1024,5683,349,0,640000,0.25,0.020972
1024,5683,350,0,640000,0.25,0.019066
1024,5683,351,0,640000,0.25,0.024409
1024,5683,352,0,640000,0.25,0.017051
1024,5683,353,0,640000,0.25,0.023608
1024,5683,354,0,640000,0.25,0.024853
1024,5683,355,0,640000,0.25,0.017998
1024,5683,356,0,640000,0.25,0.02035
1024,5683,357,0,640000,0.25,0.023261
1024,5683,358,0,640000,0.25,0.022107
1024,5683,359,0,640000,0.25,0.018008
1024,5683,360,0,640000,0.25,0.017447
1024,5683,361,0,640000,0.25,0.017196
1024,5683,362,0,640000,0.25,0.022229
1024,5683,363,0,640000,0.25,0.02308
1024,5683,364,0,640000,0.25,0.021201
1024,5683,365,0,640000,0.25,0.023945
1024,5683,366,0,640000,0.25,0.01941
1024,5683,367,0,640000,0.25,0.024665
1024,5683,368,0,640000,0.25,0.020248
1024,5683,369,0,640000,0.25,0.022346
1024,5683,370,0,640000,0.25,0.020936
1024,5683,371,0,640000,0.25,0.025579
1024,5683,372,0,640000,0.25,0.027303
1024,5683,373,0,640000,0.25,0.020274
1024,5683,374,0,640000,0.25,0.024389
1024,5683,375,0,640000,0.25,0.018292
1024,5683,376,0,640000,0.25,0.016818
1024,5683,377,0,640000,0.25,0.015297
1024,5683,378,0,640000,0.25,0.012491
1024,5683,379,0,640000,0.25,0.014075
1024,5683,380,0,640000,0.25,0.012624
1024,5683,381,0,640000,0.25,0.017202
1024,5683,382,0,640000,0.25,0.021853
1024,5683,383,0,640000,0.25,0.011933
1024,5683,384,0,640000,0.25,0.022234
1024,5683,385,0,640000,0.25,0.017553
1024,5683,386,0,640000,0.25,0.029703
1024,5683,387,0,640000,0.25,0.01259
1024,5683,388,0,640000,0.25,0.019443
1024,5683,389,0,640000,0.25,0.017924
1024,5683,390,0,640000,0.25,0.018893
1024,5683,391,0,640000,0.25,0.023688
1024,5683,392,0,640000,0.25,0.020918
1024,5683,393,0,640000,0.25,0.015635
1024,5683,394,0,640000,0.25,0.016103
1024,5683,395,0,640000,0.25,0.017214
1024,5683,396,0,640000,0.25,0.011391
1024,5683,397,0,640000,0.25,0.016042
1024,5683,398,0,640000,0.25,0.013697
1024,5683,399,0,640000,0.25,0.025438
1024,5683,400,0,640000,0.25,0.016006
1024,5888,1,0,640000,0.25,0.027244
1024,5888,2,0,640000,0.25,0.028223
1024,5888,3,0,640000,0.25,0.032608
1024,5888,4,0,640000,0.25,0.03101
1024,5888,5,0,640000,0.25,0.035062
1024,5888,6,0,640000,0.25,0.03812
1024,5888,7,0,640000,0.25,0.023451
1024,5888,8,0,640000,0.25,0.024531
1024,5888,9,0,640000,0.25,0.02809
1024,5888,10,0,640000,0.25,0.031862
1024,5888,11,0,640000,0.25,0.027404
1024,5888,12,0,640000,0.25,0.021852
1024,5888,13,0,640000,0.25,0.023531
1024,5888,14,0,640000,0.25,0.037869
1024,5888,15,0,640000,0.25,0.030087
1024,5888,16,0,640000,0.25,0.086541
1024,5888,17,0,640000,0.25,0.047549
1024,5888,18,0,640000,0.25,0.024482
1024,5888,19,0,640000,0.25,0.033196
1024,5888,20,0,640000,0.25,0.023412
1024,5888,21,0,640000,0.25,0.037671
1024,5888,22,0,640000,0.25,0.025981
1024,5888,23,0,640000,0.25,0.02731
1024,5888,24,0,640000,0.25,0.031047
1024,5888,25,0,640000,0.25,0.027844
1024,5888,26,0,640000,0.25,0.0327
1024,5888,27,0,640000,0.25,0.040808
1024,5888,28,0,640000,0.25,0.02279
1024,5888,29,0,640000,0.25,0.03434
1024,5888,30,0,640000,0.25,0.032077
1024,5888,31,0,640000,0.25,0.031392
1024,5888,32,0,640000,0.25,0.023019
1024,5888,33,0,640000,0.25,0.019224
1024,5888,34,0,640000,0.25,0.030077
1024,5888,35,0,640000,0.25,0.035494
1024,5888,36,0,640000,0.25,0.035927
1024,5888,37,0,640000,0.25,0.020729
1024,5888,38,0,640000,0.25,0.038596
1024,5888,39,0,640000,0.25,0.019093
1024,5888,40,0,640000,0.25,0.030807
1024,5888,41,0,640000,0.25,0.060436
1024,5888,42,0,640000,0.25,0.041491
1024,5888,43,0,640000,0.25,0.026081
1024,5888,44,0,640000,0.25,0.045693
1024,5888,45,0,640000,0.25,0.026059
1024,5888,46,0,640000,0.25,0.033696
1024,5888,47,0,640000,0.25,0.031325
1024,5888,48,0,640000,0.25,0.032883
1024,5888,49,0,640000,0.25,0.023543
1024,5888,50,0,640000,0.25,0.031041
1024,5888,51,0,640000,0.25,0.035096
1024,5888,52,0,640000,0.25,0.037307
1024,5888,53,0,640000,0.25,0.034354
1024,5888,54,0,640000,0.25,0.040056
1024,5888,55,0,640000,0.25,0.035468
1024,5888,56,0,640000,0.25,0.044766
1024,5888,57,0,640000,0.25,0.027808
1024,5888,58,0,640000,0.25,0.056788
1024,5888,59,0,640000,0.25,0.023393
1024,5888,60,0,640000,0.25,0.046547
1024,5888,61,0,640000,0.25,0.03839
1024,5888,62,0,640000,0.25,0.030143
1024,5888,63,0,640000,0.25,0.024796
1024,5888,64,0,640000,0.25,0.03282
1024,5888,65,0,640000,0.25,0.028727
1024,5888,66,0,640000,0.25,0.031738
1024,5888,67,0,640000,0.25,0.027389
1024,5888,68,0,640000,0.25,0.024637
1024,5888,69,0,640000,0.25,0.034702
1024,5888,70,0,640000,0.25,0.025248
1024,5888,71,0,640000,0.25,0.048188
1024,5888,72,0,640000,0.25,0.028584
1024,5888,73,0,640000,0.25,0.03084
1024,5888,74,0,640000,0.25,0.011323
1024,5888,75,0,640000,0.25,0.033215
1024,5888,76,0,640000,0.25,0.020665
1024,5888,77,0,640000,0.25,0.031262
1024,5888,78,0,640000,0.25,0.030913
1024,5888,79,0,640000,0.25,0.049902
1024,5888,80,0,640000,0.25,0.025307
1024,5888,81,0,640000,0.25,0.033236
1024,5888,82,0,640000,0.25,0.028651
1024,5888,83,0,640000,0.25,0.031721
1024,5888,84,0,640000,0.25,0.028405
1024,5888,85,0,640000,0.25,0.032344
1024,5888,86,0,640000,0.25,0.029952
1024,5888,87,0,640000,0.25,0.02614
1024,5888,88,0,640000,0.25,0.026011
1024,5888,89,0,640000,0.25,0.029467
1024,5888,90,0,640000,0.25,0.026982
1024,5888,91,0,640000,0.25,0.046764
1024,5888,92,0,640000,0.25,0.042765
1024,5888,93,0,640000,0.25,0.041577
1024,5888,94,0,640000,0.25,0.031874
1024,5888,95,0,640000,0.25,0.026011
1024,5888,96,0,640000,0.25,0.038049
1024,5888,97,0,640000,0.25,0.028982
1024,5888,98,0,640000,0.25,0.052668
1024,5888,99,0,640000,0.25,0.026077
1024,5888,100,0,640000,0.25,0.032427
1024,5888,101,0,640000,0.25,0.025647
1024,5888,102,0,640000,0.25,0.029396
1024,5888,103,0,640000,0.25,0.025887
1024,5888,104,0,640000,0.25,0.028856
1024,5888,105,0,640000,0.25,0.030928
1024,5888,106,0,640000,0.25,0.022509
1024,5888,107,0,640000,0.25,0.041904
1024,5888,108,0,640000,0.25,0.024079
1024,5888,109,0,640000,0.25,0.023889
1024,5888,110,0,640000,0.25,0.028492
1024,5888,111,0,640000,0.25,0.026134
1024,5888,112,0,640000,0.25,0.02654
1024,5888,113,0,640000,0.25,0.03095
1024,5888,114,0,640000,0.25,0.026991
1024,5888,115,0,640000,0.25,0.033758
1024,5888,116,0,640000,0.25,0.029507
1024,5888,117,0,640000,0.25,0.029084
1024,5888,118,0,640000,0.25,0.030432
1024,5888,119,0,640000,0.25,0.033401
1024,5888,120,0,640000,0.25,0.020765
1024,5888,121,0,640000,0.25,0.032554
1024,5888,122,0,640000,0.25,0.031526
1024,5888,123,0,640000,0.25,0.03593
1024,5888,124,0,640000,0.25,0.033315
1024,5888,125,0,640000,0.25,0.046505
1024,5888,126,0,640000,0.25,0.023427
1024,5888,127,0,640000,0.25,0.037586
1024,5888,128,0,640000,0.25,0.022405
1024,5888,129,0,640000,0.25,0.026167
1024,5888,130,0,640000,0.25,0.051487
1024,5888,131,0,640000,0.25,0.02412
1024,5888,132,0,640000,0.25,0.029111
1024,5888,133,0,640000,0.25,0.041425
1024,5888,134,0,640000,0.25,0.028846
1024,5888,135,0,640000,0.25,0.037936
1024,5888,136,0,640000,0.25,0.029106
1024,5888,137,0,640000,0.25,0.029277
1024,5888,138,0,640000,0.25,0.028646
1024,5888,139,0,640000,0.25,0.04759
1024,5888,140,0,640000,0.25,0.048828
1024,5888,141,0,640000,0.25,0.02052
1024,5888,142,0,640000,0.25,0.023606
1024,5888,143,0,640000,0.25,0.02164
1024,5888,144,0,640000,0.25,0.031316
1024,5888,145,0,640000,0.25,0.040326
1024,5888,146,0,640000,0.25,0.034238
1024,5888,147,0,640000,0.25,0.039903
1024,5888,148,0,640000,0.25,0.034868
1024,5888,149,0,640000,0.25,0.044033
1024,5888,150,0,640000,0.25,0.024795
1024,5888,151,0,640000,0.25,0.028334
1024,5888,152,0,640000,0.25,0.023104
1024,5888,153,0,640000,0.25,0.021421
1024,5888,154,0,640000,0.25,0.022415
1024,5888,155,0,640000,0.25,0.02267
1024,5888,156,0,640000,0.25,0.03494
1024,5888,157,0,640000,0.25,0.035525
1024,5888,158,0,640000,0.25,0.022483
1024,5888,159,0,640000,0.25,0.02874
1024,5888,160,0,640000,0.25,0.022429
1024,5888,161,0,640000,0.25,0.026024
1024,5888,162,0,640000,0.25,0.028593
1024,5888,163,0,640000,0.25,0.023027
1024,5888,164,0,640000,0.25,0.031036
1024,5888,165,0,640000,0.25,0.020218
1024,5888,166,0,640000,0.25,0.037133
1024,5888,167,0,640000,0.25,0.02174
1024,5888,168,0,640000,0.25,0.030644
1024,5888,169,0,640000,0.25,0.021473
1024,5888,170,0,640000,0.25,0.033483
1024,5888,171,0,640000,0.25,0.036698
1024,5888,172,0,640000,0.25,0.023595
1024,5888,173,0,640000,0.25,0.025294
1024,5888,174,0,640000,0.25,0.036263
1024,5888,175,0,640000,0.25,0.034629
1024,5888,176,0,640000,0.25,0.033876
1024,5888,177,0,640000,0.25,0.022884
1024,5888,178,0,640000,0.25,0.032828
1024,5888,179,0,640000,0.25,0.031627
1024,5888,180,0,640000,0.25,0.032192
1024,5888,181,0,640000,0.25,0.047786
1024,5888,182,0,640000,0.25,0.031912
1024,5888,183,0,640000,0.25,0.030669
1024,5888,184,0,640000,0.25,0.03175
1024,5888,185,0,640000,0.25,0.030119
1024,5888,186,0,640000,0.25,0.019508
1024,5888,187,0,640000,0.25,0.026485
1024,5888,188,0,640000,0.25,0.021832
1024,5888,189,0,640000,0.25,0.026756
1024,5888,190,0,640000,0.25,0.027298
1024,5888,191,0,640000,0.25,0.026897
1024,5888,192,0,640000,0.25,0.036728
1024,5888,193,0,640000,0.25,0.029034
1024,5888,194,0,640000,0.25,0.025073
1024,5888,195,0,640000,0.25,0.025236
1024,5888,196,0,640000,0.25,0.032331
1024,5888,197,0,640000,0.25,0.018432
1024,5888,198,0,640000,0.25,0.017275
1024,5888,199,0,640000,0.25,0.018153
1024,5888,200,0,640000,0.25,0.033988
1024,5888,201,0,640000,0.25,0.013766
1024,5888,202,0,640000,0.25,0.022443
1024,5888,203,0,640000,0.25,0.031754
1024,5888,204,0,640000,0.25,0.033345
1024,5888,205,0,640000,0.25,0.033223
1024,5888,206,0,640000,0.25,0.050033
1024,5888,207,0,640000,0.25,0.036949
1024,5888,208,0,640000,0.25,0.024418
1024,5888,209,0,640000,0.25,0.033695
1024,5888,210,0,640000,0.25,0.037089
1024,5888,211,0,640000,0.25,0.041508
1024,5888,212,0,640000,0.25,0.02866
1024,5888,213,0,640000,0.25,0.02475
1024,5888,214,0,640000,0.25,0.03452
1024,5888,215,0,640000,0.25,0.036844
1024,5888,216,0,640000,0.25,0.031349
1024,5888,217,0,640000,0.25,0.037766
1024,5888,218,0,640000,0.25,0.020587
1024,5888,219,0,640000,0.25,0.030691
1024,5888,220,0,640000,0.25,0.03503
1024,5888,221,0,640000,0.25,0.026939
1024,5888,222,0,640000,0.25,0.036689
1024,5888,223,0,640000,0.25,0.037208
1024,5888,224,0,640000,0.25,0.025939
1024,5888,225,0,640000,0.25,0.030687
1024,5888,226,0,640000,0.25,0.037768
1024,5888,227,0,640000,0.25,0.084225
1024,5888,228,0,640000,0.25,0.036028
1024,5888,229,0,640000,0.25,0.022886
1024,5888,230,0,640000,0.25,0.028231
1024,5888,231,0,640000,0.25,0.044283
1024,5888,232,0,640000,0.25,0.025726
1024,5888,233,0,640000,0.25,0.039215
1024,5888,234,0,640000,0.25,0.026828
1024,5888,235,0,640000,0.25,0.040658
1024,5888,236,0,640000,0.25,0.042414
1024,5888,237,0,640000,0.25,0.025802
1024,5888,238,0,640000,0.25,0.031585
1024,5888,239,0,640000,0.25,0.030519
1024,5888,240,0,640000,0.25,0.032248
1024,5888,241,0,640000,0.25,0.02474
1024,5888,242,0,640000,0.25,0.026999
1024,5888,243,0,640000,0.25,0.030074
1024,5888,244,0,640000,0.25,0.021684
1024,5888,245,0,640000,0.25,0.039369
1024,5888,246,0,640000,0.25,0.027191
1024,5888,247,0,640000,0.25,0.026481
1024,5888,248,0,640000,0.25,0.03133
1024,5888,249,0,640000,0.25,0.020458
1024,5888,250,0,640000,0.25,0.04211
1024,5888,251,0,640000,0.25,0.039854
1024,5888,252,0,640000,0.25,0.044446
1024,5888,253,0,640000,0.25,0.027541
1024,5888,254,0,640000,0.25,0.042326
1024,5888,255,0,640000,0.25,0.044091
1024,5888,256,0,640000,0.25,0.023815
1024,5888,257,0,640000,0.25,0.023291
1024,5888,258,0,640000,0.25,0.04159
1024,5888,259,0,640000,0.25,0.024012
1024,5888,260,0,640000,0.25,0.037337
1024,5888,261,0,640000,0.25,0.02541
1024,5888,262,0,640000,0.25,0.030549
1024,5888,263,0,640000,0.25,0.024887
1024,5888,264,0,640000,0.25,0.02239
1024,5888,265,0,640000,0.25,0.028384
1024,5888,266,0,640000,0.25,0.043222
1024,5888,267,0,640000,0.25,0.022538
1024,5888,268,0,640000,0.25,0.021816
1024,5888,269,0,640000,0.25,0.022443
1024,5888,270,0,640000,0.25,0.02713
1024,5888,271,0,640000,0.25,0.062402
1024,5888,272,0,640000,0.25,0.044298
1024,5888,273,0,640000,0.25,0.034483
1024,5888,274,0,640000,0.25,0.027892
1024,5888,275,0,640000,0.25,0.019236
1024,5888,276,0,640000,0.25,0.046904
1024,5888,277,0,640000,0.25,0.026545
1024,5888,278,0,640000,0.25,0.023119
1024,5888,279,0,640000,0.25,0.032052
1024,5888,280,0,640000,0.25,0.034388
1024,5888,281,0,640000,0.25,0.028726
1024,5888,282,0,640000,0.25,0.043093
1024,5888,283,0,640000,0.25,0.032045
1024,5888,284,0,640000,0.25,0.050341
1024,5888,285,0,640000,0.25,0.023529
1024,5888,286,0,640000,0.25,0.028754
1024,5888,287,0,640000,0.25,0.018856
1024,5888,288,0,640000,0.25,0.038963
1024,5888,289,0,640000,0.25,0.031193
1024,5888,290,0,640000,0.25,0.032954
1024,5888,291,0,640000,0.25,0.033135
1024,5888,292,0,640000,0.25,0.038427
1024,5888,293,0,640000,0.25,0.022531
1024,5888,294,0,640000,0.25,0.017353
1024,5888,295,0,640000,0.25,0.013895
1024,5888,296,0,640000,0.25,0.021658
1024,5888,297,0,640000,0.25,0.018752
1024,5888,298,0,640000,0.25,0.048023
1024,5888,299,0,640000,0.25,0.017349
1024,5888,300,0,640000,0.25,0.020478
1024,5888,301,0,640000,0.25,0.023979
1024,5888,302,0,640000,0.25,0.026659
1024,5888,303,0,640000,0.25,0.020078
1024,5888,304,0,640000,0.25,0.03283
1024,5888,305,0,640000,0.25,0.021678
1024,5888,306,0,640000,0.25,0.028271
1024,5888,307,0,640000,0.25,0.026451
1024,5888,308,0,640000,0.25,0.026635
1024,5888,309,0,640000,0.25,0.027071
1024,5888,310,0,640000,0.25,0.021355
1024,5888,311,0,640000,0.25,0.022386
1024,5888,312,0,640000,0.25,0.028755
1024,5888,313,0,640000,0.25,0.023518
1024,5888,314,0,640000,0.25,0.046844
1024,5888,315,0,640000,0.25,0.030696
1024,5888,316,0,640000,0.25,0.02917
1024,5888,317,0,640000,0.25,0.021519
1024,5888,318,0,640000,0.25,0.038635
1024,5888,319,0,640000,0.25,0.035612
1024,5888,320,0,640000,0.25,0.044013
1024,5888,321,0,640000,0.25,0.031867
1024,5888,322,0,640000,0.25,0.040158
1024,5888,323,0,640000,0.25,0.037946
1024,5888,324,0,640000,0.25,0.037293
1024,5888,325,0,640000,0.25,0.043448
1024,5888,326,0,640000,0.25,0.025888
1024,5888,327,0,640000,0.25,0.024661
1024,5888,328,0,640000,0.25,0.038427
1024,5888,329,0,640000,0.25,0.054684
1024,5888,330,0,640000,0.25,0.036846
1024,5888,331,0,640000,0.25,0.027129
1024,5888,332,0,640000,0.25,0.024425
1024,5888,333,0,640000,0.25,0.033632
1024,5888,334,0,640000,0.25,0.022857
1024,5888,335,0,640000,0.25,0.027025
1024,5888,336,0,640000,0.25,0.02017
1024,5888,337,0,640000,0.25,0.023183
1024,5888,338,0,640000,0.25,0.035246
1024,5888,339,0,640000,0.25,0.041539
1024,5888,340,0,640000,0.25,0.021521
1024,5888,341,0,640000,0.25,0.02126
1024,5888,342,0,640000,0.25,0.044165
1024,5888,343,0,640000,0.25,0.06479
1024,5888,344,0,640000,0.25,0.029691
1024,5888,345,0,640000,0.25,0.022322
1024,5888,346,0,640000,0.25,0.032277
1024,5888,347,0,640000,0.25,0.028263
1024,5888,348,0,640000,0.25,0.020993
1024,5888,349,0,640000,0.25,0.024313
1024,5888,350,0,640000,0.25,0.033741
1024,5888,351,0,640000,0.25,0.02631
1024,5888,352,0,640000,0.25,0.026543
1024,5888,353,0,640000,0.25,0.027341
1024,5888,354,0,640000,0.25,0.034576
1024,5888,355,0,640000,0.25,0.055053
1024,5888,356,0,640000,0.25,0.04035
1024,5888,357,0,640000,0.25,0.041845
1024,5888,358,0,640000,0.25,0.041869
1024,5888,359,0,640000,0.25,0.067839
1024,5888,360,0,640000,0.25,0.023788
1024,5888,361,0,640000,0.25,0.026107
1024,5888,362,0,640000,0.25,0.024198
1024,5888,363,0,640000,0.25,0.025805
1024,5888,364,0,640000,0.25,0.027407
1024,5888,365,0,640000,0.25,0.041047
1024,5888,366,0,640000,0.25,0.051745
1024,5888,367,0,640000,0.25,0.039053
1024,5888,368,0,640000,0.25,0.029939
1024,5888,369,0,640000,0.25,0.019085
1024,5888,370,0,640000,0.25,0.047053
1024,5888,371,0,640000,0.25,0.037015
1024,5888,372,0,640000,0.25,0.043617
1024,5888,373,0,640000,0.25,0.050423
1024,5888,374,0,640000,0.25,0.026073
1024,5888,375,0,640000,0.25,0.049042
1024,5888,376,0,640000,0.25,0.042666
1024,5888,377,0,640000,0.25,0.023119
1024,5888,378,0,640000,0.25,0.029575
1024,5888,379,0,640000,0.25,0.031159
1024,5888,380,0,640000,0.25,0.029904
1024,5888,381,0,640000,0.25,0.021904
1024,5888,382,0,640000,0.25,0.030737
1024,5888,383,0,640000,0.25,0.01975
1024,5888,384,0,640000,0.25,0.052253
1024,5888,385,0,640000,0.25,0.030544
1024,5888,386,0,640000,0.25,0.04312
1024,5888,387,0,640000,0.25,0.025746
1024,5888,388,0,640000,0.25,0.03079
1024,5888,389,0,640000,0.25,0.033051
1024,5888,390,0,640000,0.25,0.045341
1024,5888,391,0,640000,0.25,0.04048
1024,5888,392,0,640000,0.25,0.026754
1024,5888,393,0,640000,0.25,0.02163
1024,5888,394,0,640000,0.25,0.025644
1024,5888,395,0,640000,0.25,0.023396
1024,5888,396,0,640000,0.25,0.024791
1024,5888,397,0,640000,0.25,0.029341
1024,5888,398,0,640000,0.25,0.054189
1024,5888,399,0,640000,0.25,0.030186
1024,5888,400,0,640000,0.25,0.024128
1024,6093,1,0,640000,0.25,0.028742
1024,6093,2,0,640000,0.25,0.057289
1024,6093,3,0,640000,0.25,0.085947
1024,6093,4,0,640000,0.25,0.036668
1024,6093,5,0,640000,0.25,0.03282
1024,6093,6,0,640000,0.25,0.033216
1024,6093,7,0,640000,0.25,0.065948
1024,6093,8,0,640000,0.25,0.094639
1024,6093,9,0,640000,0.25,0.058244
1024,6093,10,0,640000,0.25,0.050798
1024,6093,11,0,640000,0.25,0.054283
1024,6093,12,0,640000,0.25,0.058709
1024,6093,13,0,640000,0.25,0.075327
1024,6093,14,0,640000,0.25,0.056148
1024,6093,15,0,640000,0.25,0.080624
1024,6093,16,0,640000,0.25,0.039233
1024,6093,17,0,640000,0.25,0.031614
1024,6093,18,0,640000,0.25,0.056316
1024,6093,19,0,640000,0.25,0.034899
1024,6093,20,0,640000,0.25,0.04457
1024,6093,21,0,640000,0.25,0.047326
1024,6093,22,0,640000,0.25,0.050491
1024,6093,23,0,640000,0.25,0.125066
1024,6093,24,0,640000,0.25,0.070422
1024,6093,25,0,640000,0.25,0.054318
1024,6093,26,0,640000,0.25,0.069653
1024,6093,27,0,640000,0.25,0.048443
1024,6093,28,0,640000,0.25,0.03404
1024,6093,29,0,640000,0.25,0.079793
1024,6093,30,0,640000,0.25,0.035077
1024,6093,31,0,640000,0.25,0.030929
1024,6093,32,0,640000,0.25,0.062875
1024,6093,33,0,640000,0.25,0.10579
1024,6093,34,0,640000,0.25,0.068402
1024,6093,35,0,640000,0.25,0.078709
1024,6093,36,0,640000,0.25,0.036512
1024,6093,37,0,640000,0.25,0.068345
1024,6093,38,0,640000,0.25,0.040596
1024,6093,39,0,640000,0.25,0.040052
1024,6093,40,0,640000,0.25,0.032845
1024,6093,41,0,640000,0.25,0.037423
1024,6093,42,0,640000,0.25,0.040313
1024,6093,43,0,640000,0.25,0.021688
1024,6093,44,0,640000,0.25,0.056361
1024,6093,45,0,640000,0.25,0.051134
1024,6093,46,0,640000,0.25,0.05555
1024,6093,47,0,640000,0.25,0.122093
1024,6093,48,0,640000,0.25,0.047297
1024,6093,49,0,640000,0.25,0.071789
1024,6093,50,0,640000,0.25,0.082435
1024,6093,51,0,640000,0.25,0.090149
1024,6093,52,0,640000,0.25,0.049782
1024,6093,53,0,640000,0.25,0.050718
1024,6093,54,0,640000,0.25,0.04353
1024,6093,55,0,640000,0.25,0.039841
1024,6093,56,0,640000,0.25,0.061
1024,6093,57,0,640000,0.25,0.0462
1024,6093,58,0,640000,0.25,0.077233
1024,6093,59,0,640000,0.25,0.055852
1024,6093,60,0,640000,0.25,0.042844
1024,6093,61,0,640000,0.25,0.064004
1024,6093,62,0,640000,0.25,0.044519
1024,6093,63,0,640000,0.25,0.063144
1024,6093,64,0,640000,0.25,0.072406
1024,6093,65,0,640000,0.25,0.045423
1024,6093,66,0,640000,0.25,0.079792
1024,6093,67,0,640000,0.25,0.033106
1024,6093,68,0,640000,0.25,0.034865
1024,6093,69,0,640000,0.25,0.045539
1024,6093,70,0,640000,0.25,0.083985
1024,6093,71,0,640000,0.25,0.052749
1024,6093,72,0,640000,0.25,0.113339
1024,6093,73,0,640000,0.25,0.053477
1024,6093,74,0,640000,0.25,0.09717
1024,6093,75,0,640000,0.25,0.057256
1024,6093,76,0,640000,0.25,0.05139
1024,6093,77,0,640000,0.25,0.038077
1024,6093,78,0,640000,0.25,0.050496
1024,6093,79,0,640000,0.25,0.04502
1024,6093,80,0,640000,0.25,0.053204
1024,6093,81,0,640000,0.25,0.125021
1024,6093,82,0,640000,0.25,0.079921
1024,6093,83,0,640000,0.25,0.057381
1024,6093,84,0,640000,0.25,0.056586
1024,6093,85,0,640000,0.25,0.095033
1024,6093,86,0,640000,0.25,0.064098
1024,6093,87,0,640000,0.25,0.059855
1024,6093,88,0,640000,0.25,0.053022
1024,6093,89,0,640000,0.25,0.042666
1024,6093,90,0,640000,0.25,0.046484
1024,6093,91,0,640000,0.25,0.077011
1024,6093,92,0,640000,0.25,0.034414
1024,6093,93,0,640000,0.25,0.061586
1024,6093,94,0,640000,0.25,0.049358
1024,6093,95,0,640000,0.25,0.065565
1024,6093,96,0,640000,0.25,0.039559
1024,6093,97,0,640000,0.25,0.066322
1024,6093,98,0,640000,0.25,0.056204
1024,6093,99,0,640000,0.25,0.072195
1024,6093,100,0,640000,0.25,0.052165
1024,6093,101,0,640000,0.25,0.044798
1024,6093,102,0,640000,0.25,0.068053
1024,6093,103,0,640000,0.25,0.064444
1024,6093,104,0,640000,0.25,0.061702
1024,6093,105,0,640000,0.25,0.160151
1024,6093,106,0,640000,0.25,0.033078
1024,6093,107,0,640000,0.25,0.066821
1024,6093,108,0,640000,0.25,0.057189
1024,6093,109,0,640000,0.25,0.085996
1024,6093,110,0,640000,0.25,0.038539
1024,6093,111,0,640000,0.25,0.039495
1024,6093,112,0,640000,0.25,0.034237
1024,6093,113,0,640000,0.25,0.035136
1024,6093,114,0,640000,0.25,0.048884
1024,6093,115,0,640000,0.25,0.065234
1024,6093,116,0,640000,0.25,0.081926
1024,6093,117,0,640000,0.25,0.063097
1024,6093,118,0,640000,0.25,0.034819
1024,6093,119,0,640000,0.25,0.087591
1024,6093,120,0,640000,0.25,0.055154
1024,6093,121,0,640000,0.25,0.041124
1024,6093,122,0,640000,0.25,0.063395
1024,6093,123,0,640000,0.25,0.066207
1024,6093,124,0,640000,0.25,0.048517
1024,6093,125,0,640000,0.25,0.07766
1024,6093,126,0,640000,0.25,0.031627
1024,6093,127,0,640000,0.25,0.062417
1024,6093,128,0,640000,0.25,0.054119
1024,6093,129,0,640000,0.25,0.056141
1024,6093,130,0,640000,0.25,0.0937
1024,6093,131,0,640000,0.25,0.041935
1024,6093,132,0,640000,0.25,0.056375
1024,6093,133,0,640000,0.25,0.051828
1024,6093,134,0,640000,0.25,0.044688
1024,6093,135,0,640000,0.25,0.079833
1024,6093,136,0,640000,0.25,0.039673
1024,6093,137,0,640000,0.25,0.032312
1024,6093,138,0,640000,0.25,0.081735
1024,6093,139,0,640000,0.25,0.043483
1024,6093,140,0,640000,0.25,0.062214
1024,6093,141,0,640000,0.25,0.056929
1024,6093,142,0,640000,0.25,0.071104
1024,6093,143,0,640000,0.25,0.174393
1024,6093,144,0,640000,0.25,0.093094
1024,6093,145,0,640000,0.25,0.052534
1024,6093,146,0,640000,0.25,0.051038
1024,6093,147,0,640000,0.25,0.054648
1024,6093,148,0,640000,0.25,0.057038
1024,6093,149,0,640000,0.25,0.07708
1024,6093,150,0,640000,0.25,0.059954
1024,6093,151,0,640000,0.25,0.109379
1024,6093,152,0,640000,0.25,0.078652
1024,6093,153,0,640000,0.25,0.042145
1024,6093,154,0,640000,0.25,0.064849
1024,6093,155,0,640000,0.25,0.04993
1024,6093,156,0,640000,0.25,0.056816
1024,6093,157,0,640000,0.25,0.073691
1024,6093,158,0,640000,0.25,0.052369
1024,6093,159,0,640000,0.25,0.028428
1024,6093,160,0,640000,0.25,0.036368
1024,6093,161,0,640000,0.25,0.031999
1024,6093,162,0,640000,0.25,0.097009
1024,6093,163,0,640000,0.25,0.065003
1024,6093,164,0,640000,0.25,0.087066
1024,6093,165,0,640000,0.25,0.038739
1024,6093,166,0,640000,0.25,0.0428
1024,6093,167,0,640000,0.25,0.053328
1024,6093,168,0,640000,0.25,0.026827
1024,6093,169,0,640000,0.25,0.05163
1024,6093,170,0,640000,0.25,0.073564
1024,6093,171,0,640000,0.25,0.020519
1024,6093,172,0,640000,0.25,0.019217
1024,6093,173,0,640000,0.25,0.032259
1024,6093,174,0,640000,0.25,0.079394
1024,6093,175,0,640000,0.25,0.053174
1024,6093,176,0,640000,0.25,0.04825
1024,6093,177,0,640000,0.25,0.04226
1024,6093,178,0,640000,0.25,0.050993
1024,6093,179,0,640000,0.25,0.070576
1024,6093,180,0,640000,0.25,0.086293
1024,6093,181,0,640000,0.25,0.107751
1024,6093,182,0,640000,0.25,0.13016
1024,6093,183,0,640000,0.25,0.148665
1024,6093,184,0,640000,0.25,0.08516
1024,6093,185,0,640000,0.25,0.041613
1024,6093,186,0,640000,0.25,0.056981
1024,6093,187,0,640000,0.25,0.076009
1024,6093,188,0,640000,0.25,0.026649
1024,6093,189,0,640000,0.25,0.063279
1024,6093,190,0,640000,0.25,0.051
1024,6093,191,0,640000,0.25,0.063925
1024,6093,192,0,640000,0.25,0.054236
1024,6093,193,0,640000,0.25,0.042717
1024,6093,194,0,640000,0.25,0.084065
1024,6093,195,0,640000,0.25,0.05905
1024,6093,196,0,640000,0.25,0.033348
1024,6093,197,0,640000,0.25,0.034052
1024,6093,198,0,640000,0.25,0.053377
1024,6093,199,0,640000,0.25,0.133284
1024,6093,200,0,640000,0.25,0.05043
1024,6093,201,0,640000,0.25,0.084883
1024,6093,202,0,640000,0.25,0.030613
1024,6093,203,0,640000,0.25,0.030503
1024,6093,204,0,640000,0.25,0.04744
1024,6093,205,0,640000,0.25,0.068243
1024,6093,206,0,640000,0.25,0.05814
1024,6093,207,0,640000,0.25,0.044971
1024,6093,208,0,640000,0.25,0.07578
1024,6093,209,0,640000,0.25,0.06202
1024,6093,210,0,640000,0.25,0.093565
1024,6093,211,0,640000,0.25,0.1232
1024,6093,212,0,640000,0.25,0.047497
1024,6093,213,0,640000,0.25,0.038708
1024,6093,214,0,640000,0.25,0.056215
1024,6093,215,0,640000,0.25,0.092196
1024,6093,216,0,640000,0.25,0.03317
1024,6093,217,0,640000,0.25,0.041076
1024,6093,218,0,640000,0.25,0.068154
1024,6093,219,0,640000,0.25,0.075562
1024,6093,220,0,640000,0.25,0.04559
1024,6093,221,0,640000,0.25,0.047925
1024,6093,222,0,640000,0.25,0.085456
1024,6093,223,0,640000,0.25,0.054431
1024,6093,224,0,640000,0.25,0.167677
1024,6093,225,0,640000,0.25,0.04046
1024,6093,226,0,640000,0.25,0.045153
1024,6093,227,0,640000,0.25,0.091965
1024,6093,228,0,640000,0.25,0.082056
1024,6093,229,0,640000,0.25,0.05621
1024,6093,230,0,640000,0.25,0.056008
1024,6093,231,0,640000,0.25,0.047993
1024,6093,232,0,640000,0.25,0.044218
1024,6093,233,0,640000,0.25,0.052101
1024,6093,234,0,640000,0.25,0.037953
1024,6093,235,0,640000,0.25,0.035901
1024,6093,236,0,640000,0.25,0.059717
1024,6093,237,0,640000,0.25,0.084549
1024,6093,238,0,640000,0.25,0.046851
1024,6093,239,0,640000,0.25,0.039935
1024,6093,240,0,640000,0.25,0.04208
1024,6093,241,0,640000,0.25,0.027452
1024,6093,242,0,640000,0.25,0.055997
1024,6093,243,0,640000,0.25,0.04432
1024,6093,244,0,640000,0.25,0.046923
1024,6093,245,0,640000,0.25,0.093146
1024,6093,246,0,640000,0.25,0.036293
1024,6093,247,0,640000,0.25,0.059717
1024,6093,248,0,640000,0.25,0.05592
1024,6093,249,0,640000,0.25,0.063464
1024,6093,250,0,640000,0.25,0.043119
1024,6093,251,0,640000,0.25,0.059755
1024,6093,252,0,640000,0.25,0.052307
1024,6093,253,0,640000,0.25,0.053065
1024,6093,254,0,640000,0.25,0.094662
1024,6093,255,0,640000,0.25,0.045313
1024,6093,256,0,640000,0.25,0.054257
1024,6093,257,0,640000,0.25,0.053748
1024,6093,258,0,640000,0.25,0.062082
1024,6093,259,0,640000,0.25,0.05222
1024,6093,260,0,640000,0.25,0.080161
1024,6093,261,0,640000,0.25,0.058705
1024,6093,262,0,640000,0.25,0.090027
1024,6093,263,0,640000,0.25,0.044087
1024,6093,264,0,640000,0.25,0.07277
1024,6093,265,0,640000,0.25,0.06187
1024,6093,266,0,640000,0.25,0.057592
1024,6093,267,0,640000,0.25,0.047683
1024,6093,268,0,640000,0.25,0.045244
1024,6093,269,0,640000,0.25,0.063462
1024,6093,270,0,640000,0.25,0.065736
1024,6093,271,0,640000,0.25,0.056497
1024,6093,272,0,640000,0.25,0.061057
1024,6093,273,0,640000,0.25,0.061535
1024,6093,274,0,640000,0.25,0.058359
1024,6093,275,0,640000,0.25,0.042005
1024,6093,276,0,640000,0.25,0.119213
1024,6093,277,0,640000,0.25,0.054227
1024,6093,278,0,640000,0.25,0.075543
1024,6093,279,0,640000,0.25,0.03978
1024,6093,280,0,640000,0.25,0.07539
1024,6093,281,0,640000,0.25,0.071057
1024,6093,282,0,640000,0.25,0.033944
1024,6093,283,0,640000,0.25,0.07159
1024,6093,284,0,640000,0.25,0.039491
1024,6093,285,0,640000,0.25,0.049266
1024,6093,286,0,640000,0.25,0.056287
1024,6093,287,0,640000,0.25,0.034443
1024,6093,288,0,640000,0.25,0.04265
1024,6093,289,0,640000,0.25,0.062013
1024,6093,290,0,640000,0.25,0.05654
1024,6093,291,0,640000,0.25,0.054607
1024,6093,292,0,640000,0.25,0.097293
1024,6093,293,0,640000,0.25,0.051247
1024,6093,294,0,640000,0.25,0.071399
1024,6093,295,0,640000,0.25,0.043704
1024,6093,296,0,640000,0.25,0.04614
1024,6093,297,0,640000,0.25,0.036217
1024,6093,298,0,640000,0.25,0.028412
1024,6093,299,0,640000,0.25,0.053435
1024,6093,300,0,640000,0.25,0.027071
1024,6093,301,0,640000,0.25,0.092507
1024,6093,302,0,640000,0.25,0.036618
1024,6093,303,0,640000,0.25,0.035065
1024,6093,304,0,640000,0.25,0.039514
1024,6093,305,0,640000,0.25,0.061911
1024,6093,306,0,640000,0.25,0.037839
1024,6093,307,0,640000,0.25,0.061368
1024,6093,308,0,640000,0.25,0.071807
1024,6093,309,0,640000,0.25,0.047106
1024,6093,310,0,640000,0.25,0.053564
1024,6093,311,0,640000,0.25,0.039066
1024,6093,312,0,640000,0.25,0.041655
1024,6093,313,0,640000,0.25,0.050077
1024,6093,314,0,640000,0.25,0.067625
1024,6093,315,0,640000,0.25,0.071897
1024,6093,316,0,640000,0.25,0.055704
1024,6093,317,0,640000,0.25,0.029022
1024,6093,318,0,640000,0.25,0.062392
1024,6093,319,0,640000,0.25,0.099556
1024,6093,320,0,640000,0.25,0.067982
1024,6093,321,0,640000,0.25,0.04824
1024,6093,322,0,640000,0.25,0.054227
1024,6093,323,0,640000,0.25,0.053722
1024,6093,324,0,640000,0.25,0.047034
1024,6093,325,0,640000,0.25,0.097838
1024,6093,326,0,640000,0.25,0.063484
1024,6093,327,0,640000,0.25,0.068465
1024,6093,328,0,640000,0.25,0.06147
1024,6093,329,0,640000,0.25,0.046247
1024,6093,330,0,640000,0.25,0.100332
1024,6093,331,0,640000,0.25,0.097827
1024,6093,332,0,640000,0.25,0.061554
1024,6093,333,0,640000,0.25,0.060365
1024,6093,334,0,640000,0.25,0.099347
1024,6093,335,0,640000,0.25,0.040612
1024,6093,336,0,640000,0.25,0.040223
1024,6093,337,0,640000,0.25,0.054761
1024,6093,338,0,640000,0.25,0.042825
1024,6093,339,0,640000,0.25,0.046174
1024,6093,340,0,640000,0.25,0.100258
1024,6093,341,0,640000,0.25,0.058888
1024,6093,342,0,640000,0.25,0.126455
1024,6093,343,0,640000,0.25,0.054587
1024,6093,344,0,640000,0.25,0.044936
1024,6093,345,0,640000,0.25,0.095916
1024,6093,346,0,640000,0.25,0.031318
1024,6093,347,0,640000,0.25,0.03727
1024,6093,348,0,640000,0.25,0.03314
1024,6093,349,0,640000,0.25,0.084713
1024,6093,350,0,640000,0.25,0.032399
1024,6093,351,0,640000,0.25,0.061809
1024,6093,352,0,640000,0.25,0.054588
1024,6093,353,0,640000,0.25,0.074843
1024,6093,354,0,640000,0.25,0.062917
1024,6093,355,0,640000,0.25,0.035691
1024,6093,356,0,640000,0.25,0.03592
1024,6093,357,0,640000,0.25,0.060701
1024,6093,358,0,640000,0.25,0.03504
1024,6093,359,0,640000,0.25,0.0622
1024,6093,360,0,640000,0.25,0.045579
1024,6093,361,0,640000,0.25,0.054476
1024,6093,362,0,640000,0.25,0.053737
1024,6093,363,0,640000,0.25,0.07126
1024,6093,364,0,640000,0.25,0.046359
1024,6093,365,0,640000,0.25,0.047335
1024,6093,366,0,640000,0.25,0.084652
1024,6093,367,0,640000,0.25,0.033454
1024,6093,368,0,640000,0.25,0.038678
1024,6093,369,0,640000,0.25,0.077004
1024,6093,370,0,640000,0.25,0.135675
1024,6093,371,0,640000,0.25,0.040511
1024,6093,372,0,640000,0.25,0.065315
1024,6093,373,0,640000,0.25,0.047152
1024,6093,374,0,640000,0.25,0.065256
1024,6093,375,0,640000,0.25,0.081155
1024,6093,376,0,640000,0.25,0.11698
1024,6093,377,0,640000,0.25,0.091788
1024,6093,378,0,640000,0.25,0.045232
1024,6093,379,0,640000,0.25,0.059679
1024,6093,380,0,640000,0.25,0.041778
1024,6093,381,0,640000,0.25,0.034003
1024,6093,382,0,640000,0.25,0.046227
1024,6093,383,0,640000,0.25,0.065911
1024,6093,384,0,640000,0.25,0.037835
1024,6093,385,0,640000,0.25,0.09806
1024,6093,386,0,640000,0.25,0.074462
1024,6093,387,0,640000,0.25,0.05445
1024,6093,388,0,640000,0.25,0.077262
1024,6093,389,0,640000,0.25,0.092476
1024,6093,390,0,640000,0.25,0.03814
1024,6093,391,0,640000,0.25,0.02754
1024,6093,392,0,640000,0.25,0.087332
1024,6093,393,0,640000,0.25,0.065227
1024,6093,394,0,640000,0.25,0.044182
1024,6093,395,0,640000,0.25,0.034463
1024,6093,396,0,640000,0.25,0.050335
1024,6093,397,0,640000,0.25,0.045812
1024,6093,398,0,640000,0.25,0.069726
1024,6093,399,0,640000,0.25,0.061395
1024,6093,400,0,640000,0.25,0.05417
1024,6298,1,0,640000,0.25,0.07491
1024,6298,2,0,640000,0.25,0.09665
1024,6298,3,0,640000,0.25,0.136852
1024,6298,4,0,640000,0.25,0.151475
1024,6298,5,0,640000,0.25,0.106012
1024,6298,6,0,640000,0.25,0.280952
1024,6298,7,0,640000,0.25,0.102689
1024,6298,8,0,640000,0.25,0.096048
1024,6298,9,0,640000,0.25,0.223299
1024,6298,10,0,640000,0.25,0.072966
1024,6298,11,0,640000,0.25,0.108565
1024,6298,12,0,640000,0.25,0.150249
1024,6298,13,0,640000,0.25,0.129436
1024,6298,14,0,640000,0.25,0.124618
1024,6298,15,0,640000,0.25,0.283089
1024,6298,16,0,640000,0.25,0.139736
1024,6298,17,0,640000,0.25,0.112113
1024,6298,18,0,640000,0.25,0.157682
1024,6298,19,0,640000,0.25,0.23052
1024,6298,20,0,640000,0.25,0.099938
1024,6298,21,0,640000,0.25,0.130358
1024,6298,22,0,640000,0.25,0.121189
1024,6298,23,0,640000,0.25,0.220918
1024,6298,24,0,640000,0.25,0.130367
1024,6298,25,0,640000,0.25,0.130963
1024,6298,26,0,640000,0.25,0.116969
1024,6298,27,0,640000,0.25,0.203831
1024,6298,28,0,640000,0.25,0.05679
1024,6298,29,0,640000,0.25,0.115002
1024,6298,30,0,640000,0.25,0.079915
1024,6298,31,0,640000,0.25,0.488385
1024,6298,32,0,640000,0.25,0.176721
1024,6298,33,0,640000,0.25,0.177394
1024,6298,34,0,640000,0.25,0.11122
1024,6298,35,0,640000,0.25,0.221491
1024,6298,36,0,640000,0.25,0.130298
1024,6298,37,0,640000,0.25,0.076397
1024,6298,38,0,640000,0.25,0.17275
1024,6298,39,0,640000,0.25,0.102091
1024,6298,40,0,640000,0.25,0.227593
1024,6298,41,0,640000,0.25,0.071129
1024,6298,42,0,640000,0.25,0.273408
1024,6298,43,0,640000,0.25,0.158585
1024,6298,44,0,640000,0.25,0.14963
1024,6298,45,0,640000,0.25,0.157895
1024,6298,46,0,640000,0.25,0.220517
1024,6298,47,0,640000,0.25,0.111417
1024,6298,48,0,640000,0.25,0.13994
1024,6298,49,0,640000,0.25,0.081335
1024,6298,50,0,640000,0.25,0.079054
1024,6298,51,0,640000,0.25,0.09789
1024,6298,52,0,640000,0.25,0.167714
1024,6298,53,0,640000,0.25,0.337184
1024,6298,54,0,640000,0.25,0.09145
1024,6298,55,0,640000,0.25,0.089574
1024,6298,56,0,640000,0.25,0.03818
1024,6298,57,0,640000,0.25,0.211402
1024,6298,58,0,640000,0.25,0.194991
1024,6298,59,0,640000,0.25,0.352838
1024,6298,60,0,640000,0.25,0.09678
1024,6298,61,0,640000,0.25,0.272126
1024,6298,62,0,640000,0.25,0.32127
1024,6298,63,0,640000,0.25,0.17761
1024,6298,64,0,640000,0.25,0.168855
1024,6298,65,0,640000,0.25,0.109356
1024,6298,66,0,640000,0.25,0.141404
1024,6298,67,0,640000,0.25,0.13619
1024,6298,68,0,640000,0.25,0.118045
1024,6298,69,0,640000,0.25,0.134629
1024,6298,70,0,640000,0.25,0.095296
1024,6298,71,0,640000,0.25,0.155803
1024,6298,72,0,640000,0.25,0.073602
1024,6298,73,0,640000,0.25,0.20059
1024,6298,74,0,640000,0.25,0.065167
1024,6298,75,0,640000,0.25,0.084356
1024,6298,76,0,640000,0.25,0.17796
1024,6298,77,0,640000,0.25,0.101853
1024,6298,78,0,640000,0.25,0.06525
1024,6298,79,0,640000,0.25,0.151109
1024,6298,80,0,640000,0.25,0.210455
1024,6298,81,0,640000,0.25,0.072036
1024,6298,82,0,640000,0.25,0.126309
1024,6298,83,0,640000,0.25,0.328747
1024,6298,84,0,640000,0.25,0.091458
1024,6298,85,0,640000,0.25,0.300043
1024,6298,86,0,640000,0.25,0.1512
1024,6298,87,0,640000,0.25,0.121638
1024,6298,88,0,640000,0.25,0.235906
1024,6298,89,0,640000,0.25,0.173274
1024,6298,90,0,640000,0.25,0.403524
1024,6298,91,0,640000,0.25,0.173027
1024,6298,92,0,640000,0.25,0.218189
1024,6298,93,0,640000,0.25,0.250496
1024,6298,94,0,640000,0.25,0.111824
1024,6298,95,0,640000,0.25,0.133782
1024,6298,96,0,640000,0.25,0.054197
1024,6298,97,0,640000,0.25,0.105083
1024,6298,98,0,640000,0.25,0.214323
1024,6298,99,0,640000,0.25,0.255457
1024,6298,100,0,640000,0.25,0.170846
1024,6298,101,0,640000,0.25,0.113147
1024,6298,102,0,640000,0.25,0.104772
1024,6298,103,0,640000,0.25,0.092317
1024,6298,104,0,640000,0.25,0.081353
1024,6298,105,0,640000,0.25,0.420483
1024,6298,106,0,640000,0.25,0.166836
1024,6298,107,0,640000,0.25,0.121169
1024,6298,108,0,640000,0.25,0.121478
1024,6298,109,0,640000,0.25,0.176856
1024,6298,110,0,640000,0.25,0.114548
1024,6298,111,0,640000,0.25,0.077999
1024,6298,112,0,640000,0.25,0.253656
1024,6298,113,0,640000,0.25,0.130458
1024,6298,114,0,640000,0.25,0.441519
1024,6298,115,0,640000,0.25,0.166214
1024,6298,116,0,640000,0.25,0.108888
1024,6298,117,0,640000,0.25,0.077621
1024,6298,118,0,640000,0.25,0.40019
1024,6298,119,0,640000,0.25,0.338455
1024,6298,120,0,640000,0.25,0.200912
1024,6298,121,0,640000,0.25,0.060993
1024,6298,122,0,640000,0.25,0.125207
1024,6298,123,0,640000,0.25,0.152095
1024,6298,124,0,640000,0.25,0.061253
1024,6298,125,0,640000,0.25,0.195214
1024,6298,126,0,640000,0.25,0.277637
1024,6298,127,0,640000,0.25,0.079365
1024,6298,128,0,640000,0.25,0.064825
1024,6298,129,0,640000,0.25,0.09892
1024,6298,130,0,640000,0.25,0.09446
1024,6298,131,0,640000,0.25,0.137486
1024,6298,132,0,640000,0.25,0.104586
1024,6298,133,0,640000,0.25,0.118996
1024,6298,134,0,640000,0.25,0.109418
1024,6298,135,0,640000,0.25,0.295395
1024,6298,136,0,640000,0.25,0.259511
1024,6298,137,0,640000,0.25,0.220548
1024,6298,138,0,640000,0.25,0.057783
1024,6298,139,0,640000,0.25,0.123046
1024,6298,140,0,640000,0.25,0.126865
1024,6298,141,0,640000,0.25,0.208948
1024,6298,142,0,640000,0.25,0.07488
1024,6298,143,0,640000,0.25,0.189938
1024,6298,144,0,640000,0.25,0.072035
1024,6298,145,0,640000,0.25,0.113157
1024,6298,146,0,640000,0.25,0.12944
1024,6298,147,0,640000,0.25,0.136697
1024,6298,148,0,640000,0.25,0.132235
1024,6298,149,0,640000,0.25,0.111513
1024,6298,150,0,640000,0.25,0.165305
1024,6298,151,0,640000,0.25,0.16488
1024,6298,152,0,640000,0.25,0.141466
1024,6298,153,0,640000,0.25,0.3157
1024,6298,154,0,640000,0.25,0.063598
1024,6298,155,0,640000,0.25,0.064645
1024,6298,156,0,640000,0.25,0.230338
1024,6298,157,0,640000,0.25,0.264622
1024,6298,158,0,640000,0.25,0.080969
1024,6298,159,0,640000,0.25,0.194098
1024,6298,160,0,640000,0.25,0.288141
1024,6298,161,0,640000,0.25,0.165329
1024,6298,162,0,640000,0.25,0.255562
1024,6298,163,0,640000,0.25,0.153886
1024,6298,164,0,640000,0.25,0.072693
1024,6298,165,0,640000,0.25,0.343264
1024,6298,166,0,640000,0.25,0.139475
1024,6298,167,0,640000,0.25,0.056157
1024,6298,168,0,640000,0.25,0.111886
1024,6298,169,0,640000,0.25,0.082754
1024,6298,170,0,640000,0.25,0.214125
1024,6298,171,0,640000,0.25,0.12156
1024,6298,172,0,640000,0.25,0.088462
1024,6298,173,0,640000,0.25,0.185753
1024,6298,174,0,640000,0.25,0.102008
1024,6298,175,0,640000,0.25,0.14125
1024,6298,176,0,640000,0.25,0.086639
1024,6298,177,0,640000,0.25,0.100772
1024,6298,178,0,640000,0.25,0.163479
1024,6298,179,0,640000,0.25,0.112691
1024,6298,180,0,640000,0.25,0.342253
1024,6298,181,0,640000,0.25,0.08567
1024,6298,182,0,640000,0.25,0.269125
1024,6298,183,0,640000,0.25,0.097331
1024,6298,184,0,640000,0.25,0.171771
1024,6298,185,0,640000,0.25,0.096399
1024,6298,186,0,640000,0.25,0.201406
1024,6298,187,0,640000,0.25,0.131136
1024,6298,188,0,640000,0.25,0.123927
1024,6298,189,0,640000,0.25,0.076317
1024,6298,190,0,640000,0.25,0.099077
1024,6298,191,0,640000,0.25,0.128891
1024,6298,192,0,640000,0.25,0.212281
1024,6298,193,0,640000,0.25,0.079663
1024,6298,194,0,640000,0.25,0.156009
1024,6298,195,0,640000,0.25,0.159986
1024,6298,196,0,640000,0.25,0.178957
1024,6298,197,0,640000,0.25,0.317427
1024,6298,198,0,640000,0.25,0.189128
1024,6298,199,0,640000,0.25,0.153877
1024,6298,200,0,640000,0.25,0.173295
1024,6298,201,0,640000,0.25,0.121431
1024,6298,202,0,640000,0.25,0.109788
1024,6298,203,0,640000,0.25,0.172181
1024,6298,204,0,640000,0.25,0.175417
1024,6298,205,0,640000,0.25,0.121608
1024,6298,206,0,640000,0.25,0.085896
1024,6298,207,0,640000,0.25,0.143839
1024,6298,208,0,640000,0.25,0.113546
1024,6298,209,0,640000,0.25,0.277306
1024,6298,210,0,640000,0.25,0.187184
1024,6298,211,0,640000,0.25,0.217586
1024,6298,212,0,640000,0.25,0.193053
1024,6298,213,0,640000,0.25,0.102067
1024,6298,214,0,640000,0.25,0.147292
1024,6298,215,0,640000,0.25,0.133535
1024,6298,216,0,640000,0.25,0.292467
1024,6298,217,0,640000,0.25,0.171445
1024,6298,218,0,640000,0.25,0.083126
1024,6298,219,0,640000,0.25,0.157488
1024,6298,220,0,640000,0.25,0.148356
1024,6298,221,0,640000,0.25,0.156604
1024,6298,222,0,640000,0.25,0.220716
1024,6298,223,0,640000,0.25,0.246277
1024,6298,224,0,640000,0.25,0.120597
1024,6298,225,0,640000,0.25,0.196013
1024,6298,226,0,640000,0.25,0.112907
1024,6298,227,0,640000,0.25,0.179647
1024,6298,228,0,640000,0.25,0.093661
1024,6298,229,0,640000,0.25,0.115009
1024,6298,230,0,640000,0.25,0.122179
1024,6298,231,0,640000,0.25,0.151148
1024,6298,232,0,640000,0.25,0.175387
1024,6298,233,0,640000,0.25,0.167143
1024,6298,234,0,640000,0.25,0.104603
1024,6298,235,0,640000,0.25,0.158433
1024,6298,236,0,640000,0.25,0.394545
1024,6298,237,0,640000,0.25,0.111521
1024,6298,238,0,640000,0.25,0.057198
1024,6298,239,0,640000,0.25,0.211857
1024,6298,240,0,640000,0.25,0.174274
1024,6298,241,0,640000,0.25,0.134731
1024,6298,242,0,640000,0.25,0.111107
1024,6298,243,0,640000,0.25,0.213682
1024,6298,244,0,640000,0.25,0.188863
1024,6298,245,0,640000,0.25,0.152628
1024,6298,246,0,640000,0.25,0.096282
1024,6298,247,0,640000,0.25,0.089811
1024,6298,248,0,640000,0.25,0.130841
1024,6298,249,0,640000,0.25,0.122991
1024,6298,250,0,640000,0.25,0.083207
1024,6298,251,0,640000,0.25,0.096388
1024,6298,252,0,640000,0.25,0.272195
1024,6298,253,0,640000,0.25,0.27033
1024,6298,254,0,640000,0.25,0.067305
1024,6298,255,0,640000,0.25,0.076035
1024,6298,256,0,640000,0.25,0.15577
1024,6298,257,0,640000,0.25,0.133131
1024,6298,258,0,640000,0.25,0.128175
1024,6298,259,0,640000,0.25,0.141402
1024,6298,260,0,640000,0.25,0.127482
1024,6298,261,0,640000,0.25,0.157131
1024,6298,262,0,640000,0.25,0.207834
1024,6298,263,0,640000,0.25,0.069502
1024,6298,264,0,640000,0.25,0.2909
1024,6298,265,0,640000,0.25,0.084389
1024,6298,266,0,640000,0.25,0.199251
1024,6298,267,0,640000,0.25,0.148567
1024,6298,268,0,640000,0.25,0.137352
1024,6298,269,0,640000,0.25,0.281064
1024,6298,270,0,640000,0.25,0.258307
1024,6298,271,0,640000,0.25,0.060974
1024,6298,272,0,640000,0.25,0.205277
1024,6298,273,0,640000,0.25,0.267427
1024,6298,274,0,640000,0.25,0.072796
1024,6298,275,0,640000,0.25,0.302724
1024,6298,276,0,640000,0.25,0.089177
1024,6298,277,0,640000,0.25,0.11295
1024,6298,278,0,640000,0.25,0.067266
1024,6298,279,0,640000,0.25,0.134564
1024,6298,280,0,640000,0.25,0.217808
1024,6298,281,0,640000,0.25,0.211089
1024,6298,282,0,640000,0.25,0.083419
1024,6298,283,0,640000,0.25,0.132367
1024,6298,284,0,640000,0.25,0.123601
1024,6298,285,0,640000,0.25,0.131051
1024,6298,286,0,640000,0.25,0.151212
1024,6298,287,0,640000,0.25,0.175503
1024,6298,288,0,640000,0.25,0.171885
1024,6298,289,0,640000,0.25,0.057365
1024,6298,290,0,640000,0.25,0.092206
1024,6298,291,0,640000,0.25,0.216142
1024,6298,292,0,640000,0.25,0.103651
1024,6298,293,0,640000,0.25,0.066727
1024,6298,294,0,640000,0.25,0.054333
1024,6298,295,0,640000,0.25,0.113633
1024,6298,296,0,640000,0.25,0.089958
1024,6298,297,0,640000,0.25,0.086102
1024,6298,298,0,640000,0.25,0.139257
1024,6298,299,0,640000,0.25,0.316019
1024,6298,300,0,640000,0.25,0.150667
1024,6298,301,0,640000,0.25,0.204703
1024,6298,302,0,640000,0.25,0.086204
1024,6298,303,0,640000,0.25,0.233995
1024,6298,304,0,640000,0.25,0.211085
1024,6298,305,0,640000,0.25,0.07404
1024,6298,306,0,640000,0.25,0.267387
1024,6298,307,0,640000,0.25,0.155899
1024,6298,308,0,640000,0.25,0.234255
1024,6298,309,0,640000,0.25,0.122343
1024,6298,310,0,640000,0.25,0.210835
1024,6298,311,0,640000,0.25,0.195296
1024,6298,312,0,640000,0.25,0.095411
1024,6298,313,0,640000,0.25,0.185916
1024,6298,314,0,640000,0.25,0.250131
1024,6298,315,0,640000,0.25,0.234986
1024,6298,316,0,640000,0.25,0.294655
1024,6298,317,0,640000,0.25,0.120276
1024,6298,318,0,640000,0.25,0.179782
1024,6298,319,0,640000,0.25,0.181872
1024,6298,320,0,640000,0.25,0.158552
1024,6298,321,0,640000,0.25,0.300922
1024,6298,322,0,640000,0.25,0.172256
1024,6298,323,0,640000,0.25,0.27706
1024,6298,324,0,640000,0.25,0.119551
1024,6298,325,0,640000,0.25,0.186051
1024,6298,326,0,640000,0.25,0.095559
1024,6298,327,0,640000,0.25,0.242347
1024,6298,328,0,640000,0.25,0.089859
1024,6298,329,0,640000,0.25,0.373403
1024,6298,330,0,640000,0.25,0.162438
1024,6298,331,0,640000,0.25,0.088045
1024,6298,332,0,640000,0.25,0.119161
1024,6298,333,0,640000,0.25,0.125199
1024,6298,334,0,640000,0.25,0.183655
1024,6298,335,0,640000,0.25,0.178976
1024,6298,336,0,640000,0.25,0.148431
1024,6298,337,0,640000,0.25,0.112003
1024,6298,338,0,640000,0.25,0.156843
1024,6298,339,0,640000,0.25,0.104957
1024,6298,340,0,640000,0.25,0.119907
1024,6298,341,0,640000,0.25,0.081238
1024,6298,342,0,640000,0.25,0.093535
1024,6298,343,0,640000,0.25,0.158716
1024,6298,344,0,640000,0.25,0.065644
1024,6298,345,0,640000,0.25,0.086793
1024,6298,346,0,640000,0.25,0.157881
1024,6298,347,0,640000,0.25,0.112585
1024,6298,348,0,640000,0.25,0.25212
1024,6298,349,0,640000,0.25,0.118816
1024,6298,350,0,640000,0.25,0.350602
1024,6298,351,0,640000,0.25,0.205855
1024,6298,352,0,640000,0.25,0.210129
1024,6298,353,0,640000,0.25,0.117722
1024,6298,354,0,640000,0.25,0.127602
1024,6298,355,0,640000,0.25,0.046516
1024,6298,356,0,640000,0.25,0.533779
1024,6298,357,0,640000,0.25,0.368728
1024,6298,358,0,640000,0.25,0.169717
1024,6298,359,0,640000,0.25,0.215794
1024,6298,360,0,640000,0.25,0.083332
1024,6298,361,0,640000,0.25,0.164002
1024,6298,362,0,640000,0.25,0.068363
1024,6298,363,0,640000,0.25,0.177391
1024,6298,364,0,640000,0.25,0.088561
1024,6298,365,0,640000,0.25,0.193502
1024,6298,366,0,640000,0.25,0.05324
1024,6298,367,0,640000,0.25,0.075855
1024,6298,368,0,640000,0.25,0.342988
1024,6298,369,0,640000,0.25,0.154095
1024,6298,370,0,640000,0.25,0.06757
1024,6298,371,0,640000,0.25,0.233386
1024,6298,372,0,640000,0.25,0.124662
1024,6298,373,0,640000,0.25,0.091623
1024,6298,374,0,640000,0.25,0.090169
1024,6298,375,0,640000,0.25,0.217988
1024,6298,376,0,640000,0.25,0.18494
1024,6298,377,0,640000,0.25,0.129451
1024,6298,378,0,640000,0.25,0.180402
1024,6298,379,0,640000,0.25,0.093404
1024,6298,380,0,640000,0.25,0.095655
1024,6298,381,0,640000,0.25,0.062579
1024,6298,382,0,640000,0.25,0.213012
1024,6298,383,0,640000,0.25,0.236887
1024,6298,384,0,640000,0.25,0.076005
1024,6298,385,0,640000,0.25,0.099354
1024,6298,386,0,640000,0.25,0.122128
1024,6298,387,0,640000,0.25,0.150234
1024,6298,388,0,640000,0.25,0.403319
1024,6298,389,0,640000,0.25,0.128513
1024,6298,390,0,640000,0.25,0.081086
1024,6298,391,0,640000,0.25,0.063328
1024,6298,392,0,640000,0.25,0.155805
1024,6298,393,0,640000,0.25,0.405082
1024,6298,394,0,640000,0.25,0.253762
1024,6298,395,0,640000,0.25,0.048349
1024,6298,396,0,640000,0.25,0.151412
1024,6298,397,0,640000,0.25,0.136825
1024,6298,398,0,640000,0.25,0.210174
1024,6298,399,0,640000,0.25,0.147424
1024,6298,400,0,640000,0.25,0.06891
1024,6502,1,0,640000,0.25,1.13848
1024,6502,2,0,640000,0.25,1.01202
1024,6502,3,0,640000,0.25,1.05405
1024,6502,4,0,640000,0.25,0.44262
1024,6502,5,0,640000,0.25,0.3327
1024,6502,6,0,640000,0.25,0.486323
1024,6502,7,0,640000,0.25,0.696593
1024,6502,8,0,640000,0.25,1.36316
1024,6502,9,0,640000,0.25,0.315679
1024,6502,10,0,640000,0.25,1.56475
1024,6502,11,0,640000,0.25,0.56694
1024,6502,12,0,640000,0.25,0.580141
1024,6502,13,0,640000,0.25,2.3047
1024,6502,14,0,640000,0.25,0.596426
1024,6502,15,0,640000,0.25,0.45443
1024,6502,16,0,640000,0.25,0.14146
1024,6502,17,0,640000,0.25,0.242077
1024,6502,18,0,640000,0.25,0.38398
1024,6502,19,0,640000,0.25,0.156422
1024,6502,20,0,640000,0.25,1.63196
1024,6502,21,0,640000,0.25,1.75459
1024,6502,22,0,640000,0.25,0.620904
1024,6502,23,0,640000,0.25,0.563795
1024,6502,24,0,640000,0.25,0.291078
1024,6502,25,0,640000,0.25,0.24485
1024,6502,26,0,640000,0.25,0.663731
1024,6502,27,0,640000,0.25,0.389911
1024,6502,28,0,640000,0.25,0.677772
1024,6502,29,0,640000,0.25,0.751723
1024,6502,30,0,640000,0.25,0.279011
1024,6502,31,0,640000,0.25,0.740346
1024,6502,32,0,640000,0.25,0.266684
1024,6502,33,0,640000,0.25,0.302014
1024,6502,34,0,640000,0.25,0.806641
1024,6502,35,0,640000,0.25,0.532993
1024,6502,36,0,640000,0.25,0.679359
1024,6502,37,0,640000,0.25,1.07839
1024,6502,38,0,640000,0.25,0.945624
1024,6502,39,0,640000,0.25,0.238234
1024,6502,40,0,640000,0.25,0.444169
1024,6502,41,0,640000,0.25,1.02879
1024,6502,42,0,640000,0.25,1.08907
1024,6502,43,0,640000,0.25,2.16117
1024,6502,44,0,640000,0.25,1.18914
1024,6502,45,0,640000,0.25,0.632675
1024,6502,46,0,640000,0.25,1.83124
1024,6502,47,0,640000,0.25,1.59638
1024,6502,48,0,640000,0.25,2.04669
1024,6502,49,0,640000,0.25,0.991304
1024,6502,50,0,640000,0.25,0.985157
1024,6502,51,0,640000,0.25,2.0703
1024,6502,52,0,640000,0.25,2.08005
1024,6502,53,0,640000,0.25,1.52853
1024,6502,54,0,640000,0.25,0.811693
1024,6502,55,0,640000,0.25,1.21119
1024,6502,56,0,640000,0.25,1.16921
1024,6502,57,0,640000,0.25,0.859751
1024,6502,58,0,640000,0.25,2.13161
1024,6502,59,0,640000,0.25,0.813541
1024,6502,60,0,640000,0.25,1.01267
1024,6502,61,0,640000,0.25,1.12335
1024,6502,62,0,640000,0.25,1.588
1024,6502,63,0,640000,0.25,1.30701
1024,6502,64,0,640000,0.25,0.928651
1024,6502,65,0,640000,0.25,0.431145
1024,6502,66,0,640000,0.25,1.28468
1024,6502,67,0,640000,0.25,0.480643
1024,6502,68,0,640000,0.25,2.0616
1024,6502,69,0,640000,0.25,0.759055
1024,6502,70,0,640000,0.25,0.20838
1024,6502,71,0,640000,0.25,0.238232
1024,6502,72,0,640000,0.25,1.17762
1024,6502,73,0,640000,0.25,0.730574
1024,6502,74,0,640000,0.25,0.497869
1024,6502,75,0,640000,0.25,0.348177
1024,6502,76,0,640000,0.25,1.50419
1024,6502,77,0,640000,0.25,1.03513
1024,6502,78,0,640000,0.25,1.0071
1024,6502,79,0,640000,0.25,0.903506
1024,6502,80,0,640000,0.25,2.34625
1024,6502,81,0,640000,0.25,0.147994
1024,6502,82,0,640000,0.25,0.703329
1024,6502,83,0,640000,0.25,0.33385
1024,6502,84,0,640000,0.25,2.50646
1024,6502,85,0,640000,0.25,0.680981
1024,6502,86,0,640000,0.25,0.750666
1024,6502,87,0,640000,0.25,0.491776
1024,6502,88,0,640000,0.25,1.16604
1024,6502,89,0,640000,0.25,1.71367
1024,6502,90,0,640000,0.25,0.849737
1024,6502,91,0,640000,0.25,2.40907
1024,6502,92,0,640000,0.25,0.19551
1024,6502,93,0,640000,0.25,0.46539
1024,6502,94,0,640000,0.25,1.65665
1024,6502,95,0,640000,0.25,0.502681
1024,6502,96,0,640000,0.25,1.21365
1024,6502,97,0,640000,0.25,0.689912
1024,6502,98,0,640000,0.25,0.32134
1024,6502,99,0,640000,0.25,1.64349
1024,6502,100,0,640000,0.25,0.264984
1024,6502,101,0,640000,0.25,0.287484
1024,6502,102,0,640000,0.25,0.45632
1024,6502,103,0,640000,0.25,0.153701
1024,6502,104,0,640000,0.25,0.438136
1024,6502,105,0,640000,0.25,0.480589
1024,6502,106,0,640000,0.25,0.614548
1024,6502,107,0,640000,0.25,0.689695
1024,6502,108,0,640000,0.25,0.769164
1024,6502,109,0,640000,0.25,1.44596
1024,6502,110,0,640000,0.25,0.629083
1024,6502,111,0,640000,0.25,0.614825
1024,6502,112,0,640000,0.25,1.187
1024,6502,113,0,640000,0.25,0.928932
1024,6502,114,0,640000,0.25,1.08991
1024,6502,115,0,640000,0.25,1.50654
1024,6502,116,0,640000,0.25,1.72344
1024,6502,117,0,640000,0.25,0.409555
1024,6502,118,0,640000,0.25,2.47902
1024,6502,119,0,640000,0.25,4.24167
1024,6502,120,0,640000,0.25,1.25473
1024,6502,121,0,640000,0.25,0.653597
1024,6502,122,0,640000,0.25,0.492034
1024,6502,123,0,640000,0.25,1.63252
1024,6502,124,0,640000,0.25,1.09304
1024,6502,125,0,640000,0.25,1.13618
1024,6502,126,0,640000,0.25,0.866636
1024,6502,127,0,640000,0.25,0.450296
1024,6502,128,0,640000,0.25,0.91971
1024,6502,129,0,640000,0.25,0.436515
1024,6502,130,0,640000,0.25,0.477676
1024,6502,131,0,640000,0.25,1.10686
1024,6502,132,0,640000,0.25,2.18838
1024,6502,133,0,640000,0.25,0.342931
1024,6502,134,0,640000,0.25,1.98484
1024,6502,135,0,640000,0.25,1.34552
1024,6502,136,0,640000,0.25,0.901424
1024,6502,137,0,640000,0.25,3.55624
1024,6502,138,0,640000,0.25,0.889769
1024,6502,139,0,640000,0.25,2.16633
1024,6502,140,0,640000,0.25,0.714087
1024,6502,141,0,640000,0.25,0.182842
1024,6502,142,0,640000,0.25,0.997722
1024,6502,143,0,640000,0.25,0.40004
1024,6502,144,0,640000,0.25,0.251046
1024,6502,145,0,640000,0.25,2.17678
1024,6502,146,0,640000,0.25,1.09678
1024,6502,147,0,640000,0.25,0.291632
1024,6502,148,0,640000,0.25,0.966492
1024,6502,149,0,640000,0.25,2.84185
1024,6502,150,0,640000,0.25,3.61905
1024,6502,151,0,640000,0.25,0.963962
1024,6502,152,0,640000,0.25,0.41324
1024,6502,153,0,640000,0.25,0.275467
1024,6502,154,0,640000,0.25,0.837679
1024,6502,155,0,640000,0.25,0.366349
1024,6502,156,0,640000,0.25,3.78133
1024,6502,157,0,640000,0.25,2.293
1024,6502,158,0,640000,0.25,0.240852
1024,6502,159,0,640000,0.25,3.03653
1024,6502,160,0,640000,0.25,0.578787
1024,6502,161,0,640000,0.25,2.84593
1024,6502,162,0,640000,0.25,0.424029
1024,6502,163,0,640000,0.25,0.753236
1024,6502,164,0,640000,0.25,1.75857
1024,6502,165,0,640000,0.25,0.918337
1024,6502,166,0,640000,0.25,0.358555
1024,6502,167,0,640000,0.25,2.36987
1024,6502,168,0,640000,0.25,1.23866
1024,6502,169,0,640000,0.25,0.17081
1024,6502,170,0,640000,0.25,0.605996
1024,6502,171,0,640000,0.25,0.328109
1024,6502,172,0,640000,0.25,0.808902
1024,6502,173,0,640000,0.25,1.53768
1024,6502,174,0,640000,0.25,1.33067
1024,6502,175,0,640000,0.25,1.78082
1024,6502,176,0,640000,0.25,0.403153
1024,6502,177,0,640000,0.25,0.717366
1024,6502,178,0,640000,0.25,0.689912
1024,6502,179,0,640000,0.25,0.325737
1024,6502,180,0,640000,0.25,1.4139
1024,6502,181,0,640000,0.25,1.08887
1024,6502,182,0,640000,0.25,2.32815
1024,6502,183,0,640000,0.25,0.842364
1024,6502,184,0,640000,0.25,1.11445
1024,6502,185,0,640000,0.25,1.10547
1024,6502,186,0,640000,0.25,0.116837
1024,6502,187,0,640000,0.25,1.43438
1024,6502,188,0,640000,0.25,0.356518
1024,6502,189,0,640000,0.25,1.24828
1024,6502,190,0,640000,0.25,2.87488
1024,6502,191,0,640000,0.25,0.789193
1024,6502,192,0,640000,0.25,0.588886
1024,6502,193,0,640000,0.25,1.38601
1024,6502,194,0,640000,0.25,0.588092
1024,6502,195,0,640000,0.25,0.998811
1024,6502,196,0,640000,0.25,0.295132
1024,6502,197,0,640000,0.25,1.11257
1024,6502,198,0,640000,0.25,0.685574
1024,6502,199,0,640000,0.25,0.534524
1024,6502,200,0,640000,0.25,0.094913
1024,6502,201,0,640000,0.25,0.220998
1024,6502,202,0,640000,0.25,1.77993
1024,6502,203,0,640000,0.25,1.04528
1024,6502,204,0,640000,0.25,1.99219
1024,6502,205,0,640000,0.25,1.56746
1024,6502,206,0,640000,0.25,0.361413
1024,6502,207,0,640000,0.25,0.474869
1024,6502,208,0,640000,0.25,0.83677
1024,6502,209,0,640000,0.25,0.22588
1024,6502,210,0,640000,0.25,3.15998
1024,6502,211,0,640000,0.25,0.665824
1024,6502,212,0,640000,0.25,0.414692
1024,6502,213,0,640000,0.25,0.94349
1024,6502,214,0,640000,0.25,0.207137
1024,6502,215,0,640000,0.25,2.70692
1024,6502,216,0,640000,0.25,0.816278
1024,6502,217,0,640000,0.25,1.61298
1024,6502,218,0,640000,0.25,0.604106
1024,6502,219,0,640000,0.25,0.923022
1024,6502,220,0,640000,0.25,2.21628
1024,6502,221,0,640000,0.25,0.506412
1024,6502,222,0,640000,0.25,0.527876
1024,6502,223,0,640000,0.25,2.57567
1024,6502,224,0,640000,0.25,0.859095
1024,6502,225,0,640000,0.25,1.32529
1024,6502,226,0,640000,0.25,0.498763
1024,6502,227,0,640000,0.25,0.680474
1024,6502,228,0,640000,0.25,0.336547
1024,6502,229,0,640000,0.25,1.10042
1024,6502,230,0,640000,0.25,0.889823
1024,6502,231,0,640000,0.25,0.972164
1024,6502,232,0,640000,0.25,0.591358
1024,6502,233,0,640000,0.25,0.314765
1024,6502,234,0,640000,0.25,0.61912
1024,6502,235,0,640000,0.25,0.583171
1024,6502,236,0,640000,0.25,0.676953
1024,6502,237,0,640000,0.25,0.612233
1024,6502,238,0,640000,0.25,1.20663
1024,6502,239,0,640000,0.25,0.903353
1024,6502,240,0,640000,0.25,1.76693
1024,6502,241,0,640000,0.25,0.755648
1024,6502,242,0,640000,0.25,1.65468
1024,6502,243,0,640000,0.25,0.956596
1024,6502,244,0,640000,0.25,1.09708
1024,6502,245,0,640000,0.25,0.899302
1024,6502,246,0,640000,0.25,0.30769
1024,6502,247,0,640000,0.25,0.255932
1024,6502,248,0,640000,0.25,0.58993
1024,6502,249,0,640000,0.25,0.510589
1024,6502,250,0,640000,0.25,1.95056
1024,6502,251,0,640000,0.25,1.25106
1024,6502,252,0,640000,0.25,0.783259
1024,6502,253,0,640000,0.25,1.14121
1024,6502,254,0,640000,0.25,1.27581
1024,6502,255,0,640000,0.25,0.924739
1024,6502,256,0,640000,0.25,0.576962
1024,6502,257,0,640000,0.25,1.06938
1024,6502,258,0,640000,0.25,0.591449
1024,6502,259,0,640000,0.25,0.314943
1024,6502,260,0,640000,0.25,0.203653
1024,6502,261,0,640000,0.25,0.973018
1024,6502,262,0,640000,0.25,0.304554
1024,6502,263,0,640000,0.25,0.390994
1024,6502,264,0,640000,0.25,0.407597
1024,6502,265,0,640000,0.25,0.466018
1024,6502,266,0,640000,0.25,0.675917
1024,6502,267,0,640000,0.25,3.10351
1024,6502,268,0,640000,0.25,0.68692
1024,6502,269,0,640000,0.25,0.191937
1024,6502,270,0,640000,0.25,1.68245
1024,6502,271,0,640000,0.25,2.89161
1024,6502,272,0,640000,0.25,0.661747
1024,6502,273,0,640000,0.25,0.872724
1024,6502,274,0,640000,0.25,0.248561
1024,6502,275,0,640000,0.25,0.369514
1024,6502,276,0,640000,0.25,0.805665
1024,6502,277,0,640000,0.25,1.46746
1024,6502,278,0,640000,0.25,0.159544
1024,6502,279,0,640000,0.25,2.22113
1024,6502,280,0,640000,0.25,1.38001
1024,6502,281,0,640000,0.25,0.373521
1024,6502,282,0,640000,0.25,1.99463
1024,6502,283,0,640000,0.25,0.836087
1024,6502,284,0,640000,0.25,0.779359
1024,6502,285,0,640000,0.25,0.886159
1024,6502,286,0,640000,0.25,1.48118
1024,6502,287,0,640000,0.25,0.982937
1024,6502,288,0,640000,0.25,0.478244
1024,6502,289,0,640000,0.25,0.35952
1024,6502,290,0,640000,0.25,0.621275
1024,6502,291,0,640000,0.25,0.270823
1024,6502,292,0,640000,0.25,0.879848
1024,6502,293,0,640000,0.25,0.236978
1024,6502,294,0,640000,0.25,0.733472
1024,6502,295,0,640000,0.25,1.56095
1024,6502,296,0,640000,0.25,0.417271
1024,6502,297,0,640000,0.25,0.543602
1024,6502,298,0,640000,0.25,1.32936
1024,6502,299,0,640000,0.25,0.546371
1024,6502,300,0,640000,0.25,2.67162
1024,6502,301,0,640000,0.25,0.594937
1024,6502,302,0,640000,0.25,2.13097
1024,6502,303,0,640000,0.25,0.283331
1024,6502,304,0,640000,0.25,0.570759
1024,6502,305,0,640000,0.25,0.918013
1024,6502,306,0,640000,0.25,1.03814
1024,6502,307,0,640000,0.25,0.754347
1024,6502,308,0,640000,0.25,0.678285
1024,6502,309,0,640000,0.25,0.331007
1024,6502,310,0,640000,0.25,0.607226
1024,6502,311,0,640000,0.25,1.06115
1024,6502,312,0,640000,0.25,0.601116
1024,6502,313,0,640000,0.25,0.309869
1024,6502,314,0,640000,0.25,0.355602
1024,6502,315,0,640000,0.25,3.44666
1024,6502,316,0,640000,0.25,0.302709
1024,6502,317,0,640000,0.25,1.06763
1024,6502,318,0,640000,0.25,0.329268
1024,6502,319,0,640000,0.25,0.439281
1024,6502,320,0,640000,0.25,1.8125
1024,6502,321,0,640000,0.25,3.05759
1024,6502,322,0,640000,0.25,0.929352
1024,6502,323,0,640000,0.25,1.32174
1024,6502,324,0,640000,0.25,1.42446
1024,6502,325,0,640000,0.25,0.318408
1024,6502,326,0,640000,0.25,0.716361
1024,6502,327,0,640000,0.25,2.34548
1024,6502,328,0,640000,0.25,0.451489
1024,6502,329,0,640000,0.25,0.239298
1024,6502,330,0,640000,0.25,0.780218
1024,6502,331,0,640000,0.25,0.40972
1024,6502,332,0,640000,0.25,1.14861
1024,6502,333,0,640000,0.25,0.513447
1024,6502,334,0,640000,0.25,0.723791
1024,6502,335,0,640000,0.25,0.414374
1024,6502,336,0,640000,0.25,0.366107
1024,6502,337,0,640000,0.25,1.52068
1024,6502,338,0,640000,0.25,1.32712
1024,6502,339,0,640000,0.25,1.38756
1024,6502,340,0,640000,0.25,0.317555
1024,6502,341,0,640000,0.25,0.389462
1024,6502,342,0,640000,0.25,1.276
1024,6502,343,0,640000,0.25,0.714341
1024,6502,344,0,640000,0.25,1.76875
1024,6502,345,0,640000,0.25,0.943478
1024,6502,346,0,640000,0.25,0.734988
1024,6502,347,0,640000,0.25,0.643078
1024,6502,348,0,640000,0.25,1.8829
1024,6502,349,0,640000,0.25,1.16057
1024,6502,350,0,640000,0.25,0.381037
1024,6502,351,0,640000,0.25,1.51658
1024,6502,352,0,640000,0.25,0.834125
1024,6502,353,0,640000,0.25,0.357443
1024,6502,354,0,640000,0.25,1.18911
1024,6502,355,0,640000,0.25,1.48893
1024,6502,356,0,640000,0.25,0.838414
1024,6502,357,0,640000,0.25,3.59058
1024,6502,358,0,640000,0.25,1.37348
1024,6502,359,0,640000,0.25,0.458906
1024,6502,360,0,640000,0.25,2.34081
1024,6502,361,0,640000,0.25,0.831097
1024,6502,362,0,640000,0.25,1.14574
1024,6502,363,0,640000,0.25,1.07366
1024,6502,364,0,640000,0.25,0.420839
1024,6502,365,0,640000,0.25,1.79665
1024,6502,366,0,640000,0.25,0.995981
1024,6502,367,0,640000,0.25,0.294256
1024,6502,368,0,640000,0.25,1.43172
1024,6502,369,0,640000,0.25,0.879065
1024,6502,370,0,640000,0.25,6.18885
1024,6502,371,0,640000,0.25,1.01176
1024,6502,372,0,640000,0.25,1.37413
1024,6502,373,0,640000,0.25,1.23119
1024,6502,374,0,640000,0.25,0.534572
1024,6502,375,0,640000,0.25,2.31952
1024,6502,376,0,640000,0.25,0.575742
1024,6502,377,0,640000,0.25,0.917482
1024,6502,378,0,640000,0.25,0.407934
1024,6502,379,0,640000,0.25,0.336395
1024,6502,380,0,640000,0.25,1.82419
1024,6502,381,0,640000,0.25,1.52156
1024,6502,382,0,640000,0.25,1.75414
1024,6502,383,0,640000,0.25,0.346821
1024,6502,384,0,640000,0.25,1.42566
1024,6502,385,0,640000,0.25,1.14995
1024,6502,386,0,640000,0.25,0.825223
1024,6502,387,0,640000,0.25,0.79584
1024,6502,388,0,640000,0.25,3.55889
1024,6502,389,0,640000,0.25,1.13227
1024,6502,390,0,640000,0.25,1.22282
1024,6502,391,0,640000,0.25,0.21727
1024,6502,392,0,640000,0.25,0.776954
1024,6502,393,0,640000,0.25,0.307425
1024,6502,394,0,640000,0.25,0.680852
1024,6502,395,0,640000,0.25,0.550663
1024,6502,396,0,640000,0.25,1.22523
1024,6502,397,0,640000,0.25,1.16501
1024,6502,398,0,640000,0.25,1.64695
1024,6502,399,0,640000,0.25,0.575213
1024,6502,400,0,640000,0.25,1.8601
1024,6707,1,0,640000,0.25,31.9118
1024,6707,2,0,640000,0.25,10.6291
1024,6707,3,0,640000,0.25,2.05655
1024,6707,4,0,640000,0.25,66.0979
1024,6707,5,0,640000,0.25,13.065
1024,6707,6,0,640000,0.25,21.9651
1024,6707,7,0,640000,0.25,2.73085
1024,6707,8,0,640000,0.25,30.8648
1024,6707,9,0,640000,0.25,52.2692
1024,6707,10,0,640000,0.25,11.3723
1024,6707,11,0,640000,0.25,5.01859
1024,6707,12,0,640000,0.25,13.0092
1024,6707,13,0,640000,0.25,8.32925
1024,6707,14,1,640000,0.25,98.3231
1024,6707,15,0,640000,0.25,21.4659
1024,6707,16,0,640000,0.25,40.3478
1024,6707,17,0,640000,0.25,20.8393
1024,6707,18,0,640000,0.25,28.6557
1024,6707,19,0,640000,0.25,12.3192
1024,6707,20,0,640000,0.25,13.8969
1024,6707,21,0,640000,0.25,26.7666
1024,6707,22,0,640000,0.25,37.5857
1024,6707,23,0,640000,0.25,14.2375
1024,6707,24,0,640000,0.25,29.8743
1024,6707,25,0,640000,0.25,6.82083
1024,6707,26,0,640000,0.25,16.9987
1024,6707,27,1,640000,0.25,98.4843
1024,6707,28,0,640000,0.25,31.8576
1024,6707,29,0,640000,0.25,4.22765
1024,6707,30,0,640000,0.25,15.321
1024,6707,31,0,640000,0.25,7.54447
1024,6707,32,0,640000,0.25,42.0953
1024,6707,33,1,640000,0.25,98.6028
1024,6707,34,0,640000,0.25,19.6947
1024,6707,35,0,640000,0.25,18.2679
1024,6707,36,0,640000,0.25,93.8822
1024,6707,37,0,640000,0.25,9.46163
1024,6707,38,0,640000,0.25,50.7626
1024,6707,39,0,640000,0.25,18.322
1024,6707,40,0,640000,0.25,39.456
1024,6707,41,1,640000,0.25,99.2453
1024,6707,42,0,640000,0.25,6.33393
1024,6707,43,0,640000,0.25,2.06322
1024,6707,44,0,640000,0.25,27.9573
1024,6707,45,1,640000,0.25,96.9365
1024,6707,46,0,640000,0.25,7.69324
1024,6707,47,0,640000,0.25,7.58878
1024,6707,48,1,640000,0.25,99.2778
1024,6707,49,0,640000,0.25,83.1439
1024,6707,50,0,640000,0.25,57.3456
1024,6707,51,0,640000,0.25,34.4604
1024,6707,52,0,640000,0.25,9.75187
1024,6707,53,1,640000,0.25,99.0664
1024,6707,54,0,640000,0.25,6.34612
1024,6707,55,0,640000,0.25,43.6003
1024,6707,56,0,640000,0.25,38.3364
1024,6707,57,0,640000,0.25,19.51
1024,6707,58,0,640000,0.25,27.6339
1024,6707,59,0,640000,0.25,78.6508
1024,6707,60,0,640000,0.25,7.21554
1024,6707,61,0,640000,0.25,27.0966
1024,6707,62,0,640000,0.25,45.0131
1024,6707,63,0,640000,0.25,81.0801
1024,6707,64,0,640000,0.25,72.2562
1024,6707,65,0,640000,0.25,22.6352
1024,6707,66,0,640000,0.25,40.0223
1024,6707,67,0,640000,0.25,7.25949
1024,6707,68,0,640000,0.25,56.4893
1024,6707,69,0,640000,0.25,62.6342
1024,6707,70,0,640000,0.25,24.3478
1024,6707,71,0,640000,0.25,4.39433
1024,6707,72,0,640000,0.25,5.77896
1024,6707,73,0,640000,0.25,8.93877
1024,6707,74,0,640000,0.25,4.76351
1024,6707,75,0,640000,0.25,77.6103
1024,6707,76,0,640000,0.25,23.7737
1024,6707,77,0,640000,0.25,41.7446
1024,6707,78,0,640000,0.25,68.4102
1024,6707,79,0,640000,0.25,23.8304
1024,6707,80,0,640000,0.25,8.40275
1024,6707,81,0,640000,0.25,9.73563
1024,6707,82,2,640000,0.25,99.0974
1024,6707,83,0,640000,0.25,60.2361
1024,6707,84,0,640000,0.25,16.5495
1024,6707,85,0,640000,0.25,20.067
1024,6707,86,0,640000,0.25,3.55056
1024,6707,87,0,640000,0.25,31.2841
1024,6707,88,0,640000,0.25,63.1045
1024,6707,89,0,640000,0.25,12.3997
1024,6707,90,0,640000,0.25,1.55635
1024,6707,91,0,640000,0.25,26.6088
1024,6707,92,0,640000,0.25,14.6024
1024,6707,93,0,640000,0.25,3.84972
1024,6707,94,0,640000,0.25,11.2886
1024,6707,95,0,640000,0.25,6.44119
1024,6707,96,0,640000,0.25,17.5705
1024,6707,97,0,640000,0.25,74.2268
1024,6707,98,0,640000,0.25,36.2839
1024,6707,99,0,640000,0.25,4.06756
1024,6707,100,0,640000,0.25,6.66031
1024,6707,101,0,640000,0.25,14.6603
1024,6707,102,0,640000,0.25,53.7531
1024,6707,103,0,640000,0.25,25.6536
1024,6707,104,0,640000,0.25,40.3964
1024,6707,105,0,640000,0.25,20.5588
1024,6707,106,0,640000,0.25,17.2791
1024,6707,107,0,640000,0.25,31.6669
1024,6707,108,0,640000,0.25,41.7836
1024,6707,109,0,640000,0.25,11.0879
1024,6707,110,0,640000,0.25,9.4528
1024,6707,111,0,640000,0.25,17.0244
1024,6707,112,0,640000,0.25,1.7707
1024,6707,113,0,640000,0.25,33.8818
1024,6707,114,0,640000,0.25,40.525
1024,6707,115,0,640000,0.25,54.0944
1024,6707,116,0,640000,0.25,33.8375
1024,6707,117,1,640000,0.25,98.7003
1024,6707,118,0,640000,0.25,4.38589
1024,6707,119,0,640000,0.25,34.906
1024,6707,120,0,640000,0.25,48.0912
1024,6707,121,0,640000,0.25,10.8209
1024,6707,122,0,640000,0.25,15.7464
1024,6707,123,0,640000,0.25,21.1818
1024,6707,124,0,640000,0.25,36.1825
1024,6707,125,0,640000,0.25,16.9291
1024,6707,126,0,640000,0.25,46.9037
1024,6707,127,0,640000,0.25,14.6558
1024,6707,128,0,640000,0.25,54.093
1024,6707,129,0,640000,0.25,95.5158
1024,6707,130,1,640000,0.25,98.3508
1024,6707,131,0,640000,0.25,47.1464
1024,6707,132,0,640000,0.25,16.1435
1024,6707,133,1,640000,0.25,98.9069
1024,6707,134,1,640000,0.25,98.7303
1024,6707,135,0,640000,0.25,13.2537
1024,6707,136,0,640000,0.25,46.9789
1024,6707,137,0,640000,0.25,5.14501
1024,6707,138,1,640000,0.25,98.5368
1024,6707,139,0,640000,0.25,16.6312
1024,6707,140,0,640000,0.25,4.82807
1024,6707,141,0,640000,0.25,75.3162
1024,6707,142,0,640000,0.25,18.7474
1024,6707,143,0,640000,0.25,6.41835
1024,6707,144,0,640000,0.25,68.9782
1024,6707,145,0,640000,0.25,17.7009
1024,6707,146,0,640000,0.25,15.2985
1024,6707,147,0,640000,0.25,31.7583
1024,6707,148,0,640000,0.25,43.66
1024,6707,149,1,640000,0.25,98.3557
1024,6707,150,0,640000,0.25,51.858
1024,6707,151,0,640000,0.25,34.2431
1024,6707,152,0,640000,0.25,24.9809
1024,6707,153,0,640000,0.25,22.7521
1024,6707,154,0,640000,0.25,19.8309
1024,6707,155,0,640000,0.25,13.1453
1024,6707,156,1,640000,0.25,98.7732
1024,6707,157,1,640000,0.25,98.2892
1024,6707,158,0,640000,0.25,18.1542
1024,6707,159,0,640000,0.25,95.9194
1024,6707,160,0,640000,0.25,14.9877
1024,6707,161,0,640000,0.25,16.8941
1024,6707,162,0,640000,0.25,47.3289
1024,6707,163,0,640000,0.25,4.9543
1024,6707,164,0,640000,0.25,60.7346
1024,6707,165,0,640000,0.25,26.9404
1024,6707,166,1,640000,0.25,99.0475
1024,6707,167,0,640000,0.25,2.08501
1024,6707,168,0,640000,0.25,8.63722
1024,6707,169,0,640000,0.25,12.6612
1024,6707,170,0,640000,0.25,19.741
1024,6707,171,0,640000,0.25,7.37506
1024,6707,172,0,640000,0.25,17.0742
1024,6707,173,0,640000,0.25,72.5648
1024,6707,174,0,640000,0.25,3.39712
1024,6707,175,0,640000,0.25,10.0373
1024,6707,176,0,640000,0.25,2.67242
1024,6707,177,0,640000,0.25,26.562
1024,6707,178,0,640000,0.25,66.7874
1024,6707,179,0,640000,0.25,85.3865
1024,6707,180,0,640000,0.25,43.8758
1024,6707,181,1,640000,0.25,98.1598
1024,6707,182,0,640000,0.25,22.8779
1024,6707,183,0,640000,0.25,84.8853
1024,6707,184,0,640000,0.25,12.798
1024,6707,185,1,640000,0.25,98.325
1024,6707,186,0,640000,0.25,15.4889
1024,6707,187,0,640000,0.25,17.4326
1024,6707,188,0,640000,0.25,27.5935
1024,6707,189,0,640000,0.25,21.3579
1024,6707,190,0,640000,0.25,48.1366
1024,6707,191,0,640000,0.25,41.5441
1024,6707,192,0,640000,0.25,22.7787
1024,6707,193,0,640000,0.25,9.36534
1024,6707,194,0,640000,0.25,3.9903
1024,6707,195,0,640000,0.25,15.4876
1024,6707,196,0,640000,0.25,7.15139
1024,6707,197,0,640000,0.25,33.1463
1024,6707,198,0,640000,0.25,11.4951
1024,6707,199,0,640000,0.25,15.7842
1024,6707,200,0,640000,0.25,14.8819
1024,6707,201,0,640000,0.25,90.3034
1024,6707,202,0,640000,0.25,50.1844
1024,6707,203,0,640000,0.25,48.632
1024,6707,204,0,640000,0.25,5.57913
1024,6707,205,0,640000,0.25,35.1214
1024,6707,206,0,640000,0.25,51.5321
1024,6707,207,0,640000,0.25,30.7419
1024,6707,208,0,640000,0.25,27.2096
1024,6707,209,0,640000,0.25,24.7179
1024,6707,210,0,640000,0.25,6.42432
1024,6707,211,0,640000,0.25,2.02283
1024,6707,212,0,640000,0.25,73.888
1024,6707,213,0,640000,0.25,4.85805
1024,6707,214,0,640000,0.25,37.5927
1024,6707,215,0,640000,0.25,30.7159
1024,6707,216,0,640000,0.25,28.2076
1024,6707,217,0,640000,0.25,16.6171
1024,6707,218,0,640000,0.25,21.844
1024,6707,219,0,640000,0.25,14.2327
1024,6707,220,0,640000,0.25,13.4416
1024,6707,221,0,640000,0.25,97.8054
1024,6707,222,0,640000,0.25,11.4052
1024,6707,223,1,640000,0.25,98.6035
1024,6707,224,0,640000,0.25,8.06737
1024,6707,225,1,640000,0.25,98.5478
1024,6707,226,0,640000,0.25,38.5952
1024,6707,227,0,640000,0.25,3.72813
1024,6707,228,0,640000,0.25,20.5761
1024,6707,229,0,640000,0.25,18.9762
1024,6707,230,0,640000,0.25,13.6815
1024,6707,231,0,640000,0.25,28.6989
1024,6707,232,0,640000,0.25,13.8686
1024,6707,233,0,640000,0.25,22.1751
1024,6707,234,0,640000,0.25,36.2327
1024,6707,235,0,640000,0.25,24.6658
1024,6707,236,1,640000,0.25,98.599
1024,6707,237,0,640000,0.25,20.5806
1024,6707,238,0,640000,0.25,52.8654
1024,6707,239,0,640000,0.25,26.1434
1024,6707,240,0,640000,0.25,12.7227
1024,6707,241,0,640000,0.25,24.9404
1024,6707,242,0,640000,0.25,5.84694
1024,6707,243,0,640000,0.25,65.9213
1024,6707,244,0,640000,0.25,0.744094
1024,6707,245,0,640000,0.25,47.2729
1024,6707,246,0,640000,0.25,20.3964
1024,6707,247,0,640000,0.25,10.634
1024,6707,248,1,640000,0.25,98.9419
1024,6707,249,0,640000,0.25,26.4834
1024,6707,250,0,640000,0.25,92.0122
1024,6707,251,0,640000,0.25,30.2608
1024,6707,252,0,640000,0.25,23.8409
1024,6707,253,0,640000,0.25,2.34461
1024,6707,254,0,640000,0.25,4.02893
1024,6707,255,0,640000,0.25,48.7564
1024,6707,256,0,640000,0.25,3.06352
1024,6707,257,0,640000,0.25,11.9266
1024,6707,258,0,640000,0.25,36.5916
1024,6707,259,0,640000,0.25,52.9597
1024,6707,260,0,640000,0.25,39.133
1024,6707,261,0,640000,0.25,4.29781
1024,6707,262,0,640000,0.25,15.5193
1024,6707,263,0,640000,0.25,71.6057
1024,6707,264,0,640000,0.25,8.60885
1024,6707,265,0,640000,0.25,27.8399
1024,6707,266,0,640000,0.25,4.73701
1024,6707,267,1,640000,0.25,99.2572
1024,6707,268,0,640000,0.25,15.0303
1024,6707,269,0,640000,0.25,3.76261
1024,6707,270,0,640000,0.25,18.169
1024,6707,271,0,640000,0.25,40.1369
1024,6707,272,0,640000,0.25,41.1483
1024,6707,273,0,640000,0.25,15.4362
1024,6707,274,0,640000,0.25,7.19422
1024,6707,275,0,640000,0.25,7.6972
1024,6707,276,0,640000,0.25,39.2346
1024,6707,277,0,640000,0.25,19.0
1024,6707,278,0,640000,0.25,9.71982
1024,6707,279,0,640000,0.25,7.75144
1024,6707,280,1,640000,0.25,98.1714
1024,6707,281,0,640000,0.25,59.9839
1024,6707,282,0,640000,0.25,12.3013
1024,6707,283,0,640000,0.25,46.5138
1024,6707,284,0,640000,0.25,79.783
1024,6707,285,0,640000,0.25,55.8291
1024,6707,286,1,640000,0.25,98.5921
1024,6707,287,0,640000,0.25,25.0918
1024,6707,288,0,640000,0.25,47.0149
1024,6707,289,0,640000,0.25,2.25977
1024,6707,290,0,640000,0.25,8.92317
1024,6707,291,1,640000,0.25,97.901
1024,6707,292,0,640000,0.25,38.1995
1024,6707,293,0,640000,0.25,8.94993
1024,6707,294,0,640000,0.25,3.4707
1024,6707,295,0,640000,0.25,18.418
1024,6707,296,0,640000,0.25,4.77959
1024,6707,297,0,640000,0.25,76.6797
1024,6707,298,0,640000,0.25,78.9846
1024,6707,299,0,640000,0.25,3.06473
1024,6707,300,0,640000,0.25,3.89498
1024,6707,301,1,640000,0.25,99.1204
1024,6707,302,0,640000,0.25,3.14979
1024,6707,303,0,640000,0.25,5.62255
1024,6707,304,1,640000,0.25,98.394
1024,6707,305,0,640000,0.25,25.5283
1024,6707,306,1,640000,0.25,96.6343
1024,6707,307,0,640000,0.25,11.9184
1024,6707,308,0,640000,0.25,21.5887
1024,6707,309,1,640000,0.25,97.9556
1024,6707,310,0,640000,0.25,88.929
1024,6707,311,0,640000,0.25,16.9554
1024,6707,312,0,640000,0.25,8.48525
1024,6707,313,0,640000,0.25,12.1055
1024,6707,314,0,640000,0.25,1.56542
1024,6707,315,0,640000,0.25,64.3298
1024,6707,316,0,640000,0.25,4.83075
1024,6707,317,0,640000,0.25,6.52822
1024,6707,318,0,640000,0.25,8.13744
1024,6707,319,1,640000,0.25,98.7515
1024,6707,320,1,640000,0.25,98.034
1024,6707,321,0,640000,0.25,28.3388
1024,6707,322,0,640000,0.25,2.27935
1024,6707,323,0,640000,0.25,8.7114
1024,6707,324,0,640000,0.25,31.9512
1024,6707,325,0,640000,0.25,67.1473
1024,6707,326,0,640000,0.25,30.2732
1024,6707,327,0,640000,0.25,38.5707
1024,6707,328,0,640000,0.25,80.0519
1024,6707,329,0,640000,0.25,6.46262
1024,6707,330,0,640000,0.25,44.9175
1024,6707,331,1,640000,0.25,98.5347
1024,6707,332,1,640000,0.25,98.1523
1024,6707,333,0,640000,0.25,16.9753
1024,6707,334,1,640000,0.25,98.6361
1024,6707,335,0,640000,0.25,52.6803
1024,6707,336,0,640000,0.25,32.5942
1024,6707,337,0,640000,0.25,19.1933
1024,6707,338,1,640000,0.25,98.572
1024,6707,339,0,640000,0.25,3.02808
1024,6707,340,0,640000,0.25,21.8947
1024,6707,341,0,640000,0.25,23.9195
1024,6707,342,0,640000,0.25,23.8098
1024,6707,343,0,640000,0.25,21.1854
1024,6707,344,0,640000,0.25,4.27363
1024,6707,345,0,640000,0.25,19.1241
1024,6707,346,0,640000,0.25,9.84882
1024,6707,347,0,640000,0.25,11.3116
1024,6707,348,0,640000,0.25,5.73831
1024,6707,349,0,640000,0.25,18.4772
1024,6707,350,0,640000,0.25,32.3616
1024,6707,351,0,640000,0.25,5.26681
1024,6707,352,0,640000,0.25,35.7282
1024,6707,353,0,640000,0.25,38.3959
1024,6707,354,1,640000,0.25,96.7782
1024,6707,355,1,640000,0.25,98.695
1024,6707,356,0,640000,0.25,15.1176
1024,6707,357,0,640000,0.25,47.0137
1024,6707,358,0,640000,0.25,15.5804
1024,6707,359,0,640000,0.25,30.8726
1024,6707,360,0,640000,0.25,14.6734
1024,6707,361,0,640000,0.25,3.75359
1024,6707,362,0,640000,0.25,15.2414
1024,6707,363,0,640000,0.25,59.0106
1024,6707,364,0,640000,0.25,48.7609
1024,6707,365,0,640000,0.25,17.9733
1024,6707,366,0,640000,0.25,22.0621
1024,6707,367,0,640000,0.25,36.6868
1024,6707,368,1,640000,0.25,98.3054
1024,6707,369,1,640000,0.25,98.5655
1024,6707,370,0,640000,0.25,6.26651
1024,6707,371,0,640000,0.25,5.97211
1024,6707,372,0,640000,0.25,34.1509
1024,6707,373,0,640000,0.25,38.1867
1024,6707,374,0,640000,0.25,14.2934
1024,6707,375,0,640000,0.25,42.3157
1024,6707,376,0,640000,0.25,22.8659
1024,6707,377,0,640000,0.25,4.35775
1024,6707,378,0,640000,0.25,26.2768
1024,6707,379,0,640000,0.25,7.49899
1024,6707,380,0,640000,0.25,25.2246
1024,6707,381,0,640000,0.25,18.3797
1024,6707,382,0,640000,0.25,47.5748
1024,6707,383,0,640000,0.25,16.616
1024,6707,384,0,640000,0.25,13.1598
1024,6707,385,0,640000,0.25,52.2423
1024,6707,386,0,640000,0.25,24.0993
1024,6707,387,0,640000,0.25,16.9262
1024,6707,388,0,640000,0.25,5.15591
1024,6707,389,0,640000,0.25,5.15728
1024,6707,390,0,640000,0.25,19.6736
1024,6707,391,0,640000,0.25,21.1018
1024,6707,392,0,640000,0.25,84.4522
1024,6707,393,0,640000,0.25,31.9298
1024,6707,394,0,640000,0.25,8.07634
1024,6707,395,1,640000,0.25,98.4866
1024,6707,396,0,640000,0.25,8.54649
1024,6707,397,0,640000,0.25,7.10755
1024,6707,398,0,640000,0.25,72.5314
1024,6707,399,0,640000,0.25,28.1211
1024,6707,400,0,640000,0.25,28.0879
1024,6912,1,3,640000,0.25,100.046
1024,6912,2,5,640000,0.25,100.561
1024,6912,3,4,640000,0.25,99.7975
1024,6912,4,5,640000,0.25,100.159
1024,6912,5,5,640000,0.25,100.09
1024,6912,6,3,640000,0.25,100.062
1024,6912,7,6,640000,0.25,100.374
1024,6912,8,5,640000,0.25,100.041
1024,6912,9,5,640000,0.25,100.181
1024,6912,10,6,640000,0.25,100.635
1024,6912,11,4,640000,0.25,99.9444
1024,6912,12,4,640000,0.25,100.249
1024,6912,13,4,640000,0.25,100.162
1024,6912,14,4,640000,0.25,100.558
1024,6912,15,5,640000,0.25,100.604
1024,6912,16,5,640000,0.25,99.7959
1024,6912,17,6,640000,0.25,99.8964
1024,6912,18,5,640000,0.25,99.929
1024,6912,19,5,640000,0.25,100.489
1024,6912,20,5,640000,0.25,100.044
1024,6912,21,6,640000,0.25,100.403
1024,6912,22,6,640000,0.25,100.359
1024,6912,23,4,640000,0.25,100.098
1024,6912,24,5,640000,0.25,100.273
1024,6912,25,4,640000,0.25,100.126
1024,6912,26,5,640000,0.25,99.8922
1024,6912,27,5,640000,0.25,100.087
1024,6912,28,4,640000,0.25,99.9715
1024,6912,29,5,640000,0.25,100.443
1024,6912,30,3,640000,0.25,100.204
1024,6912,31,4,640000,0.25,100.063
1024,6912,32,6,640000,0.25,100.644
1024,6912,33,6,640000,0.25,100.479
1024,6912,34,3,640000,0.25,100.472
1024,6912,35,6,640000,0.25,100.268
1024,6912,36,5,640000,0.25,100.344
1024,6912,37,5,640000,0.25,100.191
1024,6912,38,4,640000,0.25,100.223
1024,6912,39,7,640000,0.25,100.283
1024,6912,40,7,640000,0.25,100.773
1024,6912,41,3,640000,0.25,99.6435
1024,6912,42,6,640000,0.25,100.425
1024,6912,43,5,640000,0.25,100.922
1024,6912,44,5,640000,0.25,101.069
1024,6912,45,4,640000,0.25,100.394
1024,6912,46,4,640000,0.25,100.386
1024,6912,47,5,640000,0.25,99.9248
1024,6912,48,4,640000,0.25,100.28
1024,6912,49,6,640000,0.25,100.803
1024,6912,50,5,640000,0.25,99.7813
1024,6912,51,3,640000,0.25,99.4479
1024,6912,52,5,640000,0.25,100.324
1024,6912,53,4,640000,0.25,100.171
1024,6912,54,4,640000,0.25,99.9179
1024,6912,55,3,640000,0.25,99.7282
1024,6912,56,4,640000,0.25,99.8235
1024,6912,57,4,640000,0.25,100.275
1024,6912,58,7,640000,0.25,100.577
1024,6912,59,5,640000,0.25,99.2622
1024,6912,60,6,640000,0.25,100.455
1024,6912,61,6,640000,0.25,100.307
1024,6912,62,6,640000,0.25,100.284
1024,6912,63,4,640000,0.25,100.88
1024,6912,64,6,640000,0.25,100.609
1024,6912,65,5,640000,0.25,100.55
1024,6912,66,6,640000,0.25,100.636
1024,6912,67,6,640000,0.25,99.8555
1024,6912,68,5,640000,0.25,100.117
1024,6912,69,3,640000,0.25,98.5627
1024,6912,70,4,640000,0.25,100.034
1024,6912,71,3,640000,0.25,99.052
1024,6912,72,4,640000,0.25,100.083
1024,6912,73,4,640000,0.25,100.161
1024,6912,74,4,640000,0.25,100.419
1024,6912,75,4,640000,0.25,99.4805
1024,6912,76,3,640000,0.25,99.9348
1024,6912,77,5,640000,0.25,100.305
1024,6912,78,5,640000,0.25,100.721
1024,6912,79,4,640000,0.25,100.075
1024,6912,80,6,640000,0.25,99.5986
1024,6912,81,6,640000,0.25,100.418
1024,6912,82,2,640000,0.25,99.7921
1024,6912,83,3,640000,0.25,100.323
1024,6912,84,5,640000,0.25,99.4378
1024,6912,85,6,640000,0.25,101.079
1024,6912,86,6,640000,0.25,100.501
1024,6912,87,7,640000,0.25,100.369
1024,6912,88,4,640000,0.25,100.004
1024,6912,89,5,640000,0.25,99.7744
1024,6912,90,3,640000,0.25,100.043
1024,6912,91,4,640000,0.25,99.8878
1024,6912,92,5,640000,0.25,99.7745
1024,6912,93,5,640000,0.25,100.445
1024,6912,94,5,640000,0.25,100.071
1024,6912,95,4,640000,0.25,100.606
1024,6912,96,5,640000,0.25,100.194
1024,6912,97,6,640000,0.25,100.595
1024,6912,98,3,640000,0.25,100.131
1024,6912,99,4,640000,0.25,100.027
1024,6912,100,5,640000,0.25,100.648
1024,6912,101,6,640000,0.25,99.6458
1024,6912,102,7,640000,0.25,100.637
1024,6912,103,3,640000,0.25,100.002
1024,6912,104,4,640000,0.25,99.7805
1024,6912,105,3,640000,0.25,100.553
1024,6912,106,5,640000,0.25,100.532
1024,6912,107,4,640000,0.25,100.411
1024,6912,108,5,640000,0.25,99.7293
1024,6912,109,4,640000,0.25,99.9945
1024,6912,110,2,640000,0.25,100.185
1024,6912,111,6,640000,0.25,100.522
1024,6912,112,4,640000,0.25,100.091
1024,6912,113,4,640000,0.25,100.03
1024,6912,114,6,640000,0.25,100.597
1024,6912,115,5,640000,0.25,100.876
1024,6912,116,4,640000,0.25,99.8358
1024,6912,117,5,640000,0.25,100.512
1024,6912,118,4,640000,0.25,100.332
1024,6912,119,5,640000,0.25,100.252
1024,6912,120,5,640000,0.25,100.01
1024,6912,121,3,640000,0.25,100.026
1024,6912,122,4,640000,0.25,99.4628
1024,6912,123,5,640000,0.25,100.222
1024,6912,124,4,640000,0.25,98.8884
1024,6912,125,5,640000,0.25,100.186
1024,6912,126,6,640000,0.25,100.334
1024,6912,127,5,640000,0.25,100.36
1024,6912,128,6,640000,0.25,100.118
1024,6912,129,6,640000,0.25,100.627
1024,6912,130,4,640000,0.25,100.529
1024,6912,131,4,640000,0.25,100.08
1024,6912,132,6,640000,0.25,100.766
1024,6912,133,6,640000,0.25,100.502
1024,6912,134,4,640000,0.25,99.8186
1024,6912,135,3,640000,0.25,98.6514
1024,6912,136,3,640000,0.25,100.344
1024,6912,137,5,640000,0.25,100.02
1024,6912,138,5,640000,0.25,99.9633
1024,6912,139,7,640000,0.25,100.389
1024,6912,140,6,640000,0.25,100.152
1024,6912,141,7,640000,0.25,101.016
1024,6912,142,5,640000,0.25,98.8115
1024,6912,143,5,640000,0.25,100.579
1024,6912,144,6,640000,0.25,100.378
1024,6912,145,2,640000,0.25,100.826
1024,6912,146,5,640000,0.25,100.144
1024,6912,147,4,640000,0.25,99.7371
1024,6912,148,6,640000,0.25,100.096
1024,6912,149,4,640000,0.25,100.373
1024,6912,150,3,640000,0.25,100.154
1024,6912,151,5,640000,0.25,100.417
1024,6912,152,6,640000,0.25,100.694
1024,6912,153,5,640000,0.25,99.9193
1024,6912,154,4,640000,0.25,101.048
1024,6912,155,3,640000,0.25,98.4166
1024,6912,156,7,640000,0.25,100.45
1024,6912,157,7,640000,0.25,100.679
1024,6912,158,5,640000,0.25,99.9976
1024,6912,159,5,640000,0.25,100.091
1024,6912,160,7,640000,0.25,100.42
1024,6912,161,5,640000,0.25,100.471
1024,6912,162,4,640000,0.25,100.253
1024,6912,163,3,640000,0.25,100.101
1024,6912,164,3,640000,0.25,98.7907
1024,6912,165,6,640000,0.25,100.287
1024,6912,166,6,640000,0.25,100.479
1024,6912,167,5,640000,0.25,99.8239
1024,6912,168,5,640000,0.25,100.038
1024,6912,169,4,640000,0.25,100.56
1024,6912,170,4,640000,0.25,100.027
1024,6912,171,5,640000,0.25,100.575
1024,6912,172,5,640000,0.25,100.303
1024,6912,173,6,640000,0.25,100.529
1024,6912,174,4,640000,0.25,100.319
1024,6912,175,5,640000,0.25,100.445
1024,6912,176,4,640000,0.25,100.496
1024,6912,177,7,640000,0.25,100.72
1024,6912,178,4,640000,0.25,100.123
1024,6912,179,5,640000,0.25,101.409
1024,6912,180,6,640000,0.25,100.219
1024,6912,181,5,640000,0.25,100.204
1024,6912,182,4,640000,0.25,100.009
1024,6912,183,5,640000,0.25,100.67
1024,6912,184,4,640000,0.25,100.101
1024,6912,185,3,640000,0.25,99.9427
1024,6912,186,6,640000,0.25,100.45
1024,6912,187,3,640000,0.25,99.4677
1024,6912,188,5,640000,0.25,100.451
1024,6912,189,4,640000,0.25,99.7604
1024,6912,190,5,640000,0.25,100.379
1024,6912,191,3,640000,0.25,99.9833
1024,6912,192,5,640000,0.25,99.8451
1024,6912,193,6,640000,0.25,100.689
1024,6912,194,5,640000,0.25,100.516
1024,6912,195,4,640000,0.25,100.188
1024,6912,196,3,640000,0.25,100.203
1024,6912,197,6,640000,0.25,99.6256
1024,6912,198,4,640000,0.25,100.643
1024,6912,199,5,640000,0.25,100.218
1024,6912,200,4,640000,0.25,100.2
1024,6912,201,2,640000,0.25,98.898
1024,6912,202,3,640000,0.25,99.1471
1024,6912,203,5,640000,0.25,100.522
1024,6912,204,5,640000,0.25,101.293
1024,6912,205,6,640000,0.25,100.327
1024,6912,206,4,640000,0.25,100.401
1024,6912,207,5,640000,0.25,99.8265
1024,6912,208,4,640000,0.25,100.564
1024,6912,209,7,640000,0.25,100.394
1024,6912,210,4,640000,0.25,100.223
1024,6912,211,5,640000,0.25,99.89
1024,6912,212,7,640000,0.25,100.571
1024,6912,213,5,640000,0.25,99.7927
1024,6912,214,4,640000,0.25,99.5672
1024,6912,215,6,640000,0.25,100.347
1024,6912,216,5,640000,0.25,100.636
1024,6912,217,6,640000,0.25,100.7
1024,6912,218,6,640000,0.25,100.85
1024,6912,219,4,640000,0.25,101.264
1024,6912,220,4,640000,0.25,100.202
1024,6912,221,6,640000,0.25,100.244
1024,6912,222,6,640000,0.25,100.622
1024,6912,223,7,640000,0.25,101.219
1024,6912,224,6,640000,0.25,100.269
1024,6912,225,5,640000,0.25,99.7799
1024,6912,226,4,640000,0.25,100.168
1024,6912,227,6,640000,0.25,100.131
1024,6912,228,6,640000,0.25,100.509
1024,6912,229,5,640000,0.25,99.6368
1024,6912,230,5,640000,0.25,100.5
1024,6912,231,5,640000,0.25,99.9226
1024,6912,232,5,640000,0.25,100.286
1024,6912,233,5,640000,0.25,100.165
1024,6912,234,7,640000,0.25,100.679
1024,6912,235,4,640000,0.25,98.2668
1024,6912,236,3,640000,0.25,98.4438
1024,6912,237,3,640000,0.25,99.2405
1024,6912,238,6,640000,0.25,99.6895
1024,6912,239,6,640000,0.25,99.9216
1024,6912,240,6,640000,0.25,100.834
1024,6912,241,7,640000,0.25,100.722
1024,6912,242,5,640000,0.25,100.81
1024,6912,243,4,640000,0.25,99.8715
1024,6912,244,6,640000,0.25,100.598
1024,6912,245,5,640000,0.25,99.8476
1024,6912,246,5,640000,0.25,100.11
1024,6912,247,4,640000,0.25,100.469
1024,6912,248,5,640000,0.25,100.329
1024,6912,249,4,640000,0.25,98.5229
1024,6912,250,3,640000,0.25,99.6697
1024,6912,251,4,640000,0.25,99.9123
1024,6912,252,4,640000,0.25,100.5
1024,6912,253,5,640000,0.25,99.9022
1024,6912,254,6,640000,0.25,100.301
1024,6912,255,5,640000,0.25,100.193
1024,6912,256,4,640000,0.25,99.9033
1024,6912,257,6,640000,0.25,100.354
1024,6912,258,6,640000,0.25,100.159
1024,6912,259,6,640000,0.25,100.061
1024,6912,260,5,640000,0.25,100.082
1024,6912,261,3,640000,0.25,98.7084
1024,6912,262,5,640000,0.25,99.8268
1024,6912,263,4,640000,0.25,100.455
1024,6912,264,5,640000,0.25,100.021
1024,6912,265,5,640000,0.25,99.5604
1024,6912,266,7,640000,0.25,101.898
1024,6912,267,7,640000,0.25,100.843
1024,6912,268,5,640000,0.25,99.8042
1024,6912,269,4,640000,0.25,99.7706
1024,6912,270,3,640000,0.25,99.5805
1024,6912,271,5,640000,0.25,99.4518
1024,6912,272,4,640000,0.25,99.2595
1024,6912,273,4,640000,0.25,100.068
1024,6912,274,5,640000,0.25,100.506
1024,6912,275,2,640000,0.25,100.609
1024,6912,276,6,640000,0.25,100.85
1024,6912,277,4,640000,0.25,100.601
1024,6912,278,4,640000,0.25,100.703
1024,6912,279,5,640000,0.25,100.382
1024,6912,280,6,640000,0.25,100.08
1024,6912,281,5,640000,0.25,100.166
1024,6912,282,6,640000,0.25,100.16
1024,6912,283,5,640000,0.25,100.398
1024,6912,284,6,640000,0.25,100.584
1024,6912,285,5,640000,0.25,99.9238
1024,6912,286,4,640000,0.25,99.8577
1024,6912,287,6,640000,0.25,100.229
1024,6912,288,6,640000,0.25,100.436
1024,6912,289,5,640000,0.25,99.8092
1024,6912,290,4,640000,0.25,100.087
1024,6912,291,3,640000,0.25,99.7323
1024,6912,292,6,640000,0.25,100.304
1024,6912,293,4,640000,0.25,100.48
1024,6912,294,3,640000,0.25,100.216
1024,6912,295,4,640000,0.25,100.262
1024,6912,296,5,640000,0.25,100.664
1024,6912,297,6,640000,0.25,100.356
1024,6912,298,6,640000,0.25,100.599
1024,6912,299,5,640000,0.25,100.418
1024,6912,300,5,640000,0.25,99.8371
1024,6912,301,5,640000,0.25,100.578
1024,6912,302,5,640000,0.25,100.623
1024,6912,303,5,640000,0.25,100.109
1024,6912,304,6,640000,0.25,100.512
1024,6912,305,5,640000,0.25,100.308
1024,6912,306,4,640000,0.25,99.9963
1024,6912,307,4,640000,0.25,100.092
1024,6912,308,6,640000,0.25,100.601
1024,6912,309,5,640000,0.25,100.351
1024,6912,310,4,640000,0.25,100.936
1024,6912,311,5,640000,0.25,100.407
1024,6912,312,4,640000,0.25,100.449
1024,6912,313,6,640000,0.25,100.345
1024,6912,314,5,640000,0.25,100.577
1024,6912,315,6,640000,0.25,99.6584
1024,6912,316,5,640000,0.25,99.8724
1024,6912,317,5,640000,0.25,100.305
1024,6912,318,6,640000,0.25,100.12
1024,6912,319,4,640000,0.25,99.8546
1024,6912,320,4,640000,0.25,98.7811
1024,6912,321,5,640000,0.25,99.4554
1024,6912,322,5,640000,0.25,100.488
1024,6912,323,4,640000,0.25,99.6178
1024,6912,324,7,640000,0.25,100.443
1024,6912,325,5,640000,0.25,100.296
1024,6912,326,6,640000,0.25,100.477
1024,6912,327,5,640000,0.25,99.8789
1024,6912,328,5,640000,0.25,100.29
1024,6912,329,6,640000,0.25,100.523
1024,6912,330,6,640000,0.25,100.551
1024,6912,331,6,640000,0.25,101.084
1024,6912,332,6,640000,0.25,99.9446
1024,6912,333,4,640000,0.25,100.1
1024,6912,334,5,640000,0.25,100.108
1024,6912,335,6,640000,0.25,100.394
1024,6912,336,5,640000,0.25,100.664
1024,6912,337,5,640000,0.25,100.147
1024,6912,338,6,640000,0.25,100.089
1024,6912,339,5,640000,0.25,100.743
1024,6912,340,5,640000,0.25,100.446
1024,6912,341,3,640000,0.25,100.459
1024,6912,342,3,640000,0.25,99.3846
1024,6912,343,4,640000,0.25,99.8674
1024,6912,344,4,640000,0.25,100.393
1024,6912,345,5,640000,0.25,99.9357
1024,6912,346,6,640000,0.25,100.012
1024,6912,347,7,640000,0.25,99.817
1024,6912,348,7,640000,0.25,100.359
1024,6912,349,4,640000,0.25,100.915
1024,6912,350,5,640000,0.25,100.331
1024,6912,351,7,640000,0.25,100.615
1024,6912,352,6,640000,0.25,100.476
1024,6912,353,7,640000,0.25,100.355
1024,6912,354,4,640000,0.25,100.548
1024,6912,355,3,640000,0.25,99.1939
1024,6912,356,6,640000,0.25,100.238
1024,6912,357,6,640000,0.25,100.551
1024,6912,358,7,640000,0.25,100.595
1024,6912,359,5,640000,0.25,100.103
1024,6912,360,7,640000,0.25,101.319
1024,6912,361,3,640000,0.25,99.3481
1024,6912,362,7,640000,0.25,100.344
1024,6912,363,4,640000,0.25,99.9871
1024,6912,364,5,640000,0.25,100.15
1024,6912,365,6,640000,0.25,100.733
1024,6912,366,5,640000,0.25,100.484
1024,6912,367,6,640000,0.25,99.9934
1024,6912,368,4,640000,0.25,100.22
1024,6912,369,4,640000,0.25,99.1652
1024,6912,370,8,640000,0.25,100.493
1024,6912,371,4,640000,0.25,100.401
1024,6912,372,6,640000,0.25,100.442
1024,6912,373,5,640000,0.25,100.447
1024,6912,374,2,640000,0.25,99.1062
1024,6912,375,6,640000,0.25,100.343
1024,6912,376,3,640000,0.25,99.213
1024,6912,377,5,640000,0.25,100.34
1024,6912,378,4,640000,0.25,100.054
1024,6912,379,6,640000,0.25,99.9584
1024,6912,380,4,640000,0.25,99.5989
1024,6912,381,5,640000,0.25,100.233
1024,6912,382,5,640000,0.25,100.189
1024,6912,383,6,640000,0.25,100.509
1024,6912,384,5,640000,0.25,99.9913
1024,6912,385,5,640000,0.25,99.6306
1024,6912,386,5,640000,0.25,100.031
1024,6912,387,5,640000,0.25,100.102
1024,6912,388,3,640000,0.25,99.917
1024,6912,389,6,640000,0.25,100.517
1024,6912,390,5,640000,0.25,100.522
1024,6912,391,6,640000,0.25,100.499
1024,6912,392,5,640000,0.25,100.457
1024,6912,393,6,640000,0.25,100.655
1024,6912,394,5,640000,0.25,100.039
1024,6912,395,5,640000,0.25,100.227
1024,6912,396,6,640000,0.25,100.455
1024,6912,397,5,640000,0.25,100.499
1024,6912,398,6,640000,0.25,100.622
1024,6912,399,7,640000,0.25,100.704
1024,6912,400,7,640000,0.25,100.449
2048,10138,1,0,1280000,0.25,0.007566
2048,10138,2,0,1280000,0.25,0.014461
2048,10138,3,0,1280000,0.25,0.015304
2048,10138,4,0,1280000,0.25,0.016962
2048,10138,5,0,1280000,0.25,0.014663
2048,10138,6,0,1280000,0.25,0.016232
2048,10138,7,0,1280000,0.25,0.014471
2048,10138,8,0,1280000,0.25,0.015051
2048,10138,9,0,1280000,0.25,0.0159
2048,10138,10,0,1280000,0.25,0.015323
2048,10138,11,0,1280000,0.25,0.015444
2048,10138,12,0,1280000,0.25,0.013679
2048,10138,13,0,1280000,0.25,0.014282
2048,10138,14,0,1280000,0.25,0.017898
2048,10138,15,0,1280000,0.25,0.016912
2048,10138,16,0,1280000,0.25,0.015964
2048,10138,17,0,1280000,0.25,0.014608
2048,10138,18,0,1280000,0.25,0.015957
2048,10138,19,0,1280000,0.25,0.015618
2048,10138,20,0,1280000,0.25,0.016066
2048,10138,21,0,1280000,0.25,0.015815
2048,10138,22,0,1280000,0.25,0.017719
2048,10138,23,0,1280000,0.25,0.015599
2048,10138,24,0,1280000,0.25,0.015723
2048,10138,25,0,1280000,0.25,0.013831
2048,10138,26,0,1280000,0.25,0.014005
2048,10138,27,0,1280000,0.25,0.01539
2048,10138,28,0,1280000,0.25,0.014164
2048,10138,29,0,1280000,0.25,0.017034
2048,10138,30,0,1280000,0.25,0.014634
2048,10138,31,0,1280000,0.25,0.013724
2048,10138,32,0,1280000,0.25,0.01624
2048,10138,33,0,1280000,0.25,0.015641
2048,10138,34,0,1280000,0.25,0.015151
2048,10138,35,0,1280000,0.25,0.018508
2048,10138,36,0,1280000,0.25,0.015471
2048,10138,37,0,1280000,0.25,0.015474
2048,10138,38,0,1280000,0.25,0.014035
2048,10138,39,0,1280000,0.25,0.015714
2048,10138,40,0,1280000,0.25,0.015884
2048,10138,41,0,1280000,0.25,0.016058
2048,10138,42,0,1280000,0.25,0.015563
2048,10138,43,0,1280000,0.25,0.016059
2048,10138,44,0,1280000,0.25,0.014896
2048,10138,45,0,1280000,0.25,0.013822
2048,10138,46,0,1280000,0.25,0.015629
2048,10138,47,0,1280000,0.25,0.014445
2048,10138,48,0,1280000,0.25,0.014201
2048,10138,49,0,1280000,0.25,0.013116
2048,10138,50,0,1280000,0.25,0.016673
2048,10138,51,0,1280000,0.25,0.013652
2048,10138,52,0,1280000,0.25,0.015987
2048,10138,53,0,1280000,0.25,0.016184
2048,10138,54,0,1280000,0.25,0.016003
2048,10138,55,0,1280000,0.25,0.014777
2048,10138,56,0,1280000,0.25,0.01404
2048,10138,57,0,1280000,0.25,0.015006
2048,10138,58,0,1280000,0.25,0.013325
2048,10138,59,0,1280000,0.25,0.015587
2048,10138,60,0,1280000,0.25,0.017609
2048,10138,61,0,1280000,0.25,0.016013
2048,10138,62,0,1280000,0.25,0.015266
2048,10138,63,0,1280000,0.25,0.017034
2048,10138,64,0,1280000,0.25,0.015038
2048,10138,65,0,1280000,0.25,0.015248
2048,10138,66,0,1280000,0.25,0.015347
2048,10138,67,0,1280000,0.25,0.015517
2048,10138,68,0,1280000,0.25,0.017376
2048,10138,69,0,1280000,0.25,0.015179
2048,10138,70,0,1280000,0.25,0.017271
2048,10138,71,0,1280000,0.25,0.015288
2048,10138,72,0,1280000,0.25,0.013818
2048,10138,73,0,1280000,0.25,0.013497
2048,10138,74,0,1280000,0.25,0.014374
2048,10138,75,0,1280000,0.25,0.016181
2048,10138,76,0,1280000,0.25,0.015782
2048,10138,77,0,1280000,0.25,0.016502
2048,10138,78,0,1280000,0.25,0.01533
2048,10138,79,0,1280000,0.25,0.015279
2048,10138,80,0,1280000,0.25,0.014779
2048,10138,81,0,1280000,0.25,0.015307
2048,10138,82,0,1280000,0.25,0.016032
2048,10138,83,0,1280000,0.25,0.01554
2048,10138,84,0,1280000,0.25,0.016546
2048,10138,85,0,1280000,0.25,0.017044
2048,10138,86,0,1280000,0.25,0.014528
2048,10138,87,0,1280000,0.25,0.013175
2048,10138,88,0,1280000,0.25,0.016046
2048,10138,89,0,1280000,0.25,0.015145
2048,10138,90,0,1280000,0.25,0.015968
2048,10138,91,0,1280000,0.25,0.015171
2048,10138,92,0,1280000,0.25,0.017218
2048,10138,93,0,1280000,0.25,0.015858
2048,10138,94,0,1280000,0.25,0.01523
2048,10138,95,0,1280000,0.25,0.015687
2048,10138,96,0,1280000,0.25,0.014016
2048,10138,97,0,1280000,0.25,0.017249
2048,10138,98,0,1280000,0.25,0.01761
2048,10138,99,0,1280000,0.25,0.018852
2048,10138,100,0,1280000,0.25,0.011203
2048,10138,101,0,1280000,0.25,0.015135
2048,10138,102,0,1280000,0.25,0.014976
2048,10138,103,0,1280000,0.25,0.018086
2048,10138,104,0,1280000,0.25,0.01751
2048,10138,105,0,1280000,0.25,0.014468
2048,10138,106,0,1280000,0.25,0.016293
2048,10138,107,0,1280000,0.25,0.016958
2048,10138,108,0,1280000,0.25,0.015917
2048,10138,109,0,1280000,0.25,0.016723
2048,10138,110,0,1280000,0.25,0.015423
2048,10138,111,0,1280000,0.25,0.014984
2048,10138,112,0,1280000,0.25,0.017406
2048,10138,113,0,1280000,0.25,0.015558
2048,10138,114,0,1280000,0.25,0.017418
2048,10138,115,0,1280000,0.25,0.01366
2048,10138,116,0,1280000,0.25,0.014623
2048,10138,117,0,1280000,0.25,0.01371
2048,10138,118,0,1280000,0.25,0.013957
2048,10138,119,0,1280000,0.25,0.016293
2048,10138,120,0,1280000,0.25,0.015364
2048,10138,121,0,1280000,0.25,0.015171
2048,10138,122,0,1280000,0.25,0.017503
2048,10138,123,0,1280000,0.25,0.013774
2048,10138,124,0,1280000,0.25,0.015389
2048,10138,125,0,1280000,0.25,0.015599
2048,10138,126,0,1280000,0.25,0.01712
2048,10138,127,0,1280000,0.25,0.015448
2048,10138,128,0,1280000,0.25,0.017311
2048,10138,129,0,1280000,0.25,0.016726
2048,10138,130,0,1280000,0.25,0.014759
2048,10138,131,0,1280000,0.25,0.012643
2048,10138,132,0,1280000,0.25,0.015055
2048,10138,133,0,1280000,0.25,0.015234
2048,10138,134,0,1280000,0.25,0.012175
2048,10138,135,0,1280000,0.25,0.006779
2048,10138,136,0,1280000,0.25,0.007291
2048,10138,137,0,1280000,0.25,0.01628
2048,10138,138,0,1280000,0.25,0.016434
2048,10138,139,0,1280000,0.25,0.0159
2048,10138,140,0,1280000,0.25,0.017392
2048,10138,141,0,1280000,0.25,0.016046
2048,10138,142,0,1280000,0.25,0.017022
2048,10138,143,0,1280000,0.25,0.016583
2048,10138,144,0,1280000,0.25,0.015112
2048,10138,145,0,1280000,0.25,0.015501
2048,10138,146,0,1280000,0.25,0.015876
2048,10138,147,0,1280000,0.25,0.016613
2048,10138,148,0,1280000,0.25,0.015683
2048,10138,149,0,1280000,0.25,0.015699
2048,10138,150,0,1280000,0.25,0.017047
2048,10138,151,0,1280000,0.25,0.018028
2048,10138,152,0,1280000,0.25,0.015397
2048,10138,153,0,1280000,0.25,0.018656
2048,10138,154,0,1280000,0.25,0.017326
2048,10138,155,0,1280000,0.25,0.01633
2048,10138,156,0,1280000,0.25,0.020843
2048,10138,157,0,1280000,0.25,0.017146
2048,10138,158,0,1280000,0.25,0.016758
2048,10138,159,0,1280000,0.25,0.018211
2048,10138,160,0,1280000,0.25,0.014633
2048,10138,161,0,1280000,0.25,0.015346
2048,10138,162,0,1280000,0.25,0.015331
2048,10138,163,0,1280000,0.25,0.016928
2048,10138,164,0,1280000,0.25,0.01418
2048,10138,165,0,1280000,0.25,0.015963
2048,10138,166,0,1280000,0.25,0.015532
2048,10138,167,0,1280000,0.25,0.016491
2048,10138,168,0,1280000,0.25,0.014883
2048,10138,169,0,1280000,0.25,0.015886
2048,10138,170,0,1280000,0.25,0.014048
2048,10138,171,0,1280000,0.25,0.0155
2048,10138,172,0,1280000,0.25,0.016827
2048,10138,173,0,1280000,0.25,0.016616
2048,10138,174,0,1280000,0.25,0.017342
2048,10138,175,0,1280000,0.25,0.018075
2048,10138,176,0,1280000,0.25,0.015277
2048,10138,177,0,1280000,0.25,0.016409
2048,10138,178,0,1280000,0.25,0.016619
2048,10138,179,0,1280000,0.25,0.016745
2048,10138,180,0,1280000,0.25,0.01521
2048,10138,181,0,1280000,0.25,0.015197
2048,10138,182,0,1280000,0.25,0.016044
2048,10138,183,0,1280000,0.25,0.016103
2048,10138,184,0,1280000,0.25,0.015483
2048,10138,185,0,1280000,0.25,0.015385
2048,10138,186,0,1280000,0.25,0.015997
2048,10138,187,0,1280000,0.25,0.014107
2048,10138,188,0,1280000,0.25,0.015116
2048,10138,189,0,1280000,0.25,0.015949
2048,10138,190,0,1280000,0.25,0.015923
2048,10138,191,0,1280000,0.25,0.018092
2048,10138,192,0,1280000,0.25,0.012703
2048,10138,193,0,1280000,0.25,0.01479
2048,10138,194,0,1280000,0.25,0.016488
2048,10138,195,0,1280000,0.25,0.015054
2048,10138,196,0,1280000,0.25,0.014789
2048,10138,197,0,1280000,0.25,0.013684
2048,10138,198,0,1280000,0.25,0.013761
2048,10138,199,0,1280000,0.25,0.014192
2048,10138,200,0,1280000,0.25,0.015805
2048,10138,201,0,1280000,0.25,0.011239
2048,10138,202,0,1280000,0.25,0.017351
2048,10138,203,0,1280000,0.25,0.016304
2048,10138,204,0,1280000,0.25,0.01408
2048,10138,205,0,1280000,0.25,0.015898
2048,10138,206,0,1280000,0.25,0.016078
2048,10138,207,0,1280000,0.25,0.015838
2048,10138,208,0,1280000,0.25,0.016963
2048,10138,209,0,1280000,0.25,0.015378
2048,10138,210,0,1280000,0.25,0.014836
2048,10138,211,0,1280000,0.25,0.016785
2048,10138,212,0,1280000,0.25,0.015902
2048,10138,213,0,1280000,0.25,0.014406
2048,10138,214,0,1280000,0.25,0.014256
2048,10138,215,0,1280000,0.25,0.016639
2048,10138,216,0,1280000,0.25,0.015036
2048,10138,217,0,1280000,0.25,0.015322
2048,10138,218,0,1280000,0.25,0.013879
2048,10138,219,0,1280000,0.25,0.013589
2048,10138,220,0,1280000,0.25,0.015567
2048,10138,221,0,1280000,0.25,0.01666
2048,10138,222,0,1280000,0.25,0.014251
2048,10138,223,0,1280000,0.25,0.015576
2048,10138,224,0,1280000,0.25,0.014555
2048,10138,225,0,1280000,0.25,0.015457
2048,10138,226,0,1280000,0.25,0.014233
2048,10138,227,0,1280000,0.25,0.015811
2048,10138,228,0,1280000,0.25,0.01515
2048,10138,229,0,1280000,0.25,0.015704
2048,10138,230,0,1280000,0.25,0.014482
2048,10138,231,0,1280000,0.25,0.018196
2048,10138,232,0,1280000,0.25,0.015243
2048,10138,233,0,1280000,0.25,0.015327
2048,10138,234,0,1280000,0.25,0.015462
2048,10138,235,0,1280000,0.25,0.013253
2048,10138,236,0,1280000,0.25,0.014745
2048,10138,237,0,1280000,0.25,0.01655
2048,10138,238,0,1280000,0.25,0.015416
2048,10138,239,0,1280000,0.25,0.01542
2048,10138,240,0,1280000,0.25,0.018309
2048,10138,241,0,1280000,0.25,0.013947
2048,10138,242,0,1280000,0.25,0.016742
2048,10138,243,0,1280000,0.25,0.013337
2048,10138,244,0,1280000,0.25,0.015304
2048,10138,245,0,1280000,0.25,0.017459
2048,10138,246,0,1280000,0.25,0.016579
2048,10138,247,0,1280000,0.25,0.013665
2048,10138,248,0,1280000,0.25,0.014828
2048,10138,249,0,1280000,0.25,0.014234
2048,10138,250,0,1280000,0.25,0.01521
2048,10138,251,0,1280000,0.25,0.005875
2048,10138,252,0,1280000,0.25,0.016349
2048,10138,253,0,1280000,0.25,0.013416
2048,10138,254,0,1280000,0.25,0.013873
2048,10138,255,0,1280000,0.25,0.015123
2048,10138,256,0,1280000,0.25,0.016432
2048,10138,257,0,1280000,0.25,0.017617
2048,10138,258,0,1280000,0.25,0.016163
2048,10138,259,0,1280000,0.25,0.016012
2048,10138,260,0,1280000,0.25,0.014799
2048,10138,261,0,1280000,0.25,0.014456
2048,10138,262,0,1280000,0.25,0.015046
2048,10138,263,0,1280000,0.25,0.014865
2048,10138,264,0,1280000,0.25,0.015884
2048,10138,265,0,1280000,0.25,0.015044
2048,10138,266,0,1280000,0.25,0.014792
2048,10138,267,0,1280000,0.25,0.014055
2048,10138,268,0,1280000,0.25,0.015502
2048,10138,269,0,1280000,0.25,0.015062
2048,10138,270,0,1280000,0.25,0.014685
2048,10138,271,0,1280000,0.25,0.014743
2048,10138,272,0,1280000,0.25,0.017358
2048,10138,273,0,1280000,0.25,0.013126
2048,10138,274,0,1280000,0.25,0.015628
2048,10138,275,0,1280000,0.25,0.014841
2048,10138,276,0,1280000,0.25,0.014471
2048,10138,277,0,1280000,0.25,0.015504
2048,10138,278,0,1280000,0.25,0.01684
2048,10138,279,0,1280000,0.25,0.014608
2048,10138,280,0,1280000,0.25,0.013574
2048,10138,281,0,1280000,0.25,0.014848
2048,10138,282,0,1280000,0.25,0.013212
2048,10138,283,0,1280000,0.25,0.017102
2048,10138,284,0,1280000,0.25,0.016321
2048,10138,285,0,1280000,0.25,0.015939
2048,10138,286,0,1280000,0.25,0.016478
2048,10138,287,0,1280000,0.25,0.014829
2048,10138,288,0,1280000,0.25,0.015134
2048,10138,289,0,1280000,0.25,0.016112
2048,10138,290,0,1280000,0.25,0.016326
2048,10138,291,0,1280000,0.25,0.016369
2048,10138,292,0,1280000,0.25,0.014401
2048,10138,293,0,1280000,0.25,0.012042
2048,10138,294,0,1280000,0.25,0.010857
2048,10138,295,0,1280000,0.25,0.016939
2048,10138,296,0,1280000,0.25,0.015349
2048,10138,297,0,1280000,0.25,0.015552
2048,10138,298,0,1280000,0.25,0.01494
2048,10138,299,0,1280000,0.25,0.014057
2048,10138,300,0,1280000,0.25,0.015814
2048,10138,301,0,1280000,0.25,0.011738
2048,10138,302,0,1280000,0.25,0.012715
2048,10138,303,0,1280000,0.25,0.016447
2048,10138,304,0,1280000,0.25,0.018687
2048,10138,305,0,1280000,0.25,0.014786
2048,10138,306,0,1280000,0.25,0.016534
2048,10138,307,0,1280000,0.25,0.015614
2048,10138,308,0,1280000,0.25,0.014585
2048,10138,309,0,1280000,0.25,0.018031
2048,10138,310,0,1280000,0.25,0.015448
2048,10138,311,0,1280000,0.25,0.014634
2048,10138,312,0,1280000,0.25,0.01561
2048,10138,313,0,1280000,0.25,0.016661
2048,10138,314,0,1280000,0.25,0.015008
2048,10138,315,0,1280000,0.25,0.015947
2048,10138,316,0,1280000,0.25,0.01555
2048,10138,317,0,1280000,0.25,0.017074
2048,10138,318,0,1280000,0.25,0.014616
2048,10138,319,0,1280000,0.25,0.013869
2048,10138,320,0,1280000,0.25,0.016038
2048,10138,321,0,1280000,0.25,0.017186
2048,10138,322,0,1280000,0.25,0.015874
2048,10138,323,0,1280000,0.25,0.017444
2048,10138,324,0,1280000,0.25,0.015953
2048,10138,325,0,1280000,0.25,0.014819
2048,10138,326,0,1280000,0.25,0.015211
2048,10138,327,0,1280000,0.25,0.015348
2048,10138,328,0,1280000,0.25,0.01619
2048,10138,329,0,1280000,0.25,0.015755
2048,10138,330,0,1280000,0.25,0.016369
2048,10138,331,0,1280000,0.25,0.014882
2048,10138,332,0,1280000,0.25,0.014818
2048,10138,333,0,1280000,0.25,0.015268
2048,10138,334,0,1280000,0.25,0.017199
2048,10138,335,0,1280000,0.25,0.015485
2048,10138,336,0,1280000,0.25,0.014099
2048,10138,337,0,1280000,0.25,0.015905
2048,10138,338,0,1280000,0.25,0.013585
2048,10138,339,0,1280000,0.25,0.016056
2048,10138,340,0,1280000,0.25,0.013084
2048,10138,341,0,1280000,0.25,0.013807
2048,10138,342,0,1280000,0.25,0.016094
2048,10138,343,0,1280000,0.25,0.013928
2048,10138,344,0,1280000,0.25,0.013939
2048,10138,345,0,1280000,0.25,0.017905
2048,10138,346,0,1280000,0.25,0.016471
2048,10138,347,0,1280000,0.25,0.015624
2048,10138,348,0,1280000,0.25,0.015677
2048,10138,349,0,1280000,0.25,0.0163
2048,10138,350,0,1280000,0.25,0.016122
2048,10138,351,0,1280000,0.25,0.006932
2048,10138,352,0,1280000,0.25,0.015602
2048,10138,353,0,1280000,0.25,0.014965
2048,10138,354,0,1280000,0.25,0.016291
2048,10138,355,0,1280000,0.25,0.016036
2048,10138,356,0,1280000,0.25,0.007456
2048,10138,357,0,1280000,0.25,0.015839
2048,10138,358,0,1280000,0.25,0.014518
2048,10138,359,0,1280000,0.25,0.016553
2048,10138,360,0,1280000,0.25,0.01633
2048,10138,361,0,1280000,0.25,0.017368
2048,10138,362,0,1280000,0.25,0.015874
2048,10138,363,0,1280000,0.25,0.014681
2048,10138,364,0,1280000,0.25,0.014706
2048,10138,365,0,1280000,0.25,0.015177
2048,10138,366,0,1280000,0.25,0.014944
2048,10138,367,0,1280000,0.25,0.014696
2048,10138,368,0,1280000,0.25,0.015149
2048,10138,369,0,1280000,0.25,0.015419
2048,10138,370,0,1280000,0.25,0.015808
2048,10138,371,0,1280000,0.25,0.013655
2048,10138,372,0,1280000,0.25,0.013776
2048,10138,373,0,1280000,0.25,0.014396
2048,10138,374,0,1280000,0.25,0.016424
2048,10138,375,0,1280000,0.25,0.014921
2048,10138,376,0,1280000,0.25,0.01499
2048,10138,377,0,1280000,0.25,0.014691
2048,10138,378,0,1280000,0.25,0.016774
2048,10138,379,0,1280000,0.25,0.015515
2048,10138,380,0,1280000,0.25,0.015793
2048,10138,381,0,1280000,0.25,0.017653
2048,10138,382,0,1280000,0.25,0.014477
2048,10138,383,0,1280000,0.25,0.01587
2048,10138,384,0,1280000,0.25,0.015241
2048,10138,385,0,1280000,0.25,0.016002
2048,10138,386,0,1280000,0.25,0.013241
2048,10138,387,0,1280000,0.25,0.015002
2048,10138,388,0,1280000,0.25,0.01431
2048,10138,389,0,1280000,0.25,0.017198
2048,10138,390,0,1280000,0.25,0.015378
2048,10138,391,0,1280000,0.25,0.013875
2048,10138,392,0,1280000,0.25,0.015665
2048,10138,393,0,1280000,0.25,0.01489
2048,10138,394,0,1280000,0.25,0.016482
2048,10138,395,0,1280000,0.25,0.015981
2048,10138,396,0,1280000,0.25,0.01517
2048,10138,397,0,1280000,0.25,0.016434
2048,10138,398,0,1280000,0.25,0.01543
2048,10138,399,0,1280000,0.25,0.016172
2048,10138,400,0,1280000,0.25,0.016375
2048,10547,1,0,1280000,0.25,0.011723
2048,10547,2,0,1280000,0.25,0.019313
2048,10547,3,0,1280000,0.25,0.019085
2048,10547,4,0,1280000,0.25,0.019775
2048,10547,5,0,1280000,0.25,0.016785
2048,10547,6,0,1280000,0.25,0.017294
2048,10547,7,0,1280000,0.25,0.017673
2048,10547,8,0,1280000,0.25,0.017852
2048,10547,9,0,1280000,0.25,0.019979
2048,10547,10,0,1280000,0.25,0.02097
2048,10547,11,0,1280000,0.25,0.01723
2048,10547,12,0,1280000,0.25,0.017582
2048,10547,13,0,1280000,0.25,0.02101
2048,10547,14,0,1280000,0.25,0.017563
2048,10547,15,0,1280000,0.25,0.018062
2048,10547,16,0,1280000,0.25,0.017015
2048,10547,17,0,1280000,0.25,0.017435
2048,10547,18,0,1280000,0.25,0.016366
2048,10547,19,0,1280000,0.25,0.01939
2048,10547,20,0,1280000,0.25,0.016526
2048,10547,21,0,1280000,0.25,0.017323
2048,10547,22,0,1280000,0.25,0.017671
2048,10547,23,0,1280000,0.25,0.019529
2048,10547,24,0,1280000,0.25,0.015673
2048,10547,25,0,1280000,0.25,0.018028
2048,10547,26,0,1280000,0.25,0.019928
2048,10547,27,0,1280000,0.25,0.017852
2048,10547,28,0,1280000,0.25,0.017522
2048,10547,29,0,1280000,0.25,0.017798
2048,10547,30,0,1280000,0.25,0.020784
2048,10547,31,0,1280000,0.25,0.019258
2048,10547,32,0,1280000,0.25,0.017746
2048,10547,33,0,1280000,0.25,0.018623
2048,10547,34,0,1280000,0.25,0.017169
2048,10547,35,0,1280000,0.25,0.015899
2048,10547,36,0,1280000,0.25,0.018109
2048,10547,37,0,1280000,0.25,0.016988
2048,10547,38,0,1280000,0.25,0.020556
2048,10547,39,0,1280000,0.25,0.016121
2048,10547,40,0,1280000,0.25,0.020354
2048,10547,41,0,1280000,0.25,0.016467
2048,10547,42,0,1280000,0.25,0.016395
2048,10547,43,0,1280000,0.25,0.021698
2048,10547,44,0,1280000,0.25,0.021205
2048,10547,45,0,1280000,0.25,0.01985
2048,10547,46,0,1280000,0.25,0.017239
2048,10547,47,0,1280000,0.25,0.019734
2048,10547,48,0,1280000,0.25,0.01683
2048,10547,49,0,1280000,0.25,0.016747
2048,10547,50,0,1280000,0.25,0.019347
2048,10547,51,0,1280000,0.25,0.019799
2048,10547,52,0,1280000,0.25,0.022864
2048,10547,53,0,1280000,0.25,0.01926
2048,10547,54,0,1280000,0.25,0.019324
2048,10547,55,0,1280000,0.25,0.01799
2048,10547,56,0,1280000,0.25,0.019706
2048,10547,57,0,1280000,0.25,0.018651
2048,10547,58,0,1280000,0.25,0.01611
2048,10547,59,0,1280000,0.25,0.020166
2048,10547,60,0,1280000,0.25,0.017296
2048,10547,61,0,1280000,0.25,0.02119
2048,10547,62,0,1280000,0.25,0.018902
2048,10547,63,0,1280000,0.25,0.016648
2048,10547,64,0,1280000,0.25,0.018076
2048,10547,65,0,1280000,0.25,0.018091
2048,10547,66,0,1280000,0.25,0.017965
2048,10547,67,0,1280000,0.25,0.018516
2048,10547,68,0,1280000,0.25,0.021886
2048,10547,69,0,1280000,0.25,0.01912
2048,10547,70,0,1280000,0.25,0.017736
2048,10547,71,0,1280000,0.25,0.018043
2048,10547,72,0,1280000,0.25,0.01884
2048,10547,73,0,1280000,0.25,0.015458
2048,10547,74,0,1280000,0.25,0.020253
2048,10547,75,0,1280000,0.25,0.016734
2048,10547,76,0,1280000,0.25,0.019745
2048,10547,77,0,1280000,0.25,0.018453
2048,10547,78,0,1280000,0.25,0.018122
2048,10547,79,0,1280000,0.25,0.0198
2048,10547,80,0,1280000,0.25,0.01958
2048,10547,81,0,1280000,0.25,0.017048
2048,10547,82,0,1280000,0.25,0.01967
2048,10547,83,0,1280000,0.25,0.018442
2048,10547,84,0,1280000,0.25,0.022086
2048,10547,85,0,1280000,0.25,0.015105
2048,10547,86,0,1280000,0.25,0.01977
2048,10547,87,0,1280000,0.25,0.017657
2048,10547,88,0,1280000,0.25,0.015842
2048,10547,89,0,1280000,0.25,0.021128
2048,10547,90,0,1280000,0.25,0.018563
2048,10547,91,0,1280000,0.25,0.015992
2048,10547,92,0,1280000,0.25,0.018076
2048,10547,93,0,1280000,0.25,0.018379
2048,10547,94,0,1280000,0.25,0.021028
2048,10547,95,0,1280000,0.25,0.016684
2048,10547,96,0,1280000,0.25,0.012716
2048,10547,97,0,1280000,0.25,0.01567
2048,10547,98,0,1280000,0.25,0.020148
2048,10547,99,0,1280000,0.25,0.017687
2048,10547,100,0,1280000,0.25,0.012266
2048,10547,101,0,1280000,0.25,0.014492
2048,10547,102,0,1280000,0.25,0.018395
2048,10547,103,0,1280000,0.25,0.019591
2048,10547,104,0,1280000,0.25,0.020352
2048,10547,105,0,1280000,0.25,0.017661
2048,10547,106,0,1280000,0.25,0.017369
2048,10547,107,0,1280000,0.25,0.01814
2048,10547,108,0,1280000,0.25,0.018299
2048,10547,109,0,1280000,0.25,0.018525
2048,10547,110,0,1280000,0.25,0.019484
2048,10547,111,0,1280000,0.25,0.019403
2048,10547,112,0,1280000,0.25,0.018463
2048,10547,113,0,1280000,0.25,0.01884
2048,10547,114,0,1280000,0.25,0.018897
2048,10547,115,0,1280000,0.25,0.017153
2048,10547,116,0,1280000,0.25,0.017748
2048,10547,117,0,1280000,0.25,0.016981
2048,10547,118,0,1280000,0.25,0.017286
2048,10547,119,0,1280000,0.25,0.01678
2048,10547,120,0,1280000,0.25,0.018528
2048,10547,121,0,1280000,0.25,0.019898
2048,10547,122,0,1280000,0.25,0.018462
2048,10547,123,0,1280000,0.25,0.018766
2048,10547,124,0,1280000,0.25,0.017471
2048,10547,125,0,1280000,0.25,0.019566
2048,10547,126,0,1280000,0.25,0.017175
2048,10547,127,0,1280000,0.25,0.018766
2048,10547,128,0,1280000,0.25,0.018669
2048,10547,129,0,1280000,0.25,0.021189
2048,10547,130,0,1280000,0.25,0.01785
2048,10547,131,0,1280000,0.25,0.019226
2048,10547,132,0,1280000,0.25,0.018764
2048,10547,133,0,1280000,0.25,0.016324
2048,10547,134,0,1280000,0.25,0.013988
2048,10547,135,0,1280000,0.25,0.011468
2048,10547,136,0,1280000,0.25,0.017996
2048,10547,137,0,1280000,0.25,0.01683
2048,10547,138,0,1280000,0.25,0.019599
2048,10547,139,0,1280000,0.25,0.018786
2048,10547,140,0,1280000,0.25,0.01851
2048,10547,141,0,1280000,0.25,0.021641
2048,10547,142,0,1280000,0.25,0.020104
2048,10547,143,0,1280000,0.25,0.017263
2048,10547,144,0,1280000,0.25,0.018497
2048,10547,145,0,1280000,0.25,0.017905
2048,10547,146,0,1280000,0.25,0.01682
2048,10547,147,0,1280000,0.25,0.016483
2048,10547,148,0,1280000,0.25,0.019511
2048,10547,149,0,1280000,0.25,0.021711
2048,10547,150,0,1280000,0.25,0.017609
2048,10547,151,0,1280000,0.25,0.019419
2048,10547,152,0,1280000,0.25,0.019463
2048,10547,153,0,1280000,0.25,0.024482
2048,10547,154,0,1280000,0.25,0.019889
2048,10547,155,0,1280000,0.25,0.018682
2048,10547,156,0,1280000,0.25,0.019969
2048,10547,157,0,1280000,0.25,0.01992
2048,10547,158,0,1280000,0.25,0.020644
2048,10547,159,0,1280000,0.25,0.018545
2048,10547,160,0,1280000,0.25,0.016555
2048,10547,161,0,1280000,0.25,0.017201
2048,10547,162,0,1280000,0.25,0.015737
2048,10547,163,0,1280000,0.25,0.018399
2048,10547,164,0,1280000,0.25,0.020957
2048,10547,165,0,1280000,0.25,0.016349
2048,10547,166,0,1280000,0.25,0.01703
2048,10547,167,0,1280000,0.25,0.017504
2048,10547,168,0,1280000,0.25,0.019965
2048,10547,169,0,1280000,0.25,0.021826
2048,10547,170,0,1280000,0.25,0.024455
2048,10547,171,0,1280000,0.25,0.018138
2048,10547,172,0,1280000,0.25,0.016459
2048,10547,173,0,1280000,0.25,0.01778
2048,10547,174,0,1280000,0.25,0.016864
2048,10547,175,0,1280000,0.25,0.018279
2048,10547,176,0,1280000,0.25,0.01875
2048,10547,177,0,1280000,0.25,0.01816
2048,10547,178,0,1280000,0.25,0.017632
2048,10547,179,0,1280000,0.25,0.020177
2048,10547,180,0,1280000,0.25,0.020883
2048,10547,181,0,1280000,0.25,0.015919
2048,10547,182,0,1280000,0.25,0.020187
2048,10547,183,0,1280000,0.25,0.021131
2048,10547,184,0,1280000,0.25,0.016908
2048,10547,185,0,1280000,0.25,0.017659
2048,10547,186,0,1280000,0.25,0.018194
2048,10547,187,0,1280000,0.25,0.018025
2048,10547,188,0,1280000,0.25,0.019518
2048,10547,189,0,1280000,0.25,0.017278
2048,10547,190,0,1280000,0.25,0.016307
2048,10547,191,0,1280000,0.25,0.019326
2048,10547,192,0,1280000,0.25,0.018177
2048,10547,193,0,1280000,0.25,0.019407
2048,10547,194,0,1280000,0.25,0.017689
2048,10547,195,0,1280000,0.25,0.021945
2048,10547,196,0,1280000,0.25,0.018009
2048,10547,197,0,1280000,0.25,0.009106
2048,10547,198,0,1280000,0.25,0.019397
2048,10547,199,0,1280000,0.25,0.017668
2048,10547,200,0,1280000,0.25,0.018149
2048,10547,201,0,1280000,0.25,0.018779
2048,10547,202,0,1280000,0.25,0.020292
2048,10547,203,0,1280000,0.25,0.021779
2048,10547,204,0,1280000,0.25,0.01935
2048,10547,205,0,1280000,0.25,0.017541
2048,10547,206,0,1280000,0.25,0.017983
2048,10547,207,0,1280000,0.25,0.022639
2048,10547,208,0,1280000,0.25,0.016652
2048,10547,209,0,1280000,0.25,0.017631
2048,10547,210,0,1280000,0.25,0.017512
2048,10547,211,0,1280000,0.25,0.019828
2048,10547,212,0,1280000,0.25,0.017166
2048,10547,213,0,1280000,0.25,0.018391
2048,10547,214,0,1280000,0.25,0.019063
2048,10547,215,0,1280000,0.25,0.019113
2048,10547,216,0,1280000,0.25,0.022305
2048,10547,217,0,1280000,0.25,0.01606
2048,10547,218,0,1280000,0.25,0.019172
2048,10547,219,0,1280000,0.25,0.016698
2048,10547,220,0,1280000,0.25,0.020121
2048,10547,221,0,1280000,0.25,0.017552
2048,10547,222,0,1280000,0.25,0.019682
2048,10547,223,0,1280000,0.25,0.017544
2048,10547,224,0,1280000,0.25,0.016608
2048,10547,225,0,1280000,0.25,0.016714
2048,10547,226,0,1280000,0.25,0.016776
2048,10547,227,0,1280000,0.25,0.020187
2048,10547,228,0,1280000,0.25,0.019433
2048,10547,229,0,1280000,0.25,0.016307
2048,10547,230,0,1280000,0.25,0.017044
2048,10547,231,0,1280000,0.25,0.020486
2048,10547,232,0,1280000,0.25,0.017511
2048,10547,233,0,1280000,0.25,0.018882
2048,10547,234,0,1280000,0.25,0.017215
2048,10547,235,0,1280000,0.25,0.020774
2048,10547,236,0,1280000,0.25,0.019031
2048,10547,237,0,1280000,0.25,0.019816
2048,10547,238,0,1280000,0.25,0.019877
2048,10547,239,0,1280000,0.25,0.016947
2048,10547,240,0,1280000,0.25,0.017154
2048,10547,241,0,1280000,0.25,0.01954
2048,10547,242,0,1280000,0.25,0.016276
2048,10547,243,0,1280000,0.25,0.01794
2048,10547,244,0,1280000,0.25,0.016839
2048,10547,245,0,1280000,0.25,0.020207
2048,10547,246,0,1280000,0.25,0.016627
2048,10547,247,0,1280000,0.25,0.020526
2048,10547,248,0,1280000,0.25,0.020417
2048,10547,249,0,1280000,0.25,0.017648
2048,10547,250,0,1280000,0.25,0.021294
2048,10547,251,0,1280000,0.25,0.015508
2048,10547,252,0,1280000,0.25,0.017431
2048,10547,253,0,1280000,0.25,0.017594
2048,10547,254,0,1280000,0.25,0.017974
2048,10547,255,0,1280000,0.25,0.016916
2048,10547,256,0,1280000,0.25,0.018913
2048,10547,257,0,1280000,0.25,0.017725
2048,10547,258,0,1280000,0.25,0.020771
2048,10547,259,0,1280000,0.25,0.022772
2048,10547,260,0,1280000,0.25,0.016917
2048,10547,261,0,1280000,0.25,0.019451
2048,10547,262,0,1280000,0.25,0.016737
2048,10547,263,0,1280000,0.25,0.018832
2048,10547,264,0,1280000,0.25,0.016881
2048,10547,265,0,1280000,0.25,0.017817
2048,10547,266,0,1280000,0.25,0.017658
2048,10547,267,0,1280000,0.25,0.016331
2048,10547,268,0,1280000,0.25,0.018409
2048,10547,269,0,1280000,0.25,0.020261
2048,10547,270,0,1280000,0.25,0.018475
2048,10547,271,0,1280000,0.25,0.020703
2048,10547,272,0,1280000,0.25,0.017322
2048,10547,273,0,1280000,0.25,0.019866
2048,10547,274,0,1280000,0.25,0.017364
2048,10547,275,0,1280000,0.25,0.020155
2048,10547,276,0,1280000,0.25,0.020859
2048,10547,277,0,1280000,0.25,0.018268
2048,10547,278,0,1280000,0.25,0.017995
2048,10547,279,0,1280000,0.25,0.018836
2048,10547,280,0,1280000,0.25,0.018644
2048,10547,281,0,1280000,0.25,0.021116
2048,10547,282,0,1280000,0.25,0.019816
2048,10547,283,0,1280000,0.25,0.021879
2048,10547,284,0,1280000,0.25,0.019554
2048,10547,285,0,1280000,0.25,0.017345
2048,10547,286,0,1280000,0.25,0.016249
2048,10547,287,0,1280000,0.25,0.017837
2048,10547,288,0,1280000,0.25,0.018463
2048,10547,289,0,1280000,0.25,0.018323
2048,10547,290,0,1280000,0.25,0.018004
2048,10547,291,0,1280000,0.25,0.018226
2048,10547,292,0,1280000,0.25,0.019541
2048,10547,293,0,1280000,0.25,0.016139
2048,10547,294,0,1280000,0.25,0.020886
2048,10547,295,0,1280000,0.25,0.020747
2048,10547,296,0,1280000,0.25,0.012241
2048,10547,297,0,1280000,0.25,0.022841
2048,10547,298,0,1280000,0.25,0.016999
2048,10547,299,0,1280000,0.25,0.021441
2048,10547,300,0,1280000,0.25,0.021135
2048,10547,301,0,1280000,0.25,0.012744
2048,10547,302,0,1280000,0.25,0.017065
2048,10547,303,0,1280000,0.25,0.019694
2048,10547,304,0,1280000,0.25,0.017604
2048,10547,305,0,1280000,0.25,0.01581
2048,10547,306,0,1280000,0.25,0.019659
2048,10547,307,0,1280000,0.25,0.020041
2048,10547,308,0,1280000,0.25,0.017364
2048,10547,309,0,1280000,0.25,0.018627
2048,10547,310,0,1280000,0.25,0.01866
2048,10547,311,0,1280000,0.25,0.017571
2048,10547,312,0,1280000,0.25,0.020161
2048,10547,313,0,1280000,0.25,0.018281
2048,10547,314,0,1280000,0.25,0.016886
2048,10547,315,0,1280000,0.25,0.01683
2048,10547,316,0,1280000,0.25,0.017868
2048,10547,317,0,1280000,0.25,0.019342
2048,10547,318,0,1280000,0.25,0.021847
2048,10547,319,0,1280000,0.25,0.017608
2048,10547,320,0,1280000,0.25,0.017803
2048,10547,321,0,1280000,0.25,0.017859
2048,10547,322,0,1280000,0.25,0.017709
2048,10547,323,0,1280000,0.25,0.017706
2048,10547,324,0,1280000,0.25,0.018351
2048,10547,325,0,1280000,0.25,0.018957
2048,10547,326,0,1280000,0.25,0.016629
2048,10547,327,0,1280000,0.25,0.021382
2048,10547,328,0,1280000,0.25,0.017953
2048,10547,329,0,1280000,0.25,0.018203
2048,10547,330,0,1280000,0.25,0.02121
2048,10547,331,0,1280000,0.25,0.017783
2048,10547,332,0,1280000,0.25,0.019236
2048,10547,333,0,1280000,0.25,0.017118
2048,10547,334,0,1280000,0.25,0.018792
2048,10547,335,0,1280000,0.25,0.018676
2048,10547,336,0,1280000,0.25,0.015952
2048,10547,337,0,1280000,0.25,0.017976
2048,10547,338,0,1280000,0.25,0.015951
2048,10547,339,0,1280000,0.25,0.019704
2048,10547,340,0,1280000,0.25,0.016571
2048,10547,341,0,1280000,0.25,0.019265
2048,10547,342,0,1280000,0.25,0.018247
2048,10547,343,0,1280000,0.25,0.019711
2048,10547,344,0,1280000,0.25,0.021459
2048,10547,345,0,1280000,0.25,0.020981
2048,10547,346,0,1280000,0.25,0.021544
2048,10547,347,0,1280000,0.25,0.017489
2048,10547,348,0,1280000,0.25,0.016526
2048,10547,349,0,1280000,0.25,0.020139
2048,10547,350,0,1280000,0.25,0.020303
2048,10547,351,0,1280000,0.25,0.009606
2048,10547,352,0,1280000,0.25,0.018274
2048,10547,353,0,1280000,0.25,0.017856
2048,10547,354,0,1280000,0.25,0.020362
2048,10547,355,0,1280000,0.25,0.0182
2048,10547,356,0,1280000,0.25,0.017741
2048,10547,357,0,1280000,0.25,0.018324
2048,10547,358,0,1280000,0.25,0.018997
2048,10547,359,0,1280000,0.25,0.018646
2048,10547,360,0,1280000,0.25,0.017111
2048,10547,361,0,1280000,0.25,0.017988
2048,10547,362,0,1280000,0.25,0.019683
2048,10547,363,0,1280000,0.25,0.019962
2048,10547,364,0,1280000,0.25,0.016105
2048,10547,365,0,1280000,0.25,0.01871
2048,10547,366,0,1280000,0.25,0.018924
2048,10547,367,0,1280000,0.25,0.018189
2048,10547,368,0,1280000,0.25,0.017739
2048,10547,369,0,1280000,0.25,0.018434
2048,10547,370,0,1280000,0.25,0.01696
2048,10547,371,0,1280000,0.25,0.019676
2048,10547,372,0,1280000,0.25,0.016093
2048,10547,373,0,1280000,0.25,0.019115
2048,10547,374,0,1280000,0.25,0.020669
2048,10547,375,0,1280000,0.25,0.016108
2048,10547,376,0,1280000,0.25,0.020555
2048,10547,377,0,1280000,0.25,0.019044
2048,10547,378,0,1280000,0.25,0.019438
2048,10547,379,0,1280000,0.25,0.018073
2048,10547,380,0,1280000,0.25,0.019102
2048,10547,381,0,1280000,0.25,0.019137
2048,10547,382,0,1280000,0.25,0.021545
2048,10547,383,0,1280000,0.25,0.017802
2048,10547,384,0,1280000,0.25,0.019355
2048,10547,385,0,1280000,0.25,0.018765
2048,10547,386,0,1280000,0.25,0.0171
2048,10547,387,0,1280000,0.25,0.019392
2048,10547,388,0,1280000,0.25,0.018099
2048,10547,389,0,1280000,0.25,0.019559
2048,10547,390,0,1280000,0.25,0.018733
2048,10547,391,0,1280000,0.25,0.018348
2048,10547,392,0,1280000,0.25,0.018763
2048,10547,393,0,1280000,0.25,0.017684
2048,10547,394,0,1280000,0.25,0.015658
2048,10547,395,0,1280000,0.25,0.016794
2048,10547,396,0,1280000,0.25,0.020016
2048,10547,397,0,1280000,0.25,0.01856
2048,10547,398,0,1280000,0.25,0.017093
2048,10547,399,0,1280000,0.25,0.018467
2048,10547,400,0,1280000,0.25,0.021646
2048,10957,1,0,1280000,0.25,0.018449
2048,10957,2,0,1280000,0.25,0.022394
2048,10957,3,0,1280000,0.25,0.017734
2048,10957,4,0,1280000,0.25,0.025896
2048,10957,5,0,1280000,0.25,0.028026
2048,10957,6,0,1280000,0.25,0.024203
2048,10957,7,0,1280000,0.25,0.021566
2048,10957,8,0,1280000,0.25,0.020523
2048,10957,9,0,1280000,0.25,0.019581
2048,10957,10,0,1280000,0.25,0.028786
2048,10957,11,0,1280000,0.25,0.021239
2048,10957,12,0,1280000,0.25,0.020973
2048,10957,13,0,1280000,0.25,0.021776
2048,10957,14,0,1280000,0.25,0.022426
2048,10957,15,0,1280000,0.25,0.023061
2048,10957,16,0,1280000,0.25,0.021543
2048,10957,17,0,1280000,0.25,0.028046
2048,10957,18,0,1280000,0.25,0.01972
2048,10957,19,0,1280000,0.25,0.022911
2048,10957,20,0,1280000,0.25,0.018095
2048,10957,21,0,1280000,0.25,0.019645
2048,10957,22,0,1280000,0.25,0.023525
2048,10957,23,0,1280000,0.25,0.029315
2048,10957,24,0,1280000,0.25,0.022114
2048,10957,25,0,1280000,0.25,0.03043
2048,10957,26,0,1280000,0.25,0.023082
2048,10957,27,0,1280000,0.25,0.027561
2048,10957,28,0,1280000,0.25,0.024731
2048,10957,29,0,1280000,0.25,0.020808
2048,10957,30,0,1280000,0.25,0.026878
2048,10957,31,0,1280000,0.25,0.030804
2048,10957,32,0,1280000,0.25,0.029415
2048,10957,33,0,1280000,0.25,0.023244
2048,10957,34,0,1280000,0.25,0.023495
2048,10957,35,0,1280000,0.25,0.023268
2048,10957,36,0,1280000,0.25,0.025447
2048,10957,37,0,1280000,0.25,0.024827
2048,10957,38,0,1280000,0.25,0.021298
2048,10957,39,0,1280000,0.25,0.021099
2048,10957,40,0,1280000,0.25,0.023768
2048,10957,41,0,1280000,0.25,0.021642
2048,10957,42,0,1280000,0.25,0.02503
2048,10957,43,0,1280000,0.25,0.021493
2048,10957,44,0,1280000,0.25,0.027782
2048,10957,45,0,1280000,0.25,0.026711
2048,10957,46,0,1280000,0.25,0.024587
2048,10957,47,0,1280000,0.25,0.026075
2048,10957,48,0,1280000,0.25,0.017356
2048,10957,49,0,1280000,0.25,0.026943
2048,10957,50,0,1280000,0.25,0.025543
2048,10957,51,0,1280000,0.25,0.017073
2048,10957,52,0,1280000,0.25,0.024155
2048,10957,53,0,1280000,0.25,0.026223
2048,10957,54,0,1280000,0.25,0.019949
2048,10957,55,0,1280000,0.25,0.026228
2048,10957,56,0,1280000,0.25,0.0215
2048,10957,57,0,1280000,0.25,0.017851
2048,10957,58,0,1280000,0.25,0.024475
2048,10957,59,0,1280000,0.25,0.020322
2048,10957,60,0,1280000,0.25,0.0246
2048,10957,61,0,1280000,0.25,0.020962
2048,10957,62,0,1280000,0.25,0.022671
2048,10957,63,0,1280000,0.25,0.023181
2048,10957,64,0,1280000,0.25,0.020414
2048,10957,65,0,1280000,0.25,0.022325
2048,10957,66,0,1280000,0.25,0.025603
2048,10957,67,0,1280000,0.25,0.021963
2048,10957,68,0,1280000,0.25,0.022179
2048,10957,69,0,1280000,0.25,0.030105
2048,10957,70,0,1280000,0.25,0.022947
2048,10957,71,0,1280000,0.25,0.029142
2048,10957,72,0,1280000,0.25,0.023543
2048,10957,73,0,1280000,0.25,0.027454
2048,10957,74,0,1280000,0.25,0.02379
2048,10957,75,0,1280000,0.25,0.021677
2048,10957,76,0,1280000,0.25,0.023511
2048,10957,77,0,1280000,0.25,0.027926
2048,10957,78,0,1280000,0.25,0.019324
2048,10957,79,0,1280000,0.25,0.021164
2048,10957,80,0,1280000,0.25,0.023633
2048,10957,81,0,1280000,0.25,0.020894
2048,10957,82,0,1280000,0.25,0.023683
2048,10957,83,0,1280000,0.25,0.026053
2048,10957,84,0,1280000,0.25,0.020692
2048,10957,85,0,1280000,0.25,0.022489
2048,10957,86,0,1280000,0.25,0.025722
2048,10957,87,0,1280000,0.25,0.024077
2048,10957,88,0,1280000,0.25,0.024401
2048,10957,89,0,1280000,0.25,0.028863
2048,10957,90,0,1280000,0.25,0.021549
2048,10957,91,0,1280000,0.25,0.028598
2048,10957,92,0,1280000,0.25,0.020784
2048,10957,93,0,1280000,0.25,0.023843
2048,10957,94,0,1280000,0.25,0.027554
2048,10957,95,0,1280000,0.25,0.022951
2048,10957,96,0,1280000,0.25,0.02828
2048,10957,97,0,1280000,0.25,0.021601
2048,10957,98,0,1280000,0.25,0.025629
2048,10957,99,0,1280000,0.25,0.026766
2048,10957,100,0,1280000,0.25,0.014095
2048,10957,101,0,1280000,0.25,0.012428
2048,10957,102,0,1280000,0.25,0.027109
2048,10957,103,0,1280000,0.25,0.026072
2048,10957,104,0,1280000,0.25,0.023984
2048,10957,105,0,1280000,0.25,0.021957
2048,10957,106,0,1280000,0.25,0.02057
2048,10957,107,0,1280000,0.25,0.027408
2048,10957,108,0,1280000,0.25,0.025657
2048,10957,109,0,1280000,0.25,0.022117
2048,10957,110,0,1280000,0.25,0.023764
2048,10957,111,0,1280000,0.25,0.024717
2048,10957,112,0,1280000,0.25,0.020114
2048,10957,113,0,1280000,0.25,0.021725
2048,10957,114,0,1280000,0.25,0.025582
2048,10957,115,0,1280000,0.25,0.029283
2048,10957,116,0,1280000,0.25,0.021414
2048,10957,117,0,1280000,0.25,0.023218
2048,10957,118,0,1280000,0.25,0.024822
2048,10957,119,0,1280000,0.25,0.02234
2048,10957,120,0,1280000,0.25,0.019634
2048,10957,121,0,1280000,0.25,0.024776
2048,10957,122,0,1280000,0.25,0.023066
2048,10957,123,0,1280000,0.25,0.024512
2048,10957,124,0,1280000,0.25,0.025485
2048,10957,125,0,1280000,0.25,0.024594
2048,10957,126,0,1280000,0.25,0.021489
2048,10957,127,0,1280000,0.25,0.020746
2048,10957,128,0,1280000,0.25,0.022728
2048,10957,129,0,1280000,0.25,0.023166
2048,10957,130,0,1280000,0.25,0.024094
2048,10957,131,0,1280000,0.25,0.028458
2048,10957,132,0,1280000,0.25,0.021918
2048,10957,133,0,1280000,0.25,0.022388
2048,10957,134,0,1280000,0.25,0.024607
2048,10957,135,0,1280000,0.25,0.022542
2048,10957,136,0,1280000,0.25,0.022007
2048,10957,137,0,1280000,0.25,0.021842
2048,10957,138,0,1280000,0.25,0.025574
2048,10957,139,0,1280000,0.25,0.026755
2048,10957,140,0,1280000,0.25,0.012176
2048,10957,141,0,1280000,0.25,0.028439
2048,10957,142,0,1280000,0.25,0.02518
2048,10957,143,0,1280000,0.25,0.022039
2048,10957,144,0,1280000,0.25,0.024708
2048,10957,145,0,1280000,0.25,0.019536
2048,10957,146,0,1280000,0.25,0.019837
2048,10957,147,0,1280000,0.25,0.023358
2048,10957,148,0,1280000,0.25,0.025155
2048,10957,149,0,1280000,0.25,0.027712
2048,10957,150,0,1280000,0.25,0.020124
2048,10957,151,0,1280000,0.25,0.019215
2048,10957,152,0,1280000,0.25,0.022018
2048,10957,153,0,1280000,0.25,0.017814
2048,10957,154,0,1280000,0.25,0.022404
2048,10957,155,0,1280000,0.25,0.022992
2048,10957,156,0,1280000,0.25,0.022374
2048,10957,157,0,1280000,0.25,0.026567
2048,10957,158,0,1280000,0.25,0.021886
2048,10957,159,0,1280000,0.25,0.023221
2048,10957,160,0,1280000,0.25,0.023045
2048,10957,161,0,1280000,0.25,0.023632
2048,10957,162,0,1280000,0.25,0.022162
2048,10957,163,0,1280000,0.25,0.021516
2048,10957,164,0,1280000,0.25,0.022258
2048,10957,165,0,1280000,0.25,0.02113
2048,10957,166,0,1280000,0.25,0.022384
2048,10957,167,0,1280000,0.25,0.027297
2048,10957,168,0,1280000,0.25,0.024904
2048,10957,169,0,1280000,0.25,0.020956
2048,10957,170,0,1280000,0.25,0.02473
2048,10957,171,0,1280000,0.25,0.023462
2048,10957,172,0,1280000,0.25,0.020952
2048,10957,173,0,1280000,0.25,0.025687
2048,10957,174,0,1280000,0.25,0.019979
2048,10957,175,0,1280000,0.25,0.025587
2048,10957,176,0,1280000,0.25,0.020501
2048,10957,177,0,1280000,0.25,0.02276
2048,10957,178,0,1280000,0.25,0.018605
2048,10957,179,0,1280000,0.25,0.023546
2048,10957,180,0,1280000,0.25,0.024578
2048,10957,181,0,1280000,0.25,0.019234
2048,10957,182,0,1280000,0.25,0.025642
2048,10957,183,0,1280000,0.25,0.02184
2048,10957,184,0,1280000,0.25,0.02499
2048,10957,185,0,1280000,0.25,0.020276
2048,10957,186,0,1280000,0.25,0.022553
2048,10957,187,0,1280000,0.25,0.024914
2048,10957,188,0,1280000,0.25,0.020608
2048,10957,189,0,1280000,0.25,0.022356
2048,10957,190,0,1280000,0.25,0.022522
2048,10957,191,0,1280000,0.25,0.019351
2048,10957,192,0,1280000,0.25,0.025739
2048,10957,193,0,1280000,0.25,0.030032
2048,10957,194,0,1280000,0.25,0.025062
2048,10957,195,0,1280000,0.25,0.020511
2048,10957,196,0,1280000,0.25,0.020476
2048,10957,197,0,1280000,0.25,0.024702
2048,10957,198,0,1280000,0.25,0.022827
2048,10957,199,0,1280000,0.25,0.023067
2048,10957,200,0,1280000,0.25,0.021743
2048,10957,201,0,1280000,0.25,0.014372
2048,10957,202,0,1280000,0.25,0.025849
2048,10957,203,0,1280000,0.25,0.028902
2048,10957,204,0,1280000,0.25,0.01843
2048,10957,205,0,1280000,0.25,0.023063
2048,10957,206,0,1280000,0.25,0.024379
2048,10957,207,0,1280000,0.25,0.023856
2048,10957,208,0,1280000,0.25,0.022787
2048,10957,209,0,1280000,0.25,0.021098
2048,10957,210,0,1280000,0.25,0.023164
2048,10957,211,0,1280000,0.25,0.023002
2048,10957,212,0,1280000,0.25,0.02248
2048,10957,213,0,1280000,0.25,0.022746
2048,10957,214,0,1280000,0.25,0.027229
2048,10957,215,0,1280000,0.25,0.026687
2048,10957,216,0,1280000,0.25,0.032494
2048,10957,217,0,1280000,0.25,0.028514
2048,10957,218,0,1280000,0.25,0.023665
2048,10957,219,0,1280000,0.25,0.024111
2048,10957,220,0,1280000,0.25,0.022067
2048,10957,221,0,1280000,0.25,0.025782
2048,10957,222,0,1280000,0.25,0.027484
2048,10957,223,0,1280000,0.25,0.022253
2048,10957,224,0,1280000,0.25,0.021688
2048,10957,225,0,1280000,0.25,0.025954
2048,10957,226,0,1280000,0.25,0.023913
2048,10957,227,0,1280000,0.25,0.022413
2048,10957,228,0,1280000,0.25,0.026793
2048,10957,229,0,1280000,0.25,0.026741
2048,10957,230,0,1280000,0.25,0.022087
2048,10957,231,0,1280000,0.25,0.02304
2048,10957,232,0,1280000,0.25,0.021088
2048,10957,233,0,1280000,0.25,0.023741
2048,10957,234,0,1280000,0.25,0.024475
2048,10957,235,0,1280000,0.25,0.024242
2048,10957,236,0,1280000,0.25,0.019811
2048,10957,237,0,1280000,0.25,0.021888
2048,10957,238,0,1280000,0.25,0.022856
2048,10957,239,0,1280000,0.25,0.024369
2048,10957,240,0,1280000,0.25,0.028024
2048,10957,241,0,1280000,0.25,0.025213
2048,10957,242,0,1280000,0.25,0.024816
2048,10957,243,0,1280000,0.25,0.026691
2048,10957,244,0,1280000,0.25,0.021028
2048,10957,245,0,1280000,0.25,0.026184
2048,10957,246,0,1280000,0.25,0.021071
2048,10957,247,0,1280000,0.25,0.02442
2048,10957,248,0,1280000,0.25,0.02527
2048,10957,249,0,1280000,0.25,0.021328
2048,10957,250,0,1280000,0.25,0.023348
2048,10957,251,0,1280000,0.25,0.015518
2048,10957,252,0,1280000,0.25,0.023201
2048,10957,253,0,1280000,0.25,0.0261
2048,10957,254,0,1280000,0.25,0.022183
2048,10957,255,0,1280000,0.25,0.022672
2048,10957,256,0,1280000,0.25,0.021388
2048,10957,257,0,1280000,0.25,0.021729
2048,10957,258,0,1280000,0.25,0.024781
2048,10957,259,0,1280000,0.25,0.023302
2048,10957,260,0,1280000,0.25,0.02152
2048,10957,261,0,1280000,0.25,0.022328
2048,10957,262,0,1280000,0.25,0.025389
2048,10957,263,0,1280000,0.25,0.024185
2048,10957,264,0,1280000,0.25,0.027894
2048,10957,265,0,1280000,0.25,0.022383
2048,10957,266,0,1280000,0.25,0.024486
2048,10957,267,0,1280000,0.25,0.023549
2048,10957,268,0,1280000,0.25,0.022687
2048,10957,269,0,1280000,0.25,0.027277
2048,10957,270,0,1280000,0.25,0.021002
2048,10957,271,0,1280000,0.25,0.0229
2048,10957,272,0,1280000,0.25,0.020681
2048,10957,273,0,1280000,0.25,0.026275
2048,10957,274,0,1280000,0.25,0.021993
2048,10957,275,0,1280000,0.25,0.021884
2048,10957,276,0,1280000,0.25,0.022392
2048,10957,277,0,1280000,0.25,0.024807
2048,10957,278,0,1280000,0.25,0.026895
2048,10957,279,0,1280000,0.25,0.026649
2048,10957,280,0,1280000,0.25,0.024692
2048,10957,281,0,1280000,0.25,0.021431
2048,10957,282,0,1280000,0.25,0.022719
2048,10957,283,0,1280000,0.25,0.024431
2048,10957,284,0,1280000,0.25,0.021667
2048,10957,285,0,1280000,0.25,0.020177
2048,10957,286,0,1280000,0.25,0.028857
2048,10957,287,0,1280000,0.25,0.023982
2048,10957,288,0,1280000,0.25,0.021538
2048,10957,289,0,1280000,0.25,0.020616
2048,10957,290,0,1280000,0.25,0.022784
2048,10957,291,0,1280000,0.25,0.020566
2048,10957,292,0,1280000,0.25,0.025161
2048,10957,293,0,1280000,0.25,0.022872
2048,10957,294,0,1280000,0.25,0.022623
2048,10957,295,0,1280000,0.25,0.024668
2048,10957,296,0,1280000,0.25,0.026764
2048,10957,297,0,1280000,0.25,0.021677
2048,10957,298,0,1280000,0.25,0.025451
2048,10957,299,0,1280000,0.25,0.027231
2048,10957,300,0,1280000,0.25,0.019942
2048,10957,301,0,1280000,0.25,0.022887
2048,10957,302,0,1280000,0.25,0.020384
2048,10957,303,0,1280000,0.25,0.021809
2048,10957,304,0,1280000,0.25,0.031738
2048,10957,305,0,1280000,0.25,0.02457
2048,10957,306,0,1280000,0.25,0.02435
2048,10957,307,0,1280000,0.25,0.026981
2048,10957,308,0,1280000,0.25,0.028243
2048,10957,309,0,1280000,0.25,0.021846
2048,10957,310,0,1280000,0.25,0.021914
2048,10957,311,0,1280000,0.25,0.0226
2048,10957,312,0,1280000,0.25,0.030896
2048,10957,313,0,1280000,0.25,0.023403
2048,10957,314,0,1280000,0.25,0.023594
2048,10957,315,0,1280000,0.25,0.02155
2048,10957,316,0,1280000,0.25,0.023821
2048,10957,317,0,1280000,0.25,0.028592
2048,10957,318,0,1280000,0.25,0.024017
2048,10957,319,0,1280000,0.25,0.027381
2048,10957,320,0,1280000,0.25,0.022452
2048,10957,321,0,1280000,0.25,0.020123
2048,10957,322,0,1280000,0.25,0.020571
2048,10957,323,0,1280000,0.25,0.027316
2048,10957,324,0,1280000,0.25,0.025002
2048,10957,325,0,1280000,0.25,0.023271
2048,10957,326,0,1280000,0.25,0.029485
2048,10957,327,0,1280000,0.25,0.023903
2048,10957,328,0,1280000,0.25,0.023974
2048,10957,329,0,1280000,0.25,0.023271
2048,10957,330,0,1280000,0.25,0.024054
2048,10957,331,0,1280000,0.25,0.022517
2048,10957,332,0,1280000,0.25,0.021743
2048,10957,333,0,1280000,0.25,0.021411
2048,10957,334,0,1280000,0.25,0.027179
2048,10957,335,0,1280000,0.25,0.023922
2048,10957,336,0,1280000,0.25,0.021677
2048,10957,337,0,1280000,0.25,0.020071
2048,10957,338,0,1280000,0.25,0.024404
2048,10957,339,0,1280000,0.25,0.027296
2048,10957,340,0,1280000,0.25,0.016606
2048,10957,341,0,1280000,0.25,0.024926
2048,10957,342,0,1280000,0.25,0.022897
2048,10957,343,0,1280000,0.25,0.023223
2048,10957,344,0,1280000,0.25,0.024438
2048,10957,345,0,1280000,0.25,0.024286
2048,10957,346,0,1280000,0.25,0.020938
2048,10957,347,0,1280000,0.25,0.024673
2048,10957,348,0,1280000,0.25,0.021784
2048,10957,349,0,1280000,0.25,0.026004
2048,10957,350,0,1280000,0.25,0.026877
2048,10957,351,0,1280000,0.25,0.015607
2048,10957,352,0,1280000,0.25,0.025113
2048,10957,353,0,1280000,0.25,0.02175
2048,10957,354,0,1280000,0.25,0.027783
2048,10957,355,0,1280000,0.25,0.022029
2048,10957,356,0,1280000,0.25,0.020591
2048,10957,357,0,1280000,0.25,0.02591
2048,10957,358,0,1280000,0.25,0.022436
2048,10957,359,0,1280000,0.25,0.023167
2048,10957,360,0,1280000,0.25,0.023815
2048,10957,361,0,1280000,0.25,0.026924
2048,10957,362,0,1280000,0.25,0.028775
2048,10957,363,0,1280000,0.25,0.023295
2048,10957,364,0,1280000,0.25,0.031247
2048,10957,365,0,1280000,0.25,0.030118
2048,10957,366,0,1280000,0.25,0.024058
2048,10957,367,0,1280000,0.25,0.0187
2048,10957,368,0,1280000,0.25,0.02861
2048,10957,369,0,1280000,0.25,0.020593
2048,10957,370,0,1280000,0.25,0.021833
2048,10957,371,0,1280000,0.25,0.0271
2048,10957,372,0,1280000,0.25,0.027896
2048,10957,373,0,1280000,0.25,0.021941
2048,10957,374,0,1280000,0.25,0.025834
2048,10957,375,0,1280000,0.25,0.028885
2048,10957,376,0,1280000,0.25,0.024964
2048,10957,377,0,1280000,0.25,0.022542
2048,10957,378,0,1280000,0.25,0.024786
2048,10957,379,0,1280000,0.25,0.022381
2048,10957,380,0,1280000,0.25,0.02634
2048,10957,381,0,1280000,0.25,0.024646
2048,10957,382,0,1280000,0.25,0.024007
2048,10957,383,0,1280000,0.25,0.017404
2048,10957,384,0,1280000,0.25,0.023114
2048,10957,385,0,1280000,0.25,0.023447
2048,10957,386,0,1280000,0.25,0.023873
2048,10957,387,0,1280000,0.25,0.024949
2048,10957,388,0,1280000,0.25,0.024225
2048,10957,389,0,1280000,0.25,0.020112
2048,10957,390,0,1280000,0.25,0.019294
2048,10957,391,0,1280000,0.25,0.025385
2048,10957,392,0,1280000,0.25,0.021771
2048,10957,393,0,1280000,0.25,0.024285
2048,10957,394,0,1280000,0.25,0.027997
2048,10957,395,0,1280000,0.25,0.018865
2048,10957,396,0,1280000,0.25,0.020764
2048,10957,397,0,1280000,0.25,0.023084
2048,10957,398,0,1280000,0.25,0.020902
2048,10957,399,0,1280000,0.25,0.019429
2048,10957,400,0,1280000,0.25,0.020833
2048,11366,1,0,1280000,0.25,0.031335
2048,11366,2,0,1280000,0.25,0.034086
2048,11366,3,0,1280000,0.25,0.030169
2048,11366,4,0,1280000,0.25,0.032532
2048,11366,5,0,1280000,0.25,0.026603
2048,11366,6,0,1280000,0.25,0.024712
2048,11366,7,0,1280000,0.25,0.036458
2048,11366,8,0,1280000,0.25,0.030694
2048,11366,9,0,1280000,0.25,0.025674
2048,11366,10,0,1280000,0.25,0.030903
2048,11366,11,0,1280000,0.25,0.034708
2048,11366,12,0,1280000,0.25,0.027851
2048,11366,13,0,1280000,0.25,0.034545
2048,11366,14,0,1280000,0.25,0.032382
2048,11366,15,0,1280000,0.25,0.036941
2048,11366,16,0,1280000,0.25,0.029991
2048,11366,17,0,1280000,0.25,0.027685
2048,11366,18,0,1280000,0.25,0.030566
2048,11366,19,0,1280000,0.25,0.045104
2048,11366,20,0,1280000,0.25,0.034972
2048,11366,21,0,1280000,0.25,0.033978
2048,11366,22,0,1280000,0.25,0.032377
2048,11366,23,0,1280000,0.25,0.031352
2048,11366,24,0,1280000,0.25,0.035187
2048,11366,25,0,1280000,0.25,0.030291
2048,11366,26,0,1280000,0.25,0.034466
2048,11366,27,0,1280000,0.25,0.036722
2048,11366,28,0,1280000,0.25,0.036444
2048,11366,29,0,1280000,0.25,0.032244
2048,11366,30,0,1280000,0.25,0.033084
2048,11366,31,0,1280000,0.25,0.027147
2048,11366,32,0,1280000,0.25,0.030717
2048,11366,33,0,1280000,0.25,0.027451
2048,11366,34,0,1280000,0.25,0.035057
2048,11366,35,0,1280000,0.25,0.031775
2048,11366,36,0,1280000,0.25,0.044697
2048,11366,37,0,1280000,0.25,0.037875
2048,11366,38,0,1280000,0.25,0.031759
2048,11366,39,0,1280000,0.25,0.025385
2048,11366,40,0,1280000,0.25,0.035287
2048,11366,41,0,1280000,0.25,0.036106
2048,11366,42,0,1280000,0.25,0.030048
2048,11366,43,0,1280000,0.25,0.023441
2048,11366,44,0,1280000,0.25,0.048983
2048,11366,45,0,1280000,0.25,0.040472
2048,11366,46,0,1280000,0.25,0.032497
2048,11366,47,0,1280000,0.25,0.030116
2048,11366,48,0,1280000,0.25,0.0395
2048,11366,49,0,1280000,0.25,0.040066
2048,11366,50,0,1280000,0.25,0.030663
2048,11366,51,0,1280000,0.25,0.036634
2048,11366,52,0,1280000,0.25,0.035759
2048,11366,53,0,1280000,0.25,0.027498
2048,11366,54,0,1280000,0.25,0.032425
2048,11366,55,0,1280000,0.25,0.036683
2048,11366,56,0,1280000,0.25,0.03001
2048,11366,57,0,1280000,0.25,0.03439
2048,11366,58,0,1280000,0.25,0.032577
2048,11366,59,0,1280000,0.25,0.031315
2048,11366,60,0,1280000,0.25,0.030464
2048,11366,61,0,1280000,0.25,0.029333
2048,11366,62,0,1280000,0.25,0.03153
2048,11366,63,0,1280000,0.25,0.035722
2048,11366,64,0,1280000,0.25,0.034675
2048,11366,65,0,1280000,0.25,0.030182
2048,11366,66,0,1280000,0.25,0.039678
2048,11366,67,0,1280000,0.25,0.041395
2048,11366,68,0,1280000,0.25,0.035579
2048,11366,69,0,1280000,0.25,0.035582
2048,11366,70,0,1280000,0.25,0.027637
2048,11366,71,0,1280000,0.25,0.02811
2048,11366,72,0,1280000,0.25,0.034681
2048,11366,73,0,1280000,0.25,0.030093
2048,11366,74,0,1280000,0.25,0.027421
2048,11366,75,0,1280000,0.25,0.053
2048,11366,76,0,1280000,0.25,0.035444
2048,11366,77,0,1280000,0.25,0.031927
2048,11366,78,0,1280000,0.25,0.034869
2048,11366,79,0,1280000,0.25,0.04093
2048,11366,80,0,1280000,0.25,0.042026
2048,11366,81,0,1280000,0.25,0.037945
2048,11366,82,0,1280000,0.25,0.035172
2048,11366,83,0,1280000,0.25,0.02808
2048,11366,84,0,1280000,0.25,0.032085
2048,11366,85,0,1280000,0.25,0.03639
2048,11366,86,0,1280000,0.25,0.032195
2048,11366,87,0,1280000,0.25,0.038591
2048,11366,88,0,1280000,0.25,0.035393
2048,11366,89,0,1280000,0.25,0.037603
2048,11366,90,0,1280000,0.25,0.041066
2048,11366,91,0,1280000,0.25,0.051004
2048,11366,92,0,1280000,0.25,0.027435
2048,11366,93,0,1280000,0.25,0.032593
2048,11366,94,0,1280000,0.25,0.029815
2048,11366,95,0,1280000,0.25,0.031709
2048,11366,96,0,1280000,0.25,0.034854
2048,11366,97,0,1280000,0.25,0.030248
2048,11366,98,0,1280000,0.25,0.028989
2048,11366,99,0,1280000,0.25,0.02986
2048,11366,100,0,1280000,0.25,0.031984
2048,11366,101,0,1280000,0.25,0.027473
2048,11366,102,0,1280000,0.25,0.040265
2048,11366,103,0,1280000,0.25,0.032041
2048,11366,104,0,1280000,0.25,0.038651
2048,11366,105,0,1280000,0.25,0.028773
2048,11366,106,0,1280000,0.25,0.038233
2048,11366,107,0,1280000,0.25,0.032518
2048,11366,108,0,1280000,0.25,0.028568
2048,11366,109,0,1280000,0.25,0.028507
2048,11366,110,0,1280000,0.25,0.031801
2048,11366,111,0,1280000,0.25,0.037529
2048,11366,112,0,1280000,0.25,0.024634
2048,11366,113,0,1280000,0.25,0.034009
2048,11366,114,0,1280000,0.25,0.042176
2048,11366,115,0,1280000,0.25,0.033577
2048,11366,116,0,1280000,0.25,0.029235
2048,11366,117,0,1280000,0.25,0.036761
2048,11366,118,0,1280000,0.25,0.023438
2048,11366,119,0,1280000,0.25,0.035194
2048,11366,120,0,1280000,0.25,0.041551
2048,11366,121,0,1280000,0.25,0.02652
2048,11366,122,0,1280000,0.25,0.031506
2048,11366,123,0,1280000,0.25,0.027678
2048,11366,124,0,1280000,0.25,0.031404
2048,11366,125,0,1280000,0.25,0.037721
2048,11366,126,0,1280000,0.25,0.030779
2048,11366,127,0,1280000,0.25,0.030482
2048,11366,128,0,1280000,0.25,0.025032
2048,11366,129,0,1280000,0.25,0.033238
2048,11366,130,0,1280000,0.25,0.02666
2048,11366,131,0,1280000,0.25,0.03467
2048,11366,132,0,1280000,0.25,0.028225
2048,11366,133,0,1280000,0.25,0.039108
2048,11366,134,0,1280000,0.25,0.040425
2048,11366,135,0,1280000,0.25,0.037156
2048,11366,136,0,1280000,0.25,0.028577
2048,11366,137,0,1280000,0.25,0.034154
2048,11366,138,0,1280000,0.25,0.038453
2048,11366,139,0,1280000,0.25,0.040509
2048,11366,140,0,1280000,0.25,0.027014
2048,11366,141,0,1280000,0.25,0.026938
2048,11366,142,0,1280000,0.25,0.030532
2048,11366,143,0,1280000,0.25,0.026977
2048,11366,144,0,1280000,0.25,0.028601
2048,11366,145,0,1280000,0.25,0.033059
2048,11366,146,0,1280000,0.25,0.038842
2048,11366,147,0,1280000,0.25,0.028418
2048,11366,148,0,1280000,0.25,0.029696
2048,11366,149,0,1280000,0.25,0.031719
2048,11366,150,0,1280000,0.25,0.038918
2048,11366,151,0,1280000,0.25,0.021761
2048,11366,152,0,1280000,0.25,0.034561
2048,11366,153,0,1280000,0.25,0.028666
2048,11366,154,0,1280000,0.25,0.04605
2048,11366,155,0,1280000,0.25,0.027039
2048,11366,156,0,1280000,0.25,0.032917
2048,11366,157,0,1280000,0.25,0.048442
2048,11366,158,0,1280000,0.25,0.036242
2048,11366,159,0,1280000,0.25,0.031492
2048,11366,160,0,1280000,0.25,0.02782
2048,11366,161,0,1280000,0.25,0.027417
2048,11366,162,0,1280000,0.25,0.026918
2048,11366,163,0,1280000,0.25,0.029084
2048,11366,164,0,1280000,0.25,0.028512
2048,11366,165,0,1280000,0.25,0.047727
2048,11366,166,0,1280000,0.25,0.040299
2048,11366,167,0,1280000,0.25,0.03786
2048,11366,168,0,1280000,0.25,0.027665
2048,11366,169,0,1280000,0.25,0.033039
2048,11366,170,0,1280000,0.25,0.032014
2048,11366,171,0,1280000,0.25,0.031482
2048,11366,172,0,1280000,0.25,0.032927
2048,11366,173,0,1280000,0.25,0.03096
2048,11366,174,0,1280000,0.25,0.033021
2048,11366,175,0,1280000,0.25,0.029259
2048,11366,176,0,1280000,0.25,0.032771
2048,11366,177,0,1280000,0.25,0.029696
2048,11366,178,0,1280000,0.25,0.031508
2048,11366,179,0,1280000,0.25,0.026823
2048,11366,180,0,1280000,0.25,0.030415
2048,11366,181,0,1280000,0.25,0.03432
2048,11366,182,0,1280000,0.25,0.031691
2048,11366,183,0,1280000,0.25,0.035724
2048,11366,184,0,1280000,0.25,0.029781
2048,11366,185,0,1280000,0.25,0.040621
2048,11366,186,0,1280000,0.25,0.033139
2048,11366,187,0,1280000,0.25,0.03364
2048,11366,188,0,1280000,0.25,0.029232
2048,11366,189,0,1280000,0.25,0.040898
2048,11366,190,0,1280000,0.25,0.039017
2048,11366,191,0,1280000,0.25,0.037461
2048,11366,192,0,1280000,0.25,0.038911
2048,11366,193,0,1280000,0.25,0.030423
2048,11366,194,0,1280000,0.25,0.027214
2048,11366,195,0,1280000,0.25,0.027586
2048,11366,196,0,1280000,0.25,0.03174
2048,11366,197,0,1280000,0.25,0.034413
2048,11366,198,0,1280000,0.25,0.033232
2048,11366,199,0,1280000,0.25,0.030329
2048,11366,200,0,1280000,0.25,0.035539
2048,11366,201,0,1280000,0.25,0.021218
2048,11366,202,0,1280000,0.25,0.042944
2048,11366,203,0,1280000,0.25,0.032581
2048,11366,204,0,1280000,0.25,0.043963
2048,11366,205,0,1280000,0.25,0.031422
2048,11366,206,0,1280000,0.25,0.02925
2048,11366,207,0,1280000,0.25,0.029421
2048,11366,208,0,1280000,0.25,0.03024
2048,11366,209,0,1280000,0.25,0.031498
2048,11366,210,0,1280000,0.25,0.035822
2048,11366,211,0,1280000,0.25,0.036348
2048,11366,212,0,1280000,0.25,0.029262
2048,11366,213,0,1280000,0.25,0.036094
2048,11366,214,0,1280000,0.25,0.038875
2048,11366,215,0,1280000,0.25,0.027784
2048,11366,216,0,1280000,0.25,0.035128
2048,11366,217,0,1280000,0.25,0.041695
2048,11366,218,0,1280000,0.25,0.034442
2048,11366,219,0,1280000,0.25,0.030294
2048,11366,220,0,1280000,0.25,0.028628
2048,11366,221,0,1280000,0.25,0.032301
2048,11366,222,0,1280000,0.25,0.02221
2048,11366,223,0,1280000,0.25,0.037831
2048,11366,224,0,1280000,0.25,0.028996
2048,11366,225,0,1280000,0.25,0.037143
2048,11366,226,0,1280000,0.25,0.028845
2048,11366,227,0,1280000,0.25,0.03179
2048,11366,228,0,1280000,0.25,0.033268
2048,11366,229,0,1280000,0.25,0.037958
2048,11366,230,0,1280000,0.25,0.038629
2048,11366,231,0,1280000,0.25,0.027461
2048,11366,232,0,1280000,0.25,0.030466
2048,11366,233,0,1280000,0.25,0.034088
2048,11366,234,0,1280000,0.25,0.030175
2048,11366,235,0,1280000,0.25,0.04359
2048,11366,236,0,1280000,0.25,0.022626
2048,11366,237,0,1280000,0.25,0.035912
2048,11366,238,0,1280000,0.25,0.025352
2048,11366,239,0,1280000,0.25,0.032303
2048,11366,240,0,1280000,0.25,0.027109
2048,11366,241,0,1280000,0.25,0.030824
2048,11366,242,0,1280000,0.25,0.027064
2048,11366,243,0,1280000,0.25,0.025987
2048,11366,244,0,1280000,0.25,0.025669
2048,11366,245,0,1280000,0.25,0.027467
2048,11366,246,0,1280000,0.25,0.032602
2048,11366,247,0,1280000,0.25,0.035872
2048,11366,248,0,1280000,0.25,0.032391
2048,11366,249,0,1280000,0.25,0.033644
2048,11366,250,0,1280000,0.25,0.030766
2048,11366,251,0,1280000,0.25,0.025658
2048,11366,252,0,1280000,0.25,0.03821
2048,11366,253,0,1280000,0.25,0.029578
2048,11366,254,0,1280000,0.25,0.035109
2048,11366,255,0,1280000,0.25,0.028112
2048,11366,256,0,1280000,0.25,0.032719
2048,11366,257,0,1280000,0.25,0.027272
2048,11366,258,0,1280000,0.25,0.047898
2048,11366,259,0,1280000,0.25,0.034644
2048,11366,260,0,1280000,0.25,0.026411
2048,11366,261,0,1280000,0.25,0.040527
2048,11366,262,0,1280000,0.25,0.040842
2048,11366,263,0,1280000,0.25,0.033468
2048,11366,264,0,1280000,0.25,0.043732
2048,11366,265,0,1280000,0.25,0.027537
2048,11366,266,0,1280000,0.25,0.038135
2048,11366,267,0,1280000,0.25,0.033945
2048,11366,268,0,1280000,0.25,0.034746
2048,11366,269,0,1280000,0.25,0.034979
2048,11366,270,0,1280000,0.25,0.027574
2048,11366,271,0,1280000,0.25,0.035767
2048,11366,272,0,1280000,0.25,0.033906
2048,11366,273,0,1280000,0.25,0.025361
2048,11366,274,0,1280000,0.25,0.035834
2048,11366,275,0,1280000,0.25,0.027532
2048,11366,276,0,1280000,0.25,0.031905
2048,11366,277,0,1280000,0.25,0.049794
2048,11366,278,0,1280000,0.25,0.028082
2048,11366,279,0,1280000,0.25,0.028761
2048,11366,280,0,1280000,0.25,0.029974
2048,11366,281,0,1280000,0.25,0.02886
2048,11366,282,0,1280000,0.25,0.031442
2048,11366,283,0,1280000,0.25,0.030078
2048,11366,284,0,1280000,0.25,0.024324
2048,11366,285,0,1280000,0.25,0.043268
2048,11366,286,0,1280000,0.25,0.032644
2048,11366,287,0,1280000,0.25,0.028818
2048,11366,288,0,1280000,0.25,0.03002
2048,11366,289,0,1280000,0.25,0.041953
2048,11366,290,0,1280000,0.25,0.040496
2048,11366,291,0,1280000,0.25,0.032183
2048,11366,292,0,1280000,0.25,0.022527
2048,11366,293,0,1280000,0.25,0.032592
2048,11366,294,0,1280000,0.25,0.034066
2048,11366,295,0,1280000,0.25,0.024221
2048,11366,296,0,1280000,0.25,0.027183
2048,11366,297,0,1280000,0.25,0.033036
2048,11366,298,0,1280000,0.25,0.031216
2048,11366,299,0,1280000,0.25,0.031613
2048,11366,300,0,1280000,0.25,0.035733
2048,11366,301,0,1280000,0.25,0.023066
2048,11366,302,0,1280000,0.25,0.032192
2048,11366,303,0,1280000,0.25,0.030305
2048,11366,304,0,1280000,0.25,0.038912
2048,11366,305,0,1280000,0.25,0.033478
2048,11366,306,0,1280000,0.25,0.040899
2048,11366,307,0,1280000,0.25,0.036078
2048,11366,308,0,1280000,0.25,0.042023
2048,11366,309,0,1280000,0.25,0.057119
2048,11366,310,0,1280000,0.25,0.036596
2048,11366,311,0,1280000,0.25,0.033393
2048,11366,312,0,1280000,0.25,0.037066
2048,11366,313,0,1280000,0.25,0.026461
2048,11366,314,0,1280000,0.25,0.03068
2048,11366,315,0,1280000,0.25,0.031577
2048,11366,316,0,1280000,0.25,0.026299
2048,11366,317,0,1280000,0.25,0.048261
2048,11366,318,0,1280000,0.25,0.025418
2048,11366,319,0,1280000,0.25,0.038224
2048,11366,320,0,1280000,0.25,0.032974
2048,11366,321,0,1280000,0.25,0.031817
2048,11366,322,0,1280000,0.25,0.038051
2048,11366,323,0,1280000,0.25,0.032571
2048,11366,324,0,1280000,0.25,0.037379
2048,11366,325,0,1280000,0.25,0.026097
2048,11366,326,0,1280000,0.25,0.031097
2048,11366,327,0,1280000,0.25,0.027707
2048,11366,328,0,1280000,0.25,0.044325
2048,11366,329,0,1280000,0.25,0.036643
2048,11366,330,0,1280000,0.25,0.036804
2048,11366,331,0,1280000,0.25,0.025169
2048,11366,332,0,1280000,0.25,0.03387
2048,11366,333,0,1280000,0.25,0.040137
2048,11366,334,0,1280000,0.25,0.021613
2048,11366,335,0,1280000,0.25,0.029499
2048,11366,336,0,1280000,0.25,0.032397
2048,11366,337,0,1280000,0.25,0.042304
2048,11366,338,0,1280000,0.25,0.03377
2048,11366,339,0,1280000,0.25,0.025746
2048,11366,340,0,1280000,0.25,0.031756
2048,11366,341,0,1280000,0.25,0.036263
2048,11366,342,0,1280000,0.25,0.02998
2048,11366,343,0,1280000,0.25,0.024278
2048,11366,344,0,1280000,0.25,0.039288
2048,11366,345,0,1280000,0.25,0.037503
2048,11366,346,0,1280000,0.25,0.04213
2048,11366,347,0,1280000,0.25,0.043064
2048,11366,348,0,1280000,0.25,0.034643
2048,11366,349,0,1280000,0.25,0.037572
2048,11366,350,0,1280000,0.25,0.032015
2048,11366,351,0,1280000,0.25,0.025365
2048,11366,352,0,1280000,0.25,0.033959
2048,11366,353,0,1280000,0.25,0.037621
2048,11366,354,0,1280000,0.25,0.036509
2048,11366,355,0,1280000,0.25,0.033641
2048,11366,356,0,1280000,0.25,0.029871
2048,11366,357,0,1280000,0.25,0.027338
2048,11366,358,0,1280000,0.25,0.041473
2048,11366,359,0,1280000,0.25,0.024828
2048,11366,360,0,1280000,0.25,0.031911
2048,11366,361,0,1280000,0.25,0.026023
2048,11366,362,0,1280000,0.25,0.026116
2048,11366,363,0,1280000,0.25,0.030164
2048,11366,364,0,1280000,0.25,0.030753
2048,11366,365,0,1280000,0.25,0.041307
2048,11366,366,0,1280000,0.25,0.03277
2048,11366,367,0,1280000,0.25,0.03311
2048,11366,368,0,1280000,0.25,0.039882
2048,11366,369,0,1280000,0.25,0.029492
2048,11366,370,0,1280000,0.25,0.038408
2048,11366,371,0,1280000,0.25,0.026661
2048,11366,372,0,1280000,0.25,0.032964
2048,11366,373,0,1280000,0.25,0.027773
2048,11366,374,0,1280000,0.25,0.036893
2048,11366,375,0,1280000,0.25,0.027687
2048,11366,376,0,1280000,0.25,0.032879
2048,11366,377,0,1280000,0.25,0.032293
2048,11366,378,0,1280000,0.25,0.027429
2048,11366,379,0,1280000,0.25,0.026012
2048,11366,380,0,1280000,0.25,0.031781
2048,11366,381,0,1280000,0.25,0.041395
2048,11366,382,0,1280000,0.25,0.026968
2048,11366,383,0,1280000,0.25,0.034807
2048,11366,384,0,1280000,0.25,0.038455
2048,11366,385,0,1280000,0.25,0.040987
2048,11366,386,0,1280000,0.25,0.034083
2048,11366,387,0,1280000,0.25,0.03669
2048,11366,388,0,1280000,0.25,0.027678
2048,11366,389,0,1280000,0.25,0.032919
2048,11366,390,0,1280000,0.25,0.043429
2048,11366,391,0,1280000,0.25,0.030664
2048,11366,392,0,1280000,0.25,0.026749
2048,11366,393,0,1280000,0.25,0.030565
2048,11366,394,0,1280000,0.25,0.031342
2048,11366,395,0,1280000,0.25,0.027451
2048,11366,396,0,1280000,0.25,0.044681
2048,11366,397,0,1280000,0.25,0.032068
2048,11366,398,0,1280000,0.25,0.033246
2048,11366,399,0,1280000,0.25,0.027765
2048,11366,400,0,1280000,0.25,0.033385
2048,11776,1,0,1280000,0.25,0.040122
2048,11776,2,0,1280000,0.25,0.046611
2048,11776,3,0,1280000,0.25,0.041076
2048,11776,4,0,1280000,0.25,0.056028
2048,11776,5,0,1280000,0.25,0.054968
2048,11776,6,0,1280000,0.25,0.065909
2048,11776,7,0,1280000,0.25,0.06078
2048,11776,8,0,1280000,0.25,0.071372
2048,11776,9,0,1280000,0.25,0.037783
2048,11776,10,0,1280000,0.25,0.051076
2048,11776,11,0,1280000,0.25,0.055967
2048,11776,12,0,1280000,0.25,0.055977
2048,11776,13,0,1280000,0.25,0.047205
2048,11776,14,0,1280000,0.25,0.0516
2048,11776,15,0,1280000,0.25,0.037617
2048,11776,16,0,1280000,0.25,0.065486
2048,11776,17,0,1280000,0.25,0.078223
2048,11776,18,0,1280000,0.25,0.061549
2048,11776,19,0,1280000,0.25,0.055973
2048,11776,20,0,1280000,0.25,0.064425
2048,11776,21,0,1280000,0.25,0.060968
2048,11776,22,0,1280000,0.25,0.087336
2048,11776,23,0,1280000,0.25,0.035833
2048,11776,24,0,1280000,0.25,0.048678
2048,11776,25,0,1280000,0.25,0.054956
2048,11776,26,0,1280000,0.25,0.034726
2048,11776,27,0,1280000,0.25,0.052651
2048,11776,28,0,1280000,0.25,0.07079
2048,11776,29,0,1280000,0.25,0.039162
2048,11776,30,0,1280000,0.25,0.050334
2048,11776,31,0,1280000,0.25,0.047492
2048,11776,32,0,1280000,0.25,0.043211
2048,11776,33,0,1280000,0.25,0.038171
2048,11776,34,0,1280000,0.25,0.050319
2048,11776,35,0,1280000,0.25,0.044796
2048,11776,36,0,1280000,0.25,0.051504
2048,11776,37,0,1280000,0.25,0.083911
2048,11776,38,0,1280000,0.25,0.068269
2048,11776,39,0,1280000,0.25,0.089558
2048,11776,40,0,1280000,0.25,0.056734
2048,11776,41,0,1280000,0.25,0.066211
2048,11776,42,0,1280000,0.25,0.050298
2048,11776,43,0,1280000,0.25,0.037556
2048,11776,44,0,1280000,0.25,0.050202
2048,11776,45,0,1280000,0.25,0.062784
2048,11776,46,0,1280000,0.25,0.038733
2048,11776,47,0,1280000,0.25,0.053449
2048,11776,48,0,1280000,0.25,0.040608
2048,11776,49,0,1280000,0.25,0.039103
2048,11776,50,0,1280000,0.25,0.043959
2048,11776,51,0,1280000,0.25,0.066488
2048,11776,52,0,1280000,0.25,0.054457
2048,11776,53,0,1280000,0.25,0.046745
2048,11776,54,0,1280000,0.25,0.048885
2048,11776,55,0,1280000,0.25,0.042558
2048,11776,56,0,1280000,0.25,0.059262
2048,11776,57,0,1280000,0.25,0.043403
2048,11776,58,0,1280000,0.25,0.051748
2048,11776,59,0,1280000,0.25,0.077339
2048,11776,60,0,1280000,0.25,0.04168
2048,11776,61,0,1280000,0.25,0.049055
2048,11776,62,0,1280000,0.25,0.034219
2048,11776,63,0,1280000,0.25,0.055555
2048,11776,64,0,1280000,0.25,0.048264
2048,11776,65,0,1280000,0.25,0.055295
2048,11776,66,0,1280000,0.25,0.052947
2048,11776,67,0,1280000,0.25,0.044186
2048,11776,68,0,1280000,0.25,0.045477
2048,11776,69,0,1280000,0.25,0.057715
2048,11776,70,0,1280000,0.25,0.067483
2048,11776,71,0,1280000,0.25,0.038806
2048,11776,72,0,1280000,0.25,0.077346
2048,11776,73,0,1280000,0.25,0.055395
2048,11776,74,0,1280000,0.25,0.067639
2048,11776,75,0,1280000,0.25,0.051558
2048,11776,76,0,1280000,0.25,0.040637
2048,11776,77,0,1280000,0.25,0.054168
2048,11776,78,0,1280000,0.25,0.062744
2048,11776,79,0,1280000,0.25,0.053309
2048,11776,80,0,1280000,0.25,0.053072
2048,11776,81,0,1280000,0.25,0.057955
2048,11776,82,0,1280000,0.25,0.090789
2048,11776,83,0,1280000,0.25,0.064326
2048,11776,84,0,1280000,0.25,0.056598
2048,11776,85,0,1280000,0.25,0.043369
2048,11776,86,0,1280000,0.25,0.075382
2048,11776,87,0,1280000,0.25,0.062569
2048,11776,88,0,1280000,0.25,0.062364
2048,11776,89,0,1280000,0.25,0.060191
2048,11776,90,0,1280000,0.25,0.041965
2048,11776,91,0,1280000,0.25,0.044739
2048,11776,92,0,1280000,0.25,0.050972
2048,11776,93,0,1280000,0.25,0.092349
2048,11776,94,0,1280000,0.25,0.060867
2048,11776,95,0,1280000,0.25,0.053234
2048,11776,96,0,1280000,0.25,0.053045
2048,11776,97,0,1280000,0.25,0.050483
2048,11776,98,0,1280000,0.25,0.053667
2048,11776,99,0,1280000,0.25,0.053838
2048,11776,100,0,1280000,0.25,0.052305
2048,11776,101,0,1280000,0.25,0.046308
2048,11776,102,0,1280000,0.25,0.060199
2048,11776,103,0,1280000,0.25,0.087025
2048,11776,104,0,1280000,0.25,0.076183
2048,11776,105,0,1280000,0.25,0.052523
2048,11776,106,0,1280000,0.25,0.042571
2048,11776,107,0,1280000,0.25,0.054795
2048,11776,108,0,1280000,0.25,0.03716
2048,11776,109,0,1280000,0.25,0.072391
2048,11776,110,0,1280000,0.25,0.049304
2048,11776,111,0,1280000,0.25,0.057071
2048,11776,112,0,1280000,0.25,0.055216
2048,11776,113,0,1280000,0.25,0.069148
2048,11776,114,0,1280000,0.25,0.046926
2048,11776,115,0,1280000,0.25,0.05329
2048,11776,116,0,1280000,0.25,0.078643
2048,11776,117,0,1280000,0.25,0.052452
2048,11776,118,0,1280000,0.25,0.05667
2048,11776,119,0,1280000,0.25,0.048402
2048,11776,120,0,1280000,0.25,0.093553
2048,11776,121,0,1280000,0.25,0.079829
2048,11776,122,0,1280000,0.25,0.042653
2048,11776,123,0,1280000,0.25,0.048847
2048,11776,124,0,1280000,0.25,0.044413
2048,11776,125,0,1280000,0.25,0.056779
2048,11776,126,0,1280000,0.25,0.11448
2048,11776,127,0,1280000,0.25,0.066361
2048,11776,128,0,1280000,0.25,0.053804
2048,11776,129,0,1280000,0.25,0.052085
2048,11776,130,0,1280000,0.25,0.051873
2048,11776,131,0,1280000,0.25,0.051674
2048,11776,132,0,1280000,0.25,0.03796
2048,11776,133,0,1280000,0.25,0.067873
2048,11776,134,0,1280000,0.25,0.077907
2048,11776,135,0,1280000,0.25,0.064332
2048,11776,136,0,1280000,0.25,0.079578
2048,11776,137,0,1280000,0.25,0.058892
2048,11776,138,0,1280000,0.25,0.076259
2048,11776,139,0,1280000,0.25,0.050005
2048,11776,140,0,1280000,0.25,0.045161
2048,11776,141,0,1280000,0.25,0.043175
2048,11776,142,0,1280000,0.25,0.034849
2048,11776,143,0,1280000,0.25,0.049635
2048,11776,144,0,1280000,0.25,0.049979
2048,11776,145,0,1280000,0.25,0.063281
2048,11776,146,0,1280000,0.25,0.065637
2048,11776,147,0,1280000,0.25,0.055841
2048,11776,148,0,1280000,0.25,0.070938
2048,11776,149,0,1280000,0.25,0.050755
2048,11776,150,0,1280000,0.25,0.060627
2048,11776,151,0,1280000,0.25,0.070019
2048,11776,152,0,1280000,0.25,0.054354
2048,11776,153,0,1280000,0.25,0.059364
2048,11776,154,0,1280000,0.25,0.053074
2048,11776,155,0,1280000,0.25,0.049512
2048,11776,156,0,1280000,0.25,0.034273
2048,11776,157,0,1280000,0.25,0.054946
2048,11776,158,0,1280000,0.25,0.046865
2048,11776,159,0,1280000,0.25,0.049109
2048,11776,160,0,1280000,0.25,0.045358
2048,11776,161,0,1280000,0.25,0.060152
2048,11776,162,0,1280000,0.25,0.051814
2048,11776,163,0,1280000,0.25,0.058301
2048,11776,164,0,1280000,0.25,0.058107
2048,11776,165,0,1280000,0.25,0.055771
2048,11776,166,0,1280000,0.25,0.048323
2048,11776,167,0,1280000,0.25,0.047504
2048,11776,168,0,1280000,0.25,0.050261
2048,11776,169,0,1280000,0.25,0.072525
2048,11776,170,0,1280000,0.25,0.056977
2048,11776,171,0,1280000,0.25,0.044016
2048,11776,172,0,1280000,0.25,0.047583
2048,11776,173,0,1280000,0.25,0.079042
2048,11776,174,0,1280000,0.25,0.031134
2048,11776,175,0,1280000,0.25,0.039571
2048,11776,176,0,1280000,0.25,0.045649
2048,11776,177,0,1280000,0.25,0.065322
2048,11776,178,0,1280000,0.25,0.047997
2048,11776,179,0,1280000,0.25,0.056893
2048,11776,180,0,1280000,0.25,0.038543
2048,11776,181,0,1280000,0.25,0.064372
2048,11776,182,0,1280000,0.25,0.04465
2048,11776,183,0,1280000,0.25,0.09145
2048,11776,184,0,1280000,0.25,0.061722
2048,11776,185,0,1280000,0.25,0.043611
2048,11776,186,0,1280000,0.25,0.039792
2048,11776,187,0,1280000,0.25,0.051791
2048,11776,188,0,1280000,0.25,0.042328
2048,11776,189,0,1280000,0.25,0.068566
2048,11776,190,0,1280000,0.25,0.045068
2048,11776,191,0,1280000,0.25,0.051654
2048,11776,192,0,1280000,0.25,0.055141
2048,11776,193,0,1280000,0.25,0.056425
2048,11776,194,0,1280000,0.25,0.034371
2048,11776,195,0,1280000,0.25,0.056306
2048,11776,196,0,1280000,0.25,0.063258
2048,11776,197,0,1280000,0.25,0.049882
2048,11776,198,0,1280000,0.25,0.067654
2048,11776,199,0,1280000,0.25,0.048757
2048,11776,200,0,1280000,0.25,0.049248
2048,11776,201,0,1280000,0.25,0.045418
2048,11776,202,0,1280000,0.25,0.048804
2048,11776,203,0,1280000,0.25,0.06018
2048,11776,204,0,1280000,0.25,0.049802
2048,11776,205,0,1280000,0.25,0.055016
2048,11776,206,0,1280000,0.25,0.038954
2048,11776,207,0,1280000,0.25,0.044763
2048,11776,208,0,1280000,0.25,0.071163
2048,11776,209,0,1280000,0.25,0.047856
2048,11776,210,0,1280000,0.25,0.072718
2048,11776,211,0,1280000,0.25,0.058421
2048,11776,212,0,1280000,0.25,0.039098
2048,11776,213,0,1280000,0.25,0.045481
2048,11776,214,0,1280000,0.25,0.060998
2048,11776,215,0,1280000,0.25,0.061343
2048,11776,216,0,1280000,0.25,0.043614
2048,11776,217,0,1280000,0.25,0.031439
2048,11776,218,0,1280000,0.25,0.059389
2048,11776,219,0,1280000,0.25,0.058832
2048,11776,220,0,1280000,0.25,0.04208
2048,11776,221,0,1280000,0.25,0.039828
2048,11776,222,0,1280000,0.25,0.055471
2048,11776,223,0,1280000,0.25,0.044873
2048,11776,224,0,1280000,0.25,0.065286
2048,11776,225,0,1280000,0.25,0.053319
2048,11776,226,0,1280000,0.25,0.055841
2048,11776,227,0,1280000,0.25,0.048602
2048,11776,228,0,1280000,0.25,0.043812
2048,11776,229,0,1280000,0.25,0.039428
2048,11776,230,0,1280000,0.25,0.05038
2048,11776,231,0,1280000,0.25,0.04889
2048,11776,232,0,1280000,0.25,0.050176
2048,11776,233,0,1280000,0.25,0.051762
2048,11776,234,0,1280000,0.25,0.063164
2048,11776,235,0,1280000,0.25,0.057106
2048,11776,236,0,1280000,0.25,0.053096
2048,11776,237,0,1280000,0.25,0.062816
2048,11776,238,0,1280000,0.25,0.052008
2048,11776,239,0,1280000,0.25,0.053271
2048,11776,240,0,1280000,0.25,0.072601
2048,11776,241,0,1280000,0.25,0.039518
2048,11776,242,0,1280000,0.25,0.075963
2048,11776,243,0,1280000,0.25,0.04458
2048,11776,244,0,1280000,0.25,0.045798
2048,11776,245,0,1280000,0.25,0.072445
2048,11776,246,0,1280000,0.25,0.034379
2048,11776,247,0,1280000,0.25,0.071027
2048,11776,248,0,1280000,0.25,0.08821
2048,11776,249,0,1280000,0.25,0.126179
2048,11776,250,0,1280000,0.25,0.042164
2048,11776,251,0,1280000,0.25,0.0509
2048,11776,252,0,1280000,0.25,0.028508
2048,11776,253,0,1280000,0.25,0.038267
2048,11776,254,0,1280000,0.25,0.0574
2048,11776,255,0,1280000,0.25,0.055268
2048,11776,256,0,1280000,0.25,0.115203
2048,11776,257,0,1280000,0.25,0.048589
2048,11776,258,0,1280000,0.25,0.054282
2048,11776,259,0,1280000,0.25,0.048742
2048,11776,260,0,1280000,0.25,0.058028
2048,11776,261,0,1280000,0.25,0.102359
2048,11776,262,0,1280000,0.25,0.037723
2048,11776,263,0,1280000,0.25,0.045543
2048,11776,264,0,1280000,0.25,0.057098
2048,11776,265,0,1280000,0.25,0.043577
2048,11776,266,0,1280000,0.25,0.038811
2048,11776,267,0,1280000,0.25,0.049375
2048,11776,268,0,1280000,0.25,0.046605
2048,11776,269,0,1280000,0.25,0.042018
2048,11776,270,0,1280000,0.25,0.045446
2048,11776,271,0,1280000,0.25,0.04882
2048,11776,272,0,1280000,0.25,0.035231
2048,11776,273,0,1280000,0.25,0.066112
2048,11776,274,0,1280000,0.25,0.041418
2048,11776,275,0,1280000,0.25,0.054518
2048,11776,276,0,1280000,0.25,0.047206
2048,11776,277,0,1280000,0.25,0.04583
2048,11776,278,0,1280000,0.25,0.05185
2048,11776,279,0,1280000,0.25,0.064935
2048,11776,280,0,1280000,0.25,0.073762
2048,11776,281,0,1280000,0.25,0.067985
2048,11776,282,0,1280000,0.25,0.050262
2048,11776,283,0,1280000,0.25,0.052542
2048,11776,284,0,1280000,0.25,0.063303
2048,11776,285,0,1280000,0.25,0.067459
2048,11776,286,0,1280000,0.25,0.042808
2048,11776,287,0,1280000,0.25,0.101232
2048,11776,288,0,1280000,0.25,0.048555
2048,11776,289,0,1280000,0.25,0.084708
2048,11776,290,0,1280000,0.25,0.058357
2048,11776,291,0,1280000,0.25,0.042377
2048,11776,292,0,1280000,0.25,0.045577
2048,11776,293,0,1280000,0.25,0.035558
2048,11776,294,0,1280000,0.25,0.032221
2048,11776,295,0,1280000,0.25,0.049204
2048,11776,296,0,1280000,0.25,0.071338
2048,11776,297,0,1280000,0.25,0.102392
2048,11776,298,0,1280000,0.25,0.025441
2048,11776,299,0,1280000,0.25,0.046189
2048,11776,300,0,1280000,0.25,0.044205
2048,11776,301,0,1280000,0.25,0.046989
2048,11776,302,0,1280000,0.25,0.067261
2048,11776,303,0,1280000,0.25,0.083394
2048,11776,304,0,1280000,0.25,0.054155
2048,11776,305,0,1280000,0.25,0.055415
2048,11776,306,0,1280000,0.25,0.0512
2048,11776,307,0,1280000,0.25,0.105928
2048,11776,308,0,1280000,0.25,0.037267
2048,11776,309,0,1280000,0.25,0.058876
2048,11776,310,0,1280000,0.25,0.056629
2048,11776,311,0,1280000,0.25,0.037195
2048,11776,312,0,1280000,0.25,0.055653
2048,11776,313,0,1280000,0.25,0.052881
2048,11776,314,0,1280000,0.25,0.050854
2048,11776,315,0,1280000,0.25,0.057979
2048,11776,316,0,1280000,0.25,0.064529
2048,11776,317,0,1280000,0.25,0.049612
2048,11776,318,0,1280000,0.25,0.039743
2048,11776,319,0,1280000,0.25,0.064261
2048,11776,320,0,1280000,0.25,0.045294
2048,11776,321,0,1280000,0.25,0.046573
2048,11776,322,0,1280000,0.25,0.042994
2048,11776,323,0,1280000,0.25,0.08054
2048,11776,324,0,1280000,0.25,0.04054
2048,11776,325,0,1280000,0.25,0.057669
2048,11776,326,0,1280000,0.25,0.044942
2048,11776,327,0,1280000,0.25,0.064448
2048,11776,328,0,1280000,0.25,0.055577
2048,11776,329,0,1280000,0.25,0.045257
2048,11776,330,0,1280000,0.25,0.054684
2048,11776,331,0,1280000,0.25,0.043298
2048,11776,332,0,1280000,0.25,0.049256
2048,11776,333,0,1280000,0.25,0.061955
2048,11776,334,0,1280000,0.25,0.064109
2048,11776,335,0,1280000,0.25,0.061754
2048,11776,336,0,1280000,0.25,0.043816
2048,11776,337,0,1280000,0.25,0.067116
2048,11776,338,0,1280000,0.25,0.040593
2048,11776,339,0,1280000,0.25,0.051116
2048,11776,340,0,1280000,0.25,0.040156
2048,11776,341,0,1280000,0.25,0.091958
2048,11776,342,0,1280000,0.25,0.053356
2048,11776,343,0,1280000,0.25,0.060565
2048,11776,344,0,1280000,0.25,0.055463
2048,11776,345,0,1280000,0.25,0.057982
2048,11776,346,0,1280000,0.25,0.053953
2048,11776,347,0,1280000,0.25,0.044396
2048,11776,348,0,1280000,0.25,0.057629
2048,11776,349,0,1280000,0.25,0.046025
2048,11776,350,0,1280000,0.25,0.038201
2048,11776,351,0,1280000,0.25,0.060031
2048,11776,352,0,1280000,0.25,0.048467
2048,11776,353,0,1280000,0.25,0.052398
2048,11776,354,0,1280000,0.25,0.047084
2048,11776,355,0,1280000,0.25,0.054947
2048,11776,356,0,1280000,0.25,0.050276
2048,11776,357,0,1280000,0.25,0.042188
2048,11776,358,0,1280000,0.25,0.041935
2048,11776,359,0,1280000,0.25,0.058137
2048,11776,360,0,1280000,0.25,0.053533
2048,11776,361,0,1280000,0.25,0.052974
2048,11776,362,0,1280000,0.25,0.035133
2048,11776,363,0,1280000,0.25,0.034464
2048,11776,364,0,1280000,0.25,0.054
2048,11776,365,0,1280000,0.25,0.064563
2048,11776,366,0,1280000,0.25,0.054518
2048,11776,367,0,1280000,0.25,0.067964
2048,11776,368,0,1280000,0.25,0.036751
2048,11776,369,0,1280000,0.25,0.04173
2048,11776,370,0,1280000,0.25,0.054928
2048,11776,371,0,1280000,0.25,0.079901
2048,11776,372,0,1280000,0.25,0.04007
2048,11776,373,0,1280000,0.25,0.067369
2048,11776,374,0,1280000,0.25,0.04389
2048,11776,375,0,1280000,0.25,0.05671
2048,11776,376,0,1280000,0.25,0.041696
2048,11776,377,0,1280000,0.25,0.071121
2048,11776,378,0,1280000,0.25,0.042622
2048,11776,379,0,1280000,0.25,0.048418
2048,11776,380,0,1280000,0.25,0.068724
2048,11776,381,0,1280000,0.25,0.048679
2048,11776,382,0,1280000,0.25,0.064605
2048,11776,383,0,1280000,0.25,0.044424
2048,11776,384,0,1280000,0.25,0.085557
2048,11776,385,0,1280000,0.25,0.061906
2048,11776,386,0,1280000,0.25,0.073351
2048,11776,387,0,1280000,0.25,0.046459
2048,11776,388,0,1280000,0.25,0.063545
2048,11776,389,0,1280000,0.25,0.059994
2048,11776,390,0,1280000,0.25,0.053256
2048,11776,391,0,1280000,0.25,0.048509
2048,11776,392,0,1280000,0.25,0.050397
2048,11776,393,0,1280000,0.25,0.04588
2048,11776,394,0,1280000,0.25,0.116425
2048,11776,395,0,1280000,0.25,0.067139
2048,11776,396,0,1280000,0.25,0.067963
2048,11776,397,0,1280000,0.25,0.027883
2048,11776,398,0,1280000,0.25,0.059503
2048,11776,399,0,1280000,0.25,0.050422
2048,11776,400,0,1280000,0.25,0.043692
2048,12186,1,0,1280000,0.25,0.149275
2048,12186,2,0,1280000,0.25,0.113369
2048,12186,3,0,1280000,0.25,0.1577
2048,12186,4,0,1280000,0.25,0.137758
2048,12186,5,0,1280000,0.25,0.087837
2048,12186,6,0,1280000,0.25,0.15159
2048,12186,7,0,1280000,0.25,0.109313
2048,12186,8,0,1280000,0.25,0.193323
2048,12186,9,0,1280000,0.25,0.101522
2048,12186,10,0,1280000,0.25,0.188888
2048,12186,11,0,1280000,0.25,0.117589
2048,12186,12,0,1280000,0.25,0.096424
2048,12186,13,0,1280000,0.25,0.131695
2048,12186,14,0,1280000,0.25,0.094594
2048,12186,15,0,1280000,0.25,0.155971
2048,12186,16,0,1280000,0.25,0.091265
2048,12186,17,0,1280000,0.25,0.111927
2048,12186,18,0,1280000,0.25,0.122663
2048,12186,19,0,1280000,0.25,0.162732
2048,12186,20,0,1280000,0.25,0.150197
2048,12186,21,0,1280000,0.25,0.193851
2048,12186,22,0,1280000,0.25,0.136029
2048,12186,23,0,1280000,0.25,0.076901
2048,12186,24,0,1280000,0.25,0.208431
2048,12186,25,0,1280000,0.25,0.071135
2048,12186,26,0,1280000,0.25,0.130342
2048,12186,27,0,1280000,0.25,0.068391
2048,12186,28,0,1280000,0.25,0.103957
2048,12186,29,0,1280000,0.25,0.084181
2048,12186,30,0,1280000,0.25,0.158676
2048,12186,31,0,1280000,0.25,0.098255
2048,12186,32,0,1280000,0.25,0.095501
2048,12186,33,0,1280000,0.25,0.121027
2048,12186,34,0,1280000,0.25,0.127432
2048,12186,35,0,1280000,0.25,0.190614
2048,12186,36,0,1280000,0.25,0.136551
2048,12186,37,0,1280000,0.25,0.16874
2048,12186,38,0,1280000,0.25,0.090899
2048,12186,39,0,1280000,0.25,0.093972
2048,12186,40,0,1280000,0.25,0.125548
2048,12186,41,0,1280000,0.25,0.094954
2048,12186,42,0,1280000,0.25,0.202328
2048,12186,43,0,1280000,0.25,0.155657
2048,12186,44,0,1280000,0.25,0.161875
2048,12186,45,0,1280000,0.25,0.103674
2048,12186,46,0,1280000,0.25,0.0768
2048,12186,47,0,1280000,0.25,0.104328
2048,12186,48,0,1280000,0.25,0.10722
2048,12186,49,0,1280000,0.25,0.108383
2048,12186,50,0,1280000,0.25,0.081097
2048,12186,51,0,1280000,0.25,0.118192
2048,12186,52,0,1280000,0.25,0.184271
2048,12186,53,0,1280000,0.25,0.145321
2048,12186,54,0,1280000,0.25,0.150988
2048,12186,55,0,1280000,0.25,0.082051
2048,12186,56,0,1280000,0.25,0.098507
2048,12186,57,0,1280000,0.25,0.151455
2048,12186,58,0,1280000,0.25,0.071642
2048,12186,59,0,1280000,0.25,0.108462
2048,12186,60,0,1280000,0.25,0.152924
2048,12186,61,0,1280000,0.25,0.068985
2048,12186,62,0,1280000,0.25,0.275153
2048,12186,63,0,1280000,0.25,0.096231
2048,12186,64,0,1280000,0.25,0.090814
2048,12186,65,0,1280000,0.25,0.088701
2048,12186,66,0,1280000,0.25,0.077849
2048,12186,67,0,1280000,0.25,0.195991
2048,12186,68,0,1280000,0.25,0.057237
2048,12186,69,0,1280000,0.25,0.081332
2048,12186,70,0,1280000,0.25,0.105936
2048,12186,71,0,1280000,0.25,0.101255
2048,12186,72,0,1280000,0.25,0.139497
2048,12186,73,0,1280000,0.25,0.118898
2048,12186,74,0,1280000,0.25,0.114581
2048,12186,75,0,1280000,0.25,0.165312
2048,12186,76,0,1280000,0.25,0.149787
2048,12186,77,0,1280000,0.25,0.07178
2048,12186,78,0,1280000,0.25,0.09167
2048,12186,79,0,1280000,0.25,0.111094
2048,12186,80,0,1280000,0.25,0.116738
2048,12186,81,0,1280000,0.25,0.151496
2048,12186,82,0,1280000,0.25,0.149437
2048,12186,83,0,1280000,0.25,0.126687
2048,12186,84,0,1280000,0.25,0.174721
2048,12186,85,0,1280000,0.25,0.145572
2048,12186,86,0,1280000,0.25,0.078604
2048,12186,87,0,1280000,0.25,0.123297
2048,12186,88,0,1280000,0.25,0.094145
2048,12186,89,0,1280000,0.25,0.16838
2048,12186,90,0,1280000,0.25,0.104045
2048,12186,91,0,1280000,0.25,0.121403
2048,12186,92,0,1280000,0.25,0.165215
2048,12186,93,0,1280000,0.25,0.090757
2048,12186,94,0,1280000,0.25,0.087567
2048,12186,95,0,1280000,0.25,0.123185
2048,12186,96,0,1280000,0.25,0.115074
2048,12186,97,0,1280000,0.25,0.124963
2048,12186,98,0,1280000,0.25,0.277035
2048,12186,99,0,1280000,0.25,0.125466
2048,12186,100,0,1280000,0.25,0.096348
2048,12186,101,0,1280000,0.25,0.118095
2048,12186,102,0,1280000,0.25,0.166281
2048,12186,103,0,1280000,0.25,0.231517
2048,12186,104,0,1280000,0.25,0.131156
2048,12186,105,0,1280000,0.25,0.075195
2048,12186,106,0,1280000,0.25,0.123356
2048,12186,107,0,1280000,0.25,0.05389
2048,12186,108,0,1280000,0.25,0.128123
2048,12186,109,0,1280000,0.25,0.099205
2048,12186,110,0,1280000,0.25,0.104901
2048,12186,111,0,1280000,0.25,0.110624
2048,12186,112,0,1280000,0.25,0.137277
2048,12186,113,0,1280000,0.25,0.100268
2048,12186,114,0,1280000,0.25,0.082008
2048,12186,115,0,1280000,0.25,0.108038
2048,12186,116,0,1280000,0.25,0.215207
2048,12186,117,0,1280000,0.25,0.074259
2048,12186,118,0,1280000,0.25,0.082718
2048,12186,119,0,1280000,0.25,0.116251
2048,12186,120,0,1280000,0.25,0.140229
2048,12186,121,0,1280000,0.25,0.094112
2048,12186,122,0,1280000,0.25,0.108297
2048,12186,123,0,1280000,0.25,0.097729
2048,12186,124,0,1280000,0.25,0.112928
2048,12186,125,0,1280000,0.25,0.188457
2048,12186,126,0,1280000,0.25,0.178669
2048,12186,127,0,1280000,0.25,0.120799
2048,12186,128,0,1280000,0.25,0.120817
2048,12186,129,0,1280000,0.25,0.098226
2048,12186,130,0,1280000,0.25,0.102173
2048,12186,131,0,1280000,0.25,0.066584
2048,12186,132,0,1280000,0.25,0.114204
2048,12186,133,0,1280000,0.25,0.157032
2048,12186,134,0,1280000,0.25,0.134107
2048,12186,135,0,1280000,0.25,0.16231
2048,12186,136,0,1280000,0.25,0.128959
2048,12186,137,0,1280000,0.25,0.129381
2048,12186,138,0,1280000,0.25,0.117874
2048,12186,139,0,1280000,0.25,0.104427
2048,12186,140,0,1280000,0.25,0.12107
2048,12186,141,0,1280000,0.25,0.101404
2048,12186,142,0,1280000,0.25,0.088628
2048,12186,143,0,1280000,0.25,0.097005
2048,12186,144,0,1280000,0.25,0.164122
2048,12186,145,0,1280000,0.25,0.0764
2048,12186,146,0,1280000,0.25,0.101011
2048,12186,147,0,1280000,0.25,0.106111
2048,12186,148,0,1280000,0.25,0.083355
2048,12186,149,0,1280000,0.25,0.091613
2048,12186,150,0,1280000,0.25,0.212509
2048,12186,151,0,1280000,0.25,0.091501
2048,12186,152,0,1280000,0.25,0.08036
2048,12186,153,0,1280000,0.25,0.084047
2048,12186,154,0,1280000,0.25,0.154393
2048,12186,155,0,1280000,0.25,0.123074
2048,12186,156,0,1280000,0.25,0.062178
2048,12186,157,0,1280000,0.25,0.066979
2048,12186,158,0,1280000,0.25,0.1679
2048,12186,159,0,1280000,0.25,0.081095
2048,12186,160,0,1280000,0.25,0.104645
2048,12186,161,0,1280000,0.25,0.123897
2048,12186,162,0,1280000,0.25,0.237321
2048,12186,163,0,1280000,0.25,0.09526
2048,12186,164,0,1280000,0.25,0.103545
2048,12186,165,0,1280000,0.25,0.12196
2048,12186,166,0,1280000,0.25,0.083812
2048,12186,167,0,1280000,0.25,0.101514
2048,12186,168,0,1280000,0.25,0.190063
2048,12186,169,0,1280000,0.25,0.138706
2048,12186,170,0,1280000,0.25,0.085824
2048,12186,171,0,1280000,0.25,0.163389
2048,12186,172,0,1280000,0.25,0.219478
2048,12186,173,0,1280000,0.25,0.25278
2048,12186,174,0,1280000,0.25,0.139185
2048,12186,175,0,1280000,0.25,0.067796
2048,12186,176,0,1280000,0.25,0.07692
2048,12186,177,0,1280000,0.25,0.089357
2048,12186,178,0,1280000,0.25,0.138256
2048,12186,179,0,1280000,0.25,0.131171
2048,12186,180,0,1280000,0.25,0.256027
2048,12186,181,0,1280000,0.25,0.080528
2048,12186,182,0,1280000,0.25,0.086953
2048,12186,183,0,1280000,0.25,0.09632
2048,12186,184,0,1280000,0.25,0.181431
2048,12186,185,0,1280000,0.25,0.071698
2048,12186,186,0,1280000,0.25,0.169051
2048,12186,187,0,1280000,0.25,0.089598
2048,12186,188,0,1280000,0.25,0.074935
2048,12186,189,0,1280000,0.25,0.096756
2048,12186,190,0,1280000,0.25,0.088613
2048,12186,191,0,1280000,0.25,0.073138
2048,12186,192,0,1280000,0.25,0.073885
2048,12186,193,0,1280000,0.25,0.097131
2048,12186,194,0,1280000,0.25,0.104714
2048,12186,195,0,1280000,0.25,0.125653
2048,12186,196,0,1280000,0.25,0.093853
2048,12186,197,0,1280000,0.25,0.16144
2048,12186,198,0,1280000,0.25,0.058166
2048,12186,199,0,1280000,0.25,0.069166
2048,12186,200,0,1280000,0.25,0.195201
2048,12186,201,0,1280000,0.25,0.14651
2048,12186,202,0,1280000,0.25,0.177534
2048,12186,203,0,1280000,0.25,0.132135
2048,12186,204,0,1280000,0.25,0.098844
2048,12186,205,0,1280000,0.25,0.104269
2048,12186,206,0,1280000,0.25,0.140388
2048,12186,207,0,1280000,0.25,0.056937
2048,12186,208,0,1280000,0.25,0.127094
2048,12186,209,0,1280000,0.25,0.131518
2048,12186,210,0,1280000,0.25,0.105564
2048,12186,211,0,1280000,0.25,0.084549
2048,12186,212,0,1280000,0.25,0.141402
2048,12186,213,0,1280000,0.25,0.116023
2048,12186,214,0,1280000,0.25,0.108718
2048,12186,215,0,1280000,0.25,0.111158
2048,12186,216,0,1280000,0.25,0.089079
2048,12186,217,0,1280000,0.25,0.083315
2048,12186,218,0,1280000,0.25,0.107677
2048,12186,219,0,1280000,0.25,0.175703
2048,12186,220,0,1280000,0.25,0.104472
2048,12186,221,0,1280000,0.25,0.134661
2048,12186,222,0,1280000,0.25,0.184571
2048,12186,223,0,1280000,0.25,0.09613
2048,12186,224,0,1280000,0.25,0.148861
2048,12186,225,0,1280000,0.25,0.056321
2048,12186,226,0,1280000,0.25,0.057696
2048,12186,227,0,1280000,0.25,0.206882
2048,12186,228,0,1280000,0.25,0.111161
2048,12186,229,0,1280000,0.25,0.121616
2048,12186,230,0,1280000,0.25,0.147394
2048,12186,231,0,1280000,0.25,0.09204
2048,12186,232,0,1280000,0.25,0.144533
2048,12186,233,0,1280000,0.25,0.080435
2048,12186,234,0,1280000,0.25,0.111317
2048,12186,235,0,1280000,0.25,0.153217
2048,12186,236,0,1280000,0.25,0.113668
2048,12186,237,0,1280000,0.25,0.10255
2048,12186,238,0,1280000,0.25,0.113314
2048,12186,239,0,1280000,0.25,0.129099
2048,12186,240,0,1280000,0.25,0.180651
2048,12186,241,0,1280000,0.25,0.115318
2048,12186,242,0,1280000,0.25,0.167574
2048,12186,243,0,1280000,0.25,0.116058
2048,12186,244,0,1280000,0.25,0.144197
2048,12186,245,0,1280000,0.25,0.099889
2048,12186,246,0,1280000,0.25,0.111873
2048,12186,247,0,1280000,0.25,0.080797
2048,12186,248,0,1280000,0.25,0.106882
2048,12186,249,0,1280000,0.25,0.164202
2048,12186,250,0,1280000,0.25,0.156421
2048,12186,251,0,1280000,0.25,0.17311
2048,12186,252,0,1280000,0.25,0.089588
2048,12186,253,0,1280000,0.25,0.096347
2048,12186,254,0,1280000,0.25,0.157886
2048,12186,255,0,1280000,0.25,0.098133
2048,12186,256,0,1280000,0.25,0.111345
2048,12186,257,0,1280000,0.25,0.127323
2048,12186,258,0,1280000,0.25,0.097045
2048,12186,259,0,1280000,0.25,0.176479
2048,12186,260,0,1280000,0.25,0.069663
2048,12186,261,0,1280000,0.25,0.089407
2048,12186,262,0,1280000,0.25,0.072359
2048,12186,263,0,1280000,0.25,0.157284
2048,12186,264,0,1280000,0.25,0.086949
2048,12186,265,0,1280000,0.25,0.070691
2048,12186,266,0,1280000,0.25,0.167102
2048,12186,267,0,1280000,0.25,0.096367
2048,12186,268,0,1280000,0.25,0.137754
2048,12186,269,0,1280000,0.25,0.185253
2048,12186,270,0,1280000,0.25,0.152441
2048,12186,271,0,1280000,0.25,0.113651
2048,12186,272,0,1280000,0.25,0.21019
2048,12186,273,0,1280000,0.25,0.196217
2048,12186,274,0,1280000,0.25,0.139354
2048,12186,275,0,1280000,0.25,0.116236
2048,12186,276,0,1280000,0.25,0.107883
2048,12186,277,0,1280000,0.25,0.193756
2048,12186,278,0,1280000,0.25,0.098783
2048,12186,279,0,1280000,0.25,0.160181
2048,12186,280,0,1280000,0.25,0.095216
2048,12186,281,0,1280000,0.25,0.11292
2048,12186,282,0,1280000,0.25,0.101652
2048,12186,283,0,1280000,0.25,0.096578
2048,12186,284,0,1280000,0.25,0.089646
2048,12186,285,0,1280000,0.25,0.154873
2048,12186,286,0,1280000,0.25,0.100054
2048,12186,287,0,1280000,0.25,0.094169
2048,12186,288,0,1280000,0.25,0.084229
2048,12186,289,0,1280000,0.25,0.131913
2048,12186,290,0,1280000,0.25,0.18465
2048,12186,291,0,1280000,0.25,0.068297
2048,12186,292,0,1280000,0.25,0.096679
2048,12186,293,0,1280000,0.25,0.061625
2048,12186,294,0,1280000,0.25,0.097033
2048,12186,295,0,1280000,0.25,0.16148
2048,12186,296,0,1280000,0.25,0.118876
2048,12186,297,0,1280000,0.25,0.131492
2048,12186,298,0,1280000,0.25,0.09193
2048,12186,299,0,1280000,0.25,0.050662
2048,12186,300,0,1280000,0.25,0.166303
2048,12186,301,0,1280000,0.25,0.186529
2048,12186,302,0,1280000,0.25,0.075744
2048,12186,303,0,1280000,0.25,0.164008
2048,12186,304,0,1280000,0.25,0.102625
2048,12186,305,0,1280000,0.25,0.179083
2048,12186,306,0,1280000,0.25,0.192908
2048,12186,307,0,1280000,0.25,0.134213
2048,12186,308,0,1280000,0.25,0.131654
2048,12186,309,0,1280000,0.25,0.057326
2048,12186,310,0,1280000,0.25,0.1531
2048,12186,311,0,1280000,0.25,0.190952
2048,12186,312,0,1280000,0.25,0.111982
2048,12186,313,0,1280000,0.25,0.098024
2048,12186,314,0,1280000,0.25,0.135669
2048,12186,315,0,1280000,0.25,0.073785
2048,12186,316,0,1280000,0.25,0.100161
2048,12186,317,0,1280000,0.25,0.09149
2048,12186,318,0,1280000,0.25,0.101155
2048,12186,319,0,1280000,0.25,0.142016
2048,12186,320,0,1280000,0.25,0.087532
2048,12186,321,0,1280000,0.25,0.06727
2048,12186,322,0,1280000,0.25,0.104537
2048,12186,323,0,1280000,0.25,0.093157
2048,12186,324,0,1280000,0.25,0.106134
2048,12186,325,0,1280000,0.25,0.097549
2048,12186,326,0,1280000,0.25,0.08078
2048,12186,327,0,1280000,0.25,0.117971
2048,12186,328,0,1280000,0.25,0.165357
2048,12186,329,0,1280000,0.25,0.136136
2048,12186,330,0,1280000,0.25,0.109714
2048,12186,331,0,1280000,0.25,0.074525
2048,12186,332,0,1280000,0.25,0.147697
2048,12186,333,0,1280000,0.25,0.068169
2048,12186,334,0,1280000,0.25,0.060589
2048,12186,335,0,1280000,0.25,0.097076
2048,12186,336,0,1280000,0.25,0.252571
2048,12186,337,0,1280000,0.25,0.128924
2048,12186,338,0,1280000,0.25,0.171013
2048,12186,339,0,1280000,0.25,0.106256
2048,12186,340,0,1280000,0.25,0.097782
2048,12186,341,0,1280000,0.25,0.07758
2048,12186,342,0,1280000,0.25,0.19104
2048,12186,343,0,1280000,0.25,0.110238
2048,12186,344,0,1280000,0.25,0.136874
2048,12186,345,0,1280000,0.25,0.07207
2048,12186,346,0,1280000,0.25,0.096569
2048,12186,347,0,1280000,0.25,0.100966
2048,12186,348,0,1280000,0.25,0.092057
2048,12186,349,0,1280000,0.25,0.137787
2048,12186,350,0,1280000,0.25,0.096153
2048,12186,351,0,1280000,0.25,0.063549
2048,12186,352,0,1280000,0.25,0.203452
2048,12186,353,0,1280000,0.25,0.115991
2048,12186,354,0,1280000,0.25,0.110804
2048,12186,355,0,1280000,0.25,0.099145
2048,12186,356,0,1280000,0.25,0.135933
2048,12186,357,0,1280000,0.25,0.139278
2048,12186,358,0,1280000,0.25,0.115212
2048,12186,359,0,1280000,0.25,0.106492
2048,12186,360,0,1280000,0.25,0.098344
2048,12186,361,0,1280000,0.25,0.100393
2048,12186,362,0,1280000,0.25,0.125287
2048,12186,363,0,1280000,0.25,0.117397
2048,12186,364,0,1280000,0.25,0.101813
2048,12186,365,0,1280000,0.25,0.105136
2048,12186,366,0,1280000,0.25,0.081911
2048,12186,367,0,1280000,0.25,0.124183
2048,12186,368,0,1280000,0.25,0.152913
2048,12186,369,0,1280000,0.25,0.069707
2048,12186,370,0,1280000,0.25,0.087749
2048,12186,371,0,1280000,0.25,0.156583
2048,12186,372,0,1280000,0.25,0.04659
2048,12186,373,0,1280000,0.25,0.103016
2048,12186,374,0,1280000,0.25,0.13614
2048,12186,375,0,1280000,0.25,0.13233
2048,12186,376,0,1280000,0.25,0.154269
2048,12186,377,0,1280000,0.25,0.061569
2048,12186,378,0,1280000,0.25,0.081484
2048,12186,379,0,1280000,0.25,0.102059
2048,12186,380,0,1280000,0.25,0.092998
2048,12186,381,0,1280000,0.25,0.074945
2048,12186,382,0,1280000,0.25,0.0632
2048,12186,383,0,1280000,0.25,0.104451
2048,12186,384,0,1280000,0.25,0.191089
2048,12186,385,0,1280000,0.25,0.130854
2048,12186,386,0,1280000,0.25,0.157119
2048,12186,387,0,1280000,0.25,0.06324
2048,12186,388,0,1280000,0.25,0.10464
2048,12186,389,0,1280000,0.25,0.112536
2048,12186,390,0,1280000,0.25,0.125667
2048,12186,391,0,1280000,0.25,0.095401
2048,12186,392,0,1280000,0.25,0.148609
2048,12186,393,0,1280000,0.25,0.080208
2048,12186,394,0,1280000,0.25,0.089878
2048,12186,395,0,1280000,0.25,0.080737
2048,12186,396,0,1280000,0.25,0.122585
2048,12186,397,0,1280000,0.25,0.113116
2048,12186,398,0,1280000,0.25,0.099068
2048,12186,399,0,1280000,0.25,0.259372
2048,12186,400,0,1280000,0.25,0.191873
2048,12595,1,0,1280000,0.25,0.46063
2048,12595,2,0,1280000,0.25,0.353829
2048,12595,3,0,1280000,0.25,1.18305
2048,12595,4,0,1280000,0.25,0.298224
2048,12595,5,0,1280000,0.25,1.11286
2048,12595,6,0,1280000,0.25,0.467846
2048,12595,7,0,1280000,0.25,0.486728
2048,12595,8,0,1280000,0.25,0.293955
2048,12595,9,0,1280000,0.25,0.341867
2048,12595,10,0,1280000,0.25,0.59816
2048,12595,11,0,1280000,0.25,0.306705
2048,12595,12,0,1280000,0.25,0.188574
2048,12595,13,0,1280000,0.25,0.416992
2048,12595,14,0,1280000,0.25,0.153109
2048,12595,15,0,1280000,0.25,0.579142
2048,12595,16,0,1280000,0.25,0.909025
2048,12595,17,0,1280000,0.25,0.5109
2048,12595,18,0,1280000,0.25,0.283174
2048,12595,19,0,1280000,0.25,0.442499
2048,12595,20,0,1280000,0.25,0.114387
2048,12595,21,0,1280000,0.25,0.375988
2048,12595,22,0,1280000,0.25,0.23303
2048,12595,23,0,1280000,0.25,0.327627
2048,12595,24,0,1280000,0.25,0.640323
2048,12595,25,0,1280000,0.25,0.527257
2048,12595,26,0,1280000,0.25,0.565202
2048,12595,27,0,1280000,0.25,0.241612
2048,12595,28,0,1280000,0.25,0.35391
2048,12595,29,0,1280000,0.25,0.294132
2048,12595,30,0,1280000,0.25,0.217924
2048,12595,31,0,1280000,0.25,0.243165
2048,12595,32,0,1280000,0.25,0.350664
2048,12595,33,0,1280000,0.25,0.223704
2048,12595,34,0,1280000,0.25,0.456267
2048,12595,35,0,1280000,0.25,0.740264
2048,12595,36,0,1280000,0.25,0.412386
2048,12595,37,0,1280000,0.25,0.547505
2048,12595,38,0,1280000,0.25,0.834518
2048,12595,39,0,1280000,0.25,0.366133
2048,12595,40,0,1280000,0.25,0.216272
2048,12595,41,0,1280000,0.25,0.25898
2048,12595,42,0,1280000,0.25,0.230425
2048,12595,43,0,1280000,0.25,0.432703
2048,12595,44,0,1280000,0.25,0.487816
2048,12595,45,0,1280000,0.25,0.67864
2048,12595,46,0,1280000,0.25,0.453475
2048,12595,47,0,1280000,0.25,0.168372
2048,12595,48,0,1280000,0.25,0.251856
2048,12595,49,0,1280000,0.25,0.243162
2048,12595,50,0,1280000,0.25,0.501375
2048,12595,51,0,1280000,0.25,0.428387
2048,12595,52,0,1280000,0.25,0.497486
2048,12595,53,0,1280000,0.25,0.106101
2048,12595,54,0,1280000,0.25,0.185037
2048,12595,55,0,1280000,0.25,0.194708
2048,12595,56,0,1280000,0.25,0.361527
2048,12595,57,0,1280000,0.25,0.290735
2048,12595,58,0,1280000,0.25,0.177486
2048,12595,59,0,1280000,0.25,0.337856
2048,12595,60,0,1280000,0.25,0.31015
2048,12595,61,0,1280000,0.25,0.2624
2048,12595,62,0,1280000,0.25,0.322936
2048,12595,63,0,1280000,0.25,0.235839
2048,12595,64,0,1280000,0.25,0.14302
2048,12595,65,0,1280000,0.25,0.59558
2048,12595,66,0,1280000,0.25,0.170493
2048,12595,67,0,1280000,0.25,0.182394
2048,12595,68,0,1280000,0.25,0.193163
2048,12595,69,0,1280000,0.25,0.206886
2048,12595,70,0,1280000,0.25,0.195852
2048,12595,71,0,1280000,0.25,0.45432
2048,12595,72,0,1280000,0.25,0.212599
2048,12595,73,0,1280000,0.25,0.57851
2048,12595,74,0,1280000,0.25,0.404399
2048,12595,75,0,1280000,0.25,0.288505
2048,12595,76,0,1280000,0.25,0.36955
2048,12595,77,0,1280000,0.25,0.236186
2048,12595,78,0,1280000,0.25,0.302776
2048,12595,79,0,1280000,0.25,0.75795
2048,12595,80,0,1280000,0.25,0.225167
2048,12595,81,0,1280000,0.25,0.454452
2048,12595,82,0,1280000,0.25,0.190253
2048,12595,83,0,1280000,0.25,0.443195
2048,12595,84,0,1280000,0.25,0.438946
2048,12595,85,0,1280000,0.25,0.521003
2048,12595,86,0,1280000,0.25,0.934814
2048,12595,87,0,1280000,0.25,0.144125
2048,12595,88,0,1280000,0.25,0.333429
2048,12595,89,0,1280000,0.25,0.380685
2048,12595,90,0,1280000,0.25,0.622709
2048,12595,91,0,1280000,0.25,0.277635
2048,12595,92,0,1280000,0.25,0.433755
2048,12595,93,0,1280000,0.25,0.425555
2048,12595,94,0,1280000,0.25,0.370744
2048,12595,95,0,1280000,0.25,0.288584
2048,12595,96,0,1280000,0.25,0.202834
2048,12595,97,0,1280000,0.25,0.392644
2048,12595,98,0,1280000,0.25,0.387519
2048,12595,99,0,1280000,0.25,0.420012
2048,12595,100,0,1280000,0.25,0.445104
2048,12595,101,0,1280000,0.25,0.334337
2048,12595,102,0,1280000,0.25,0.183214
2048,12595,103,0,1280000,0.25,0.319544
2048,12595,104,0,1280000,0.25,0.284002
2048,12595,105,0,1280000,0.25,0.504571
2048,12595,106,0,1280000,0.25,0.342089
2048,12595,107,0,1280000,0.25,0.139212
2048,12595,108,0,1280000,0.25,0.347742
2048,12595,109,0,1280000,0.25,0.344865
2048,12595,110,0,1280000,0.25,0.620227
2048,12595,111,0,1280000,0.25,0.508067
2048,12595,112,0,1280000,0.25,0.146155
2048,12595,113,0,1280000,0.25,0.255778
2048,12595,114,0,1280000,0.25,0.22946
2048,12595,115,0,1280000,0.25,0.239297
2048,12595,116,0,1280000,0.25,0.422089
2048,12595,117,0,1280000,0.25,0.318039
2048,12595,118,0,1280000,0.25,0.459786
2048,12595,119,0,1280000,0.25,0.278615
2048,12595,120,0,1280000,0.25,0.18027
2048,12595,121,0,1280000,0.25,0.25109
2048,12595,122,0,1280000,0.25,0.227949
2048,12595,123,0,1280000,0.25,0.188607
2048,12595,124,0,1280000,0.25,0.486644
2048,12595,125,0,1280000,0.25,0.360508
2048,12595,126,0,1280000,0.25,0.356668
2048,12595,127,0,1280000,0.25,0.185114
2048,12595,128,0,1280000,0.25,0.816456
2048,12595,129,0,1280000,0.25,0.541224
2048,12595,130,0,1280000,0.25,0.658136
2048,12595,131,0,1280000,0.25,0.407802
2048,12595,132,0,1280000,0.25,0.488948
2048,12595,133,0,1280000,0.25,0.334227
2048,12595,134,0,1280000,0.25,0.535522
2048,12595,135,0,1280000,0.25,0.315589
2048,12595,136,0,1280000,0.25,0.357633
2048,12595,137,0,1280000,0.25,0.415364
2048,12595,138,0,1280000,0.25,0.183758
2048,12595,139,0,1280000,0.25,0.388372
2048,12595,140,0,1280000,0.25,0.723626
2048,12595,141,0,1280000,0.25,0.118624
2048,12595,142,0,1280000,0.25,0.372697
2048,12595,143,0,1280000,0.25,0.303122
2048,12595,144,0,1280000,0.25,0.579914
2048,12595,145,0,1280000,0.25,0.240443
2048,12595,146,0,1280000,0.25,0.269371
2048,12595,147,0,1280000,0.25,0.32216
2048,12595,148,0,1280000,0.25,0.212546
2048,12595,149,0,1280000,0.25,0.433925
2048,12595,150,0,1280000,0.25,0.596872
2048,12595,151,0,1280000,0.25,0.287937
2048,12595,152,0,1280000,0.25,0.408508
2048,12595,153,0,1280000,0.25,0.365688
2048,12595,154,0,1280000,0.25,0.17098
2048,12595,155,0,1280000,0.25,0.34154
2048,12595,156,0,1280000,0.25,0.487078
2048,12595,157,0,1280000,0.25,0.618845
2048,12595,158,0,1280000,0.25,0.36415
2048,12595,159,0,1280000,0.25,0.278452
2048,12595,160,0,1280000,0.25,0.438314
2048,12595,161,0,1280000,0.25,0.401693
2048,12595,162,0,1280000,0.25,0.226639
2048,12595,163,0,1280000,0.25,0.288244
2048,12595,164,0,1280000,0.25,0.709482
2048,12595,165,0,1280000,0.25,0.387212
2048,12595,166,0,1280000,0.25,1.29882
2048,12595,167,0,1280000,0.25,0.247611
2048,12595,168,0,1280000,0.25,0.79424
2048,12595,169,0,1280000,0.25,0.277833
2048,12595,170,0,1280000,0.25,0.359379
2048,12595,171,0,1280000,0.25,0.147061
2048,12595,172,0,1280000,0.25,0.364578
2048,12595,173,0,1280000,0.25,0.250648
2048,12595,174,0,1280000,0.25,0.230068
2048,12595,175,0,1280000,0.25,0.086858
2048,12595,176,0,1280000,0.25,0.546865
2048,12595,177,0,1280000,0.25,0.663389
2048,12595,178,0,1280000,0.25,0.249525
2048,12595,179,0,1280000,0.25,0.481226
2048,12595,180,0,1280000,0.25,0.436425
2048,12595,181,0,1280000,0.25,0.170184
2048,12595,182,0,1280000,0.25,0.527568
2048,12595,183,0,1280000,0.25,0.081114
2048,12595,184,0,1280000,0.25,0.339892
2048,12595,185,0,1280000,0.25,0.387048
2048,12595,186,0,1280000,0.25,0.293481
2048,12595,187,0,1280000,0.25,0.179127
2048,12595,188,0,1280000,0.25,0.444612
2048,12595,189,0,1280000,0.25,0.365188
2048,12595,190,0,1280000,0.25,0.251459
2048,12595,191,0,1280000,0.25,0.962262
2048,12595,192,0,1280000,0.25,0.2176
2048,12595,193,0,1280000,0.25,0.470486
2048,12595,194,0,1280000,0.25,0.357256
2048,12595,195,0,1280000,0.25,0.226217
2048,12595,196,0,1280000,0.25,0.265332
2048,12595,197,0,1280000,0.25,0.827798
2048,12595,198,0,1280000,0.25,0.759351
2048,12595,199,0,1280000,0.25,0.315042
2048,12595,200,0,1280000,0.25,0.258089
2048,12595,201,0,1280000,0.25,0.278106
2048,12595,202,0,1280000,0.25,0.170109
2048,12595,203,0,1280000,0.25,0.240021
2048,12595,204,0,1280000,0.25,0.285556
2048,12595,205,0,1280000,0.25,0.300474
2048,12595,206,0,1280000,0.25,0.354379
2048,12595,207,0,1280000,0.25,0.235308
2048,12595,208,0,1280000,0.25,0.531674
2048,12595,209,0,1280000,0.25,0.525941
2048,12595,210,0,1280000,0.25,0.756784
2048,12595,211,0,1280000,0.25,0.2262
2048,12595,212,0,1280000,0.25,0.375825
2048,12595,213,0,1280000,0.25,0.37415
2048,12595,214,0,1280000,0.25,0.478882
2048,12595,215,0,1280000,0.25,0.215875
2048,12595,216,0,1280000,0.25,0.793909
2048,12595,217,0,1280000,0.25,0.319703
2048,12595,218,0,1280000,0.25,0.273404
2048,12595,219,0,1280000,0.25,0.309949
2048,12595,220,0,1280000,0.25,0.234953
2048,12595,221,0,1280000,0.25,0.255192
2048,12595,222,0,1280000,0.25,0.240737
2048,12595,223,0,1280000,0.25,0.343257
2048,12595,224,0,1280000,0.25,0.354671
2048,12595,225,0,1280000,0.25,0.410686
2048,12595,226,0,1280000,0.25,0.376089
2048,12595,227,0,1280000,0.25,0.248139
2048,12595,228,0,1280000,0.25,0.214779
2048,12595,229,0,1280000,0.25,0.225382
2048,12595,230,0,1280000,0.25,0.240118
2048,12595,231,0,1280000,0.25,0.849329
2048,12595,232,0,1280000,0.25,0.148383
2048,12595,233,0,1280000,0.25,0.283558
2048,12595,234,0,1280000,0.25,0.319106
2048,12595,235,0,1280000,0.25,0.33882
2048,12595,236,0,1280000,0.25,0.291549
2048,12595,237,0,1280000,0.25,0.284765
2048,12595,238,0,1280000,0.25,0.463819
2048,12595,239,0,1280000,0.25,0.301884
2048,12595,240,0,1280000,0.25,0.17159
2048,12595,241,0,1280000,0.25,0.358895
2048,12595,242,0,1280000,0.25,0.239942
2048,12595,243,0,1280000,0.25,0.334665
2048,12595,244,0,1280000,0.25,0.171153
2048,12595,245,0,1280000,0.25,0.299139
2048,12595,246,0,1280000,0.25,0.366409
2048,12595,247,0,1280000,0.25,0.255856
2048,12595,248,0,1280000,0.25,0.378314
2048,12595,249,0,1280000,0.25,0.192054
2048,12595,250,0,1280000,0.25,0.455593
2048,12595,251,0,1280000,0.25,0.881022
2048,12595,252,0,1280000,0.25,0.139134
2048,12595,253,0,1280000,0.25,0.323209
2048,12595,254,0,1280000,0.25,0.458974
2048,12595,255,0,1280000,0.25,0.38503
2048,12595,256,0,1280000,0.25,0.233007
2048,12595,257,0,1280000,0.25,0.588417
2048,12595,258,0,1280000,0.25,0.396443
2048,12595,259,0,1280000,0.25,0.465998
2048,12595,260,0,1280000,0.25,0.457565
2048,12595,261,0,1280000,0.25,0.272225
2048,12595,262,0,1280000,0.25,0.232403
2048,12595,263,0,1280000,0.25,0.28124
2048,12595,264,0,1280000,0.25,0.478839
2048,12595,265,0,1280000,0.25,0.276681
2048,12595,266,0,1280000,0.25,0.249875
2048,12595,267,0,1280000,0.25,0.335813
2048,12595,268,0,1280000,0.25,0.273256
2048,12595,269,0,1280000,0.25,0.591973
2048,12595,270,0,1280000,0.25,0.349237
2048,12595,271,0,1280000,0.25,0.165336
2048,12595,272,0,1280000,0.25,0.180433
2048,12595,273,0,1280000,0.25,0.431506
2048,12595,274,0,1280000,0.25,0.28553
2048,12595,275,0,1280000,0.25,0.17395
2048,12595,276,0,1280000,0.25,0.766997
2048,12595,277,0,1280000,0.25,0.23641
2048,12595,278,0,1280000,0.25,0.423109
2048,12595,279,0,1280000,0.25,0.258904
2048,12595,280,0,1280000,0.25,0.287995
2048,12595,281,0,1280000,0.25,0.9381
2048,12595,282,0,1280000,0.25,0.178502
2048,12595,283,0,1280000,0.25,0.557672
2048,12595,284,0,1280000,0.25,0.406787
2048,12595,285,0,1280000,0.25,0.525411
2048,12595,286,0,1280000,0.25,0.445843
2048,12595,287,0,1280000,0.25,0.406337
2048,12595,288,0,1280000,0.25,0.203637
2048,12595,289,0,1280000,0.25,0.765137
2048,12595,290,0,1280000,0.25,0.638663
2048,12595,291,0,1280000,0.25,0.251614
2048,12595,292,0,1280000,0.25,0.23531
2048,12595,293,0,1280000,0.25,0.474226
2048,12595,294,0,1280000,0.25,0.438841
2048,12595,295,0,1280000,0.25,0.24863
2048,12595,296,0,1280000,0.25,0.208711
2048,12595,297,0,1280000,0.25,0.611184
2048,12595,298,0,1280000,0.25,0.364153
2048,12595,299,0,1280000,0.25,0.329122
2048,12595,300,0,1280000,0.25,0.152195
2048,12595,301,0,1280000,0.25,0.193433
2048,12595,302,0,1280000,0.25,0.638762
2048,12595,303,0,1280000,0.25,0.37193
2048,12595,304,0,1280000,0.25,0.375653
2048,12595,305,0,1280000,0.25,0.187429
2048,12595,306,0,1280000,0.25,0.378352
2048,12595,307,0,1280000,0.25,0.227613
2048,12595,308,0,1280000,0.25,0.489586
2048,12595,309,0,1280000,0.25,0.210676
2048,12595,310,0,1280000,0.25,0.324096
2048,12595,311,0,1280000,0.25,0.728257
2048,12595,312,0,1280000,0.25,0.397373
2048,12595,313,0,1280000,0.25,0.265182
2048,12595,314,0,1280000,0.25,0.208798
2048,12595,315,0,1280000,0.25,0.30312
2048,12595,316,0,1280000,0.25,0.433907
2048,12595,317,0,1280000,0.25,0.771383
2048,12595,318,0,1280000,0.25,0.474634
2048,12595,319,0,1280000,0.25,0.886069
2048,12595,320,0,1280000,0.25,0.216322
2048,12595,321,0,1280000,0.25,0.264432
2048,12595,322,0,1280000,0.25,0.467765
2048,12595,323,0,1280000,0.25,0.20406
2048,12595,324,0,1280000,0.25,0.503422
2048,12595,325,0,1280000,0.25,0.440886
2048,12595,326,0,1280000,0.25,0.258278
2048,12595,327,0,1280000,0.25,0.318466
2048,12595,328,0,1280000,0.25,0.216642
2048,12595,329,0,1280000,0.25,0.521535
2048,12595,330,0,1280000,0.25,0.305728
2048,12595,331,0,1280000,0.25,0.57142
2048,12595,332,0,1280000,0.25,0.34146
2048,12595,333,0,1280000,0.25,0.287261
2048,12595,334,0,1280000,0.25,0.693459
2048,12595,335,0,1280000,0.25,0.250689
2048,12595,336,0,1280000,0.25,0.465977
2048,12595,337,0,1280000,0.25,0.409677
2048,12595,338,0,1280000,0.25,0.529693
2048,12595,339,0,1280000,0.25,1.30127
2048,12595,340,0,1280000,0.25,0.287355
2048,12595,341,0,1280000,0.25,0.250264
2048,12595,342,0,1280000,0.25,0.451971
2048,12595,343,0,1280000,0.25,0.321013
2048,12595,344,0,1280000,0.25,0.321223
2048,12595,345,0,1280000,0.25,0.385809
2048,12595,346,0,1280000,0.25,0.340953
2048,12595,347,0,1280000,0.25,0.161922
2048,12595,348,0,1280000,0.25,0.305855
2048,12595,349,0,1280000,0.25,0.327995
2048,12595,350,0,1280000,0.25,0.54856
2048,12595,351,0,1280000,0.25,0.718351
2048,12595,352,0,1280000,0.25,0.377068
2048,12595,353,0,1280000,0.25,0.343171
2048,12595,354,0,1280000,0.25,0.44466
2048,12595,355,0,1280000,0.25,0.502568
2048,12595,356,0,1280000,0.25,0.145962
2048,12595,357,0,1280000,0.25,0.202902
2048,12595,358,0,1280000,0.25,0.326724
2048,12595,359,0,1280000,0.25,0.187914
2048,12595,360,0,1280000,0.25,0.405418
2048,12595,361,0,1280000,0.25,0.111254
2048,12595,362,0,1280000,0.25,0.273587
2048,12595,363,0,1280000,0.25,0.471649
2048,12595,364,0,1280000,0.25,0.439748
2048,12595,365,0,1280000,0.25,0.215256
2048,12595,366,0,1280000,0.25,0.452974
2048,12595,367,0,1280000,0.25,0.406258
2048,12595,368,0,1280000,0.25,0.505652
2048,12595,369,0,1280000,0.25,0.339446
2048,12595,370,0,1280000,0.25,0.186821
2048,12595,371,0,1280000,0.25,0.784966
2048,12595,372,0,1280000,0.25,0.377075
2048,12595,373,0,1280000,0.25,0.413286
2048,12595,374,0,1280000,0.25,0.190225
2048,12595,375,0,1280000,0.25,0.279049
2048,12595,376,0,1280000,0.25,0.227358
2048,12595,377,0,1280000,0.25,0.735236
2048,12595,378,0,1280000,0.25,0.840845
2048,12595,379,0,1280000,0.25,0.460817
2048,12595,380,0,1280000,0.25,0.510145
2048,12595,381,0,1280000,0.25,0.260113
2048,12595,382,0,1280000,0.25,0.254259
2048,12595,383,0,1280000,0.25,0.379236
2048,12595,384,0,1280000,0.25,0.283474
2048,12595,385,0,1280000,0.25,0.356802
2048,12595,386,0,1280000,0.25,0.281531
2048,12595,387,0,1280000,0.25,0.776649
2048,12595,388,0,1280000,0.25,0.226788
2048,12595,389,0,1280000,0.25,0.458021
2048,12595,390,0,1280000,0.25,0.296675
2048,12595,391,0,1280000,0.25,0.323761
2048,12595,392,0,1280000,0.25,0.863428
2048,12595,393,0,1280000,0.25,0.394412
2048,12595,394,0,1280000,0.25,0.302655
2048,12595,395,0,1280000,0.25,0.162304
2048,12595,396,0,1280000,0.25,0.386546
2048,12595,397,0,1280000,0.25,0.333021
2048,12595,398,0,1280000,0.25,0.448153
2048,12595,399,0,1280000,0.25,0.448392
2048,12595,400,0,1280000,0.25,0.402139
2048,13005,1,0,1280000,0.25,2.36778
2048,13005,2,0,1280000,0.25,0.834205
2048,13005,3,0,1280000,0.25,1.13958
2048,13005,4,0,1280000,0.25,0.817848
2048,13005,5,0,1280000,0.25,0.729313
2048,13005,6,0,1280000,0.25,1.71464
2048,13005,7,0,1280000,0.25,0.862811
2048,13005,8,0,1280000,0.25,0.875579
2048,13005,9,0,1280000,0.25,0.907076
2048,13005,10,0,1280000,0.25,1.01308
2048,13005,11,0,1280000,0.25,0.841067
2048,13005,12,0,1280000,0.25,3.04468
2048,13005,13,0,1280000,0.25,0.645811
2048,13005,14,0,1280000,0.25,1.95852
2048,13005,15,0,1280000,0.25,2.78875
2048,13005,16,0,1280000,0.25,2.08793
2048,13005,17,0,1280000,0.25,1.70634
2048,13005,18,0,1280000,0.25,0.431871
2048,13005,19,0,1280000,0.25,1.00974
2048,13005,20,0,1280000,0.25,1.86041
2048,13005,21,0,1280000,0.25,0.506486
2048,13005,22,0,1280000,0.25,3.42574
2048,13005,23,0,1280000,0.25,1.49866
2048,13005,24,0,1280000,0.25,4.09498
2048,13005,25,0,1280000,0.25,2.17044
2048,13005,26,0,1280000,0.25,2.69568
2048,13005,27,0,1280000,0.25,0.839776
2048,13005,28,0,1280000,0.25,0.690792
2048,13005,29,0,1280000,0.25,1.0384
2048,13005,30,0,1280000,0.25,2.0009
2048,13005,31,0,1280000,0.25,0.796723
2048,13005,32,0,1280000,0.25,2.78257
2048,13005,33,0,1280000,0.25,2.60142
2048,13005,34,0,1280000,0.25,3.68051
2048,13005,35,0,1280000,0.25,3.85336
2048,13005,36,0,1280000,0.25,1.67389
2048,13005,37,0,1280000,0.25,1.56418
2048,13005,38,0,1280000,0.25,1.00458
2048,13005,39,0,1280000,0.25,2.43849
2048,13005,40,0,1280000,0.25,0.426916
2048,13005,41,0,1280000,0.25,4.37212
2048,13005,42,0,1280000,0.25,0.958948
2048,13005,43,0,1280000,0.25,1.76644
2048,13005,44,0,1280000,0.25,1.42654
2048,13005,45,0,1280000,0.25,0.599522
2048,13005,46,0,1280000,0.25,2.05371
2048,13005,47,0,1280000,0.25,1.00646
2048,13005,48,0,1280000,0.25,0.921115
2048,13005,49,0,1280000,0.25,1.70602
2048,13005,50,0,1280000,0.25,0.92585
2048,13005,51,0,1280000,0.25,3.16313
2048,13005,52,0,1280000,0.25,1.8094
2048,13005,53,0,1280000,0.25,5.21518
2048,13005,54,0,1280000,0.25,1.19321
2048,13005,55,0,1280000,0.25,2.07005
2048,13005,56,0,1280000,0.25,0.657666
2048,13005,57,0,1280000,0.25,0.852692
2048,13005,58,0,1280000,0.25,0.905862
2048,13005,59,0,1280000,0.25,1.79947
2048,13005,60,0,1280000,0.25,1.61647
2048,13005,61,0,1280000,0.25,2.04073
2048,13005,62,0,1280000,0.25,1.10448
2048,13005,63,0,1280000,0.25,3.74835
2048,13005,64,0,1280000,0.25,1.20433
2048,13005,65,0,1280000,0.25,1.2844
2048,13005,66,0,1280000,0.25,0.579276
2048,13005,67,0,1280000,0.25,3.39593
2048,13005,68,0,1280000,0.25,1.66713
2048,13005,69,0,1280000,0.25,1.6299
2048,13005,70,0,1280000,0.25,0.771805
2048,13005,71,0,1280000,0.25,1.05609
2048,13005,72,0,1280000,0.25,1.42585
2048,13005,73,0,1280000,0.25,1.82289
2048,13005,74,0,1280000,0.25,1.4455
2048,13005,75,0,1280000,0.25,0.799414
2048,13005,76,0,1280000,0.25,2.99184
2048,13005,77,0,1280000,0.25,1.33088
2048,13005,78,0,1280000,0.25,2.04177
2048,13005,79,0,1280000,0.25,2.37419
2048,13005,80,0,1280000,0.25,0.561992
2048,13005,81,0,1280000,0.25,1.63543
2048,13005,82,0,1280000,0.25,1.04952
2048,13005,83,0,1280000,0.25,0.653161
2048,13005,84,0,1280000,0.25,1.27491
2048,13005,85,0,1280000,0.25,1.22493
2048,13005,86,0,1280000,0.25,1.17617
2048,13005,87,0,1280000,0.25,1.43518
2048,13005,88,0,1280000,0.25,0.61838
2048,13005,89,0,1280000,0.25,1.07135
2048,13005,90,0,1280000,0.25,0.874224
2048,13005,91,0,1280000,0.25,1.67445
2048,13005,92,0,1280000,0.25,0.614311
2048,13005,93,0,1280000,0.25,1.76069
2048,13005,94,0,1280000,0.25,1.31935
2048,13005,95,0,1280000,0.25,2.12698
2048,13005,96,0,1280000,0.25,5.00103
2048,13005,97,0,1280000,0.25,0.836925
2048,13005,98,0,1280000,0.25,1.7514
2048,13005,99,0,1280000,0.25,1.19306
2048,13005,100,0,1280000,0.25,0.941276
2048,13005,101,0,1280000,0.25,1.16636
2048,13005,102,0,1280000,0.25,2.42184
2048,13005,103,0,1280000,0.25,0.934247
2048,13005,104,0,1280000,0.25,2.08919
2048,13005,105,0,1280000,0.25,0.418653
2048,13005,106,0,1280000,0.25,1.31572
2048,13005,107,0,1280000,0.25,1.18238
2048,13005,108,0,1280000,0.25,2.05543
2048,13005,109,0,1280000,0.25,1.44113
2048,13005,110,0,1280000,0.25,1.6741
2048,13005,111,0,1280000,0.25,3.00115
2048,13005,112,0,1280000,0.25,1.34101
2048,13005,113,0,1280000,0.25,3.05469
2048,13005,114,0,1280000,0.25,1.60458
2048,13005,115,0,1280000,0.25,3.22574
2048,13005,116,0,1280000,0.25,1.11965
2048,13005,117,0,1280000,0.25,0.70093
2048,13005,118,0,1280000,0.25,2.35858
2048,13005,119,0,1280000,0.25,1.05633
2048,13005,120,0,1280000,0.25,1.10433
2048,13005,121,0,1280000,0.25,2.42077
2048,13005,122,0,1280000,0.25,2.31277
2048,13005,123,0,1280000,0.25,2.02484
2048,13005,124,0,1280000,0.25,1.19916
2048,13005,125,0,1280000,0.25,0.796082
2048,13005,126,0,1280000,0.25,1.51057
2048,13005,127,0,1280000,0.25,0.399392
2048,13005,128,0,1280000,0.25,0.507071
2048,13005,129,0,1280000,0.25,1.45357
2048,13005,130,0,1280000,0.25,0.775087
2048,13005,131,0,1280000,0.25,4.8322
2048,13005,132,0,1280000,0.25,2.33554
2048,13005,133,0,1280000,0.25,0.791474
2048,13005,134,0,1280000,0.25,8.84389
2048,13005,135,0,1280000,0.25,0.889947
2048,13005,136,0,1280000,0.25,1.779
2048,13005,137,0,1280000,0.25,2.02329
2048,13005,138,0,1280000,0.25,1.67068
2048,13005,139,0,1280000,0.25,2.16748
2048,13005,140,0,1280000,0.25,1.19874
2048,13005,141,0,1280000,0.25,2.22973
2048,13005,142,0,1280000,0.25,1.24694
2048,13005,143,0,1280000,0.25,1.6005
2048,13005,144,0,1280000,0.25,1.80316
2048,13005,145,0,1280000,0.25,1.25808
2048,13005,146,0,1280000,0.25,1.30317
2048,13005,147,0,1280000,0.25,0.596726
2048,13005,148,0,1280000,0.25,1.8395
2048,13005,149,0,1280000,0.25,1.67059
2048,13005,150,0,1280000,0.25,1.86761
2048,13005,151,0,1280000,0.25,2.56505
2048,13005,152,0,1280000,0.25,0.674614
2048,13005,153,0,1280000,0.25,1.66336
2048,13005,154,0,1280000,0.25,1.9746
2048,13005,155,0,1280000,0.25,2.30512
2048,13005,156,0,1280000,0.25,1.9884
2048,13005,157,0,1280000,0.25,1.30106
2048,13005,158,0,1280000,0.25,1.52928
2048,13005,159,0,1280000,0.25,0.824334
2048,13005,160,0,1280000,0.25,1.39521
2048,13005,161,0,1280000,0.25,3.0681
2048,13005,162,0,1280000,0.25,0.96345
2048,13005,163,0,1280000,0.25,1.58004
2048,13005,164,0,1280000,0.25,1.72024
2048,13005,165,0,1280000,0.25,1.94042
2048,13005,166,0,1280000,0.25,5.41067
2048,13005,167,0,1280000,0.25,1.93723
2048,13005,168,0,1280000,0.25,1.11214
2048,13005,169,0,1280000,0.25,1.13748
2048,13005,170,0,1280000,0.25,1.54781
2048,13005,171,0,1280000,0.25,0.530803
2048,13005,172,0,1280000,0.25,5.15044
2048,13005,173,0,1280000,0.25,0.600432
2048,13005,174,0,1280000,0.25,1.46782
2048,13005,175,0,1280000,0.25,4.27497
2048,13005,176,0,1280000,0.25,1.36269
2048,13005,177,0,1280000,0.25,4.8098
2048,13005,178,0,1280000,0.25,3.73717
2048,13005,179,0,1280000,0.25,1.30789
2048,13005,180,0,1280000,0.25,1.29984
2048,13005,181,0,1280000,0.25,0.958373
2048,13005,182,0,1280000,0.25,4.45293
2048,13005,183,0,1280000,0.25,1.09946
2048,13005,184,0,1280000,0.25,1.06732
2048,13005,185,0,1280000,0.25,1.92805
2048,13005,186,0,1280000,0.25,0.9588
2048,13005,187,0,1280000,0.25,3.85301
2048,13005,188,0,1280000,0.25,0.575937
2048,13005,189,0,1280000,0.25,1.73958
2048,13005,190,0,1280000,0.25,1.19341
2048,13005,191,0,1280000,0.25,2.79887
2048,13005,192,0,1280000,0.25,4.31752
2048,13005,193,0,1280000,0.25,1.60641
2048,13005,194,0,1280000,0.25,2.48173
2048,13005,195,0,1280000,0.25,0.38613
2048,13005,196,0,1280000,0.25,0.715906
2048,13005,197,0,1280000,0.25,1.68283
2048,13005,198,0,1280000,0.25,0.469705
2048,13005,199,0,1280000,0.25,1.31265
2048,13005,200,0,1280000,0.25,3.91659
2048,13005,201,0,1280000,0.25,1.38363
2048,13005,202,0,1280000,0.25,0.811172
2048,13005,203,0,1280000,0.25,1.43044
2048,13005,204,0,1280000,0.25,2.05926
2048,13005,205,0,1280000,0.25,1.94475
2048,13005,206,0,1280000,0.25,1.45169
2048,13005,207,0,1280000,0.25,2.55989
2048,13005,208,0,1280000,0.25,3.61655
2048,13005,209,0,1280000,0.25,1.3011
2048,13005,210,0,1280000,0.25,2.09933
2048,13005,211,0,1280000,0.25,1.81569
2048,13005,212,0,1280000,0.25,0.393949
2048,13005,213,0,1280000,0.25,1.27791
2048,13005,214,0,1280000,0.25,1.16925
2048,13005,215,0,1280000,0.25,1.60034
2048,13005,216,0,1280000,0.25,1.13455
2048,13005,217,0,1280000,0.25,2.40206
2048,13005,218,0,1280000,0.25,0.584082
2048,13005,219,0,1280000,0.25,2.03437
2048,13005,220,0,1280000,0.25,2.37247
2048,13005,221,0,1280000,0.25,1.99673
2048,13005,222,0,1280000,0.25,0.599814
2048,13005,223,0,1280000,0.25,3.34495
2048,13005,224,0,1280000,0.25,1.87665
2048,13005,225,0,1280000,0.25,1.15729
2048,13005,226,0,1280000,0.25,0.889914
2048,13005,227,0,1280000,0.25,1.41291
2048,13005,228,0,1280000,0.25,4.76463
2048,13005,229,0,1280000,0.25,2.46783
2048,13005,230,0,1280000,0.25,0.773907
2048,13005,231,0,1280000,0.25,2.45231
2048,13005,232,0,1280000,0.25,1.35781
2048,13005,233,0,1280000,0.25,1.47906
2048,13005,234,0,1280000,0.25,1.57303
2048,13005,235,0,1280000,0.25,0.855294
2048,13005,236,0,1280000,0.25,1.07421
2048,13005,237,0,1280000,0.25,1.67293
2048,13005,238,0,1280000,0.25,1.83586
2048,13005,239,0,1280000,0.25,2.97671
2048,13005,240,0,1280000,0.25,1.51612
2048,13005,241,0,1280000,0.25,1.15025
2048,13005,242,0,1280000,0.25,1.94122
2048,13005,243,0,1280000,0.25,3.54024
2048,13005,244,0,1280000,0.25,3.30774
2048,13005,245,0,1280000,0.25,5.1855
2048,13005,246,0,1280000,0.25,2.84195
2048,13005,247,0,1280000,0.25,2.50784
2048,13005,248,0,1280000,0.25,5.31402
2048,13005,249,0,1280000,0.25,1.32984
2048,13005,250,0,1280000,0.25,2.59252
2048,13005,251,0,1280000,0.25,0.894967
2048,13005,252,0,1280000,0.25,1.66844
2048,13005,253,0,1280000,0.25,2.76445
2048,13005,254,0,1280000,0.25,1.55781
2048,13005,255,0,1280000,0.25,1.3859
2048,13005,256,0,1280000,0.25,3.06305
2048,13005,257,0,1280000,0.25,1.76999
2048,13005,258,0,1280000,0.25,1.0557
2048,13005,259,0,1280000,0.25,1.27192
2048,13005,260,0,1280000,0.25,1.65179
2048,13005,261,0,1280000,0.25,4.42908
2048,13005,262,0,1280000,0.25,2.87664
2048,13005,263,0,1280000,0.25,1.12993
2048,13005,264,0,1280000,0.25,1.94855
2048,13005,265,0,1280000,0.25,1.96723
2048,13005,266,0,1280000,0.25,2.68277
2048,13005,267,0,1280000,0.25,2.88924
2048,13005,268,0,1280000,0.25,2.03979
2048,13005,269,0,1280000,0.25,1.88793
2048,13005,270,0,1280000,0.25,1.92946
2048,13005,271,0,1280000,0.25,1.68157
2048,13005,272,0,1280000,0.25,1.68726
2048,13005,273,0,1280000,0.25,3.34718
2048,13005,274,0,1280000,0.25,0.545172
2048,13005,275,0,1280000,0.25,3.18976
2048,13005,276,0,1280000,0.25,1.26434
2048,13005,277,0,1280000,0.25,1.12471
2048,13005,278,0,1280000,0.25,2.41462
2048,13005,279,0,1280000,0.25,2.97016
2048,13005,280,0,1280000,0.25,2.15259
2048,13005,281,0,1280000,0.25,2.00361
2048,13005,282,0,1280000,0.25,1.84857
2048,13005,283,0,1280000,0.25,2.21809
2048,13005,284,0,1280000,0.25,1.55427
2048,13005,285,0,1280000,0.25,2.64427
2048,13005,286,0,1280000,0.25,2.30217
2048,13005,287,0,1280000,0.25,2.05151
2048,13005,288,0,1280000,0.25,3.29526
2048,13005,289,0,1280000,0.25,1.83746
2048,13005,290,0,1280000,0.25,2.45839
2048,13005,291,0,1280000,0.25,0.800896
2048,13005,292,0,1280000,0.25,3.30996
2048,13005,293,0,1280000,0.25,1.60386
2048,13005,294,0,1280000,0.25,2.73083
2048,13005,295,0,1280000,0.25,0.604749
2048,13005,296,0,1280000,0.25,1.83233
2048,13005,297,0,1280000,0.25,1.30481
2048,13005,298,0,1280000,0.25,1.58738
2048,13005,299,0,1280000,0.25,2.56759
2048,13005,300,0,1280000,0.25,1.87956
2048,13005,301,0,1280000,0.25,1.69488
2048,13005,302,0,1280000,0.25,2.33635
2048,13005,303,0,1280000,0.25,0.764848
2048,13005,304,0,1280000,0.25,1.30547
2048,13005,305,0,1280000,0.25,3.99417
2048,13005,306,0,1280000,0.25,1.72401
2048,13005,307,0,1280000,0.25,2.26165
2048,13005,308,0,1280000,0.25,1.04826
2048,13005,309,0,1280000,0.25,2.55286
2048,13005,310,0,1280000,0.25,2.14424
2048,13005,311,0,1280000,0.25,0.59144
2048,13005,312,0,1280000,0.25,1.9671
2048,13005,313,0,1280000,0.25,1.68979
2048,13005,314,0,1280000,0.25,0.975263
2048,13005,315,0,1280000,0.25,0.987118
2048,13005,316,0,1280000,0.25,1.73813
2048,13005,317,0,1280000,0.25,1.53144
2048,13005,318,0,1280000,0.25,2.45153
2048,13005,319,0,1280000,0.25,1.92232
2048,13005,320,0,1280000,0.25,1.5947
2048,13005,321,0,1280000,0.25,1.33679
2048,13005,322,0,1280000,0.25,2.27531
2048,13005,323,0,1280000,0.25,0.806483
2048,13005,324,0,1280000,0.25,4.99088
2048,13005,325,0,1280000,0.25,9.1928
2048,13005,326,0,1280000,0.25,0.86662
2048,13005,327,0,1280000,0.25,3.21771
2048,13005,328,0,1280000,0.25,1.45287
2048,13005,329,0,1280000,0.25,2.62479
2048,13005,330,0,1280000,0.25,1.62784
2048,13005,331,0,1280000,0.25,1.00799
2048,13005,332,0,1280000,0.25,2.06275
2048,13005,333,0,1280000,0.25,2.56563
2048,13005,334,0,1280000,0.25,2.05257
2048,13005,335,0,1280000,0.25,3.01274
2048,13005,336,0,1280000,0.25,1.21454
2048,13005,337,0,1280000,0.25,1.83445
2048,13005,338,0,1280000,0.25,1.81919
2048,13005,339,0,1280000,0.25,1.42629
2048,13005,340,0,1280000,0.25,2.49274
2048,13005,341,0,1280000,0.25,1.09849
2048,13005,342,0,1280000,0.25,1.72358
2048,13005,343,0,1280000,0.25,1.5635
2048,13005,344,0,1280000,0.25,3.10267
2048,13005,345,0,1280000,0.25,1.58872
2048,13005,346,0,1280000,0.25,1.64749
2048,13005,347,0,1280000,0.25,4.07763
2048,13005,348,0,1280000,0.25,2.14151
2048,13005,349,0,1280000,0.25,2.34094
2048,13005,350,0,1280000,0.25,1.43499
2048,13005,351,0,1280000,0.25,2.03883
2048,13005,352,0,1280000,0.25,0.946863
2048,13005,353,0,1280000,0.25,1.92283
2048,13005,354,0,1280000,0.25,3.63228
2048,13005,355,0,1280000,0.25,1.94123
2048,13005,356,0,1280000,0.25,2.4924
2048,13005,357,0,1280000,0.25,2.19046
2048,13005,358,0,1280000,0.25,3.84037
2048,13005,359,0,1280000,0.25,1.77479
2048,13005,360,0,1280000,0.25,1.41464
2048,13005,361,0,1280000,0.25,3.06805
2048,13005,362,0,1280000,0.25,1.024
2048,13005,363,0,1280000,0.25,1.32812
2048,13005,364,0,1280000,0.25,3.93705
2048,13005,365,0,1280000,0.25,0.539259
2048,13005,366,0,1280000,0.25,1.42217
2048,13005,367,0,1280000,0.25,1.92132
2048,13005,368,0,1280000,0.25,1.97339
2048,13005,369,0,1280000,0.25,1.12067
2048,13005,370,0,1280000,0.25,1.79261
2048,13005,371,0,1280000,0.25,1.26154
2048,13005,372,0,1280000,0.25,0.767162
2048,13005,373,0,1280000,0.25,3.14132
2048,13005,374,0,1280000,0.25,4.23058
2048,13005,375,0,1280000,0.25,5.1837
2048,13005,376,0,1280000,0.25,4.20414
2048,13005,377,0,1280000,0.25,1.12601
2048,13005,378,0,1280000,0.25,2.07674
2048,13005,379,0,1280000,0.25,1.15198
2048,13005,380,0,1280000,0.25,0.748373
2048,13005,381,0,1280000,0.25,1.96087
2048,13005,382,0,1280000,0.25,0.385063
2048,13005,383,0,1280000,0.25,0.38951
2048,13005,384,0,1280000,0.25,1.75058
2048,13005,385,0,1280000,0.25,0.81887
2048,13005,386,0,1280000,0.25,4.12485
2048,13005,387,0,1280000,0.25,1.03835
2048,13005,388,0,1280000,0.25,2.1722
2048,13005,389,0,1280000,0.25,1.33903
2048,13005,390,0,1280000,0.25,2.67292
2048,13005,391,0,1280000,0.25,0.928928
2048,13005,392,0,1280000,0.25,1.02692
2048,13005,393,0,1280000,0.25,1.55291
2048,13005,394,0,1280000,0.25,2.10417
2048,13005,395,0,1280000,0.25,2.68776
2048,13005,396,0,1280000,0.25,0.640064
2048,13005,397,0,1280000,0.25,1.94853
2048,13005,398,0,1280000,0.25,0.919555
2048,13005,399,0,1280000,0.25,1.0565
2048,13005,400,0,1280000,0.25,5.23491
2048,13414,1,0,1280000,0.25,110.799
2048,13414,2,0,1280000,0.25,65.7816
2048,13414,3,0,1280000,0.25,20.3974
2048,13414,4,0,1280000,0.25,31.6319
2048,13414,5,0,1280000,0.25,26.5082
2048,13414,6,0,1280000,0.25,52.2729
2048,13414,7,0,1280000,0.25,99.7148
2048,13414,8,0,1280000,0.25,13.5887
2048,13414,9,0,1280000,0.25,19.5842
2048,13414,10,0,1280000,0.25,11.1516
2048,13414,11,0,1280000,0.25,146.49
2048,13414,12,0,1280000,0.25,27.2581
2048,13414,13,0,1280000,0.25,44.3063
2048,13414,14,0,1280000,0.25,48.2461
2048,13414,15,0,1280000,0.25,270.337
2048,13414,16,0,1280000,0.25,125.209
2048,13414,17,0,1280000,0.25,63.7173
2048,13414,18,0,1280000,0.25,164.478
2048,13414,19,0,1280000,0.25,26.6194
2048,13414,20,0,1280000,0.25,68.6414
2048,13414,21,0,1280000,0.25,101.33
2048,13414,22,0,1280000,0.25,52.1634
2048,13414,23,0,1280000,0.25,46.9973
2048,13414,24,0,1280000,0.25,67.3002
2048,13414,25,0,1280000,0.25,105.291
2048,13414,26,0,1280000,0.25,95.1534
2048,13414,27,0,1280000,0.25,64.1877
2048,13414,28,0,1280000,0.25,56.3737
2048,13414,29,0,1280000,0.25,23.4178
2048,13414,30,0,1280000,0.25,43.0929
2048,13414,31,0,1280000,0.25,216.618
2048,13414,32,0,1280000,0.25,46.0304
2048,13414,33,0,1280000,0.25,314.883
2048,13414,34,0,1280000,0.25,32.6244
2048,13414,35,0,1280000,0.25,91.7673
2048,13414,36,0,1280000,0.25,98.0502
2048,13414,37,0,1280000,0.25,50.9103
2048,13414,38,0,1280000,0.25,134.005
2048,13414,39,0,1280000,0.25,120.791
2048,13414,40,0,1280000,0.25,164.584
2048,13414,41,0,1280000,0.25,144.967
2048,13414,42,0,1280000,0.25,30.005
2048,13414,43,0,1280000,0.25,17.5442
2048,13414,44,0,1280000,0.25,29.7489
2048,13414,45,0,1280000,0.25,32.5461
2048,13414,46,0,1280000,0.25,94.966
2048,13414,47,0,1280000,0.25,127.399
2048,13414,48,0,1280000,0.25,258.935
2048,13414,49,0,1280000,0.25,15.365
2048,13414,50,0,1280000,0.25,98.7136
2048,13414,51,0,1280000,0.25,37.7114
2048,13414,52,0,1280000,0.25,306.626
2048,13414,53,0,1280000,0.25,111.578
2048,13414,54,0,1280000,0.25,18.0985
2048,13414,55,0,1280000,0.25,60.1923
2048,13414,56,0,1280000,0.25,98.9255
2048,13414,57,0,1280000,0.25,47.1517
2048,13414,58,0,1280000,0.25,61.2357
2048,13414,59,0,1280000,0.25,55.9299
2048,13414,60,0,1280000,0.25,65.6309
2048,13414,61,0,1280000,0.25,156.194
2048,13414,62,0,1280000,0.25,16.2439
2048,13414,63,0,1280000,0.25,7.03735
2048,13414,64,1,1280000,0.25,401.237
2048,13414,65,0,1280000,0.25,122.314
2048,13414,66,0,1280000,0.25,63.8098
2048,13414,67,0,1280000,0.25,238.164
2048,13414,68,0,1280000,0.25,49.9215
2048,13414,69,0,1280000,0.25,53.3526
2048,13414,70,0,1280000,0.25,135.209
2048,13414,71,0,1280000,0.25,48.2272
2048,13414,72,0,1280000,0.25,113.667
2048,13414,73,0,1280000,0.25,63.9762
2048,13414,74,0,1280000,0.25,10.0607
2048,13414,75,0,1280000,0.25,63.1559
2048,13414,76,0,1280000,0.25,38.9786
2048,13414,77,0,1280000,0.25,28.7247
2048,13414,78,0,1280000,0.25,43.2655
2048,13414,79,0,1280000,0.25,167.561
2048,13414,80,0,1280000,0.25,24.2264
2048,13414,81,0,1280000,0.25,152.391
2048,13414,82,0,1280000,0.25,87.3134
2048,13414,83,0,1280000,0.25,106.81
2048,13414,84,0,1280000,0.25,64.717
2048,13414,85,0,1280000,0.25,128.127
2048,13414,86,0,1280000,0.25,10.2821
2048,13414,87,0,1280000,0.25,151.5
2048,13414,88,0,1280000,0.25,48.5708
2048,13414,89,0,1280000,0.25,7.4717
2048,13414,90,0,1280000,0.25,22.5581
2048,13414,91,0,1280000,0.25,16.4142
2048,13414,92,0,1280000,0.25,21.7714
2048,13414,93,0,1280000,0.25,25.3516
2048,13414,94,0,1280000,0.25,16.0678
2048,13414,95,0,1280000,0.25,59.3736
2048,13414,96,0,1280000,0.25,137.997
2048,13414,97,0,1280000,0.25,141.571
2048,13414,98,0,1280000,0.25,78.4327
2048,13414,99,0,1280000,0.25,26.1433
2048,13414,100,0,1280000,0.25,72.1265
2048,13414,101,0,1280000,0.25,45.0794
2048,13414,102,0,1280000,0.25,17.1383
2048,13414,103,0,1280000,0.25,35.2567
2048,13414,104,0,1280000,0.25,28.6522
2048,13414,105,0,1280000,0.25,113.819
2048,13414,106,0,1280000,0.25,24.1692
2048,13414,107,0,1280000,0.25,22.7934
2048,13414,108,0,1280000,0.25,66.1496
2048,13414,109,0,1280000,0.25,128.787
2048,13414,110,0,1280000,0.25,107.439
2048,13414,111,0,1280000,0.25,40.222
2048,13414,112,0,1280000,0.25,53.6324
2048,13414,113,0,1280000,0.25,25.4789
2048,13414,114,0,1280000,0.25,231.878
2048,13414,115,0,1280000,0.25,31.4663
2048,13414,116,0,1280000,0.25,15.5264
2048,13414,117,0,1280000,0.25,108.792
2048,13414,118,0,1280000,0.25,39.6762
2048,13414,119,0,1280000,0.25,20.3099
2048,13414,120,0,1280000,0.25,7.20544
2048,13414,121,0,1280000,0.25,24.6777
2048,13414,122,0,1280000,0.25,68.1819
2048,13414,123,0,1280000,0.25,85.4681
2048,13414,124,0,1280000,0.25,138.806
2048,13414,125,0,1280000,0.25,188.244
2048,13414,126,0,1280000,0.25,42.8815
2048,13414,127,0,1280000,0.25,88.6371
2048,13414,128,0,1280000,0.25,52.8965
2048,13414,129,0,1280000,0.25,132.973
2048,13414,130,0,1280000,0.25,87.2662
2048,13414,131,0,1280000,0.25,58.0297
2048,13414,132,0,1280000,0.25,49.2468
2048,13414,133,0,1280000,0.25,93.2553
2048,13414,134,0,1280000,0.25,104.214
2048,13414,135,0,1280000,0.25,61.3077
2048,13414,136,0,1280000,0.25,56.7521
2048,13414,137,0,1280000,0.25,47.24
2048,13414,138,0,1280000,0.25,67.0608
2048,13414,139,0,1280000,0.25,125.436
2048,13414,140,0,1280000,0.25,55.4132
2048,13414,141,0,1280000,0.25,52.4534
2048,13414,142,0,1280000,0.25,145.285
2048,13414,143,0,1280000,0.25,77.8132
2048,13414,144,0,1280000,0.25,30.3046
2048,13414,145,0,1280000,0.25,374.32
2048,13414,146,0,1280000,0.25,62.8318
2048,13414,147,0,1280000,0.25,26.9545
2048,13414,148,0,1280000,0.25,64.6377
2048,13414,149,0,1280000,0.25,27.9699
2048,13414,150,1,1280000,0.25,401.873
2048,13414,151,0,1280000,0.25,53.175
2048,13414,152,0,1280000,0.25,33.8179
2048,13414,153,0,1280000,0.25,59.991
2048,13414,154,0,1280000,0.25,12.6204
2048,13414,155,0,1280000,0.25,16.3042
2048,13414,156,0,1280000,0.25,20.1211
2048,13414,157,0,1280000,0.25,108.539
2048,13414,158,0,1280000,0.25,275.011
2048,13414,159,0,1280000,0.25,141.126
2048,13414,160,0,1280000,0.25,99.0888
2048,13414,161,0,1280000,0.25,98.3663
2048,13414,162,1,1280000,0.25,403.898
2048,13414,163,0,1280000,0.25,20.1095
2048,13414,164,0,1280000,0.25,24.1544
2048,13414,165,0,1280000,0.25,99.4547
2048,13414,166,0,1280000,0.25,156.029
2048,13414,167,0,1280000,0.25,65.8204
2048,13414,168,0,1280000,0.25,35.0984
2048,13414,169,0,1280000,0.25,331.864
2048,13414,170,0,1280000,0.25,160.603
2048,13414,171,0,1280000,0.25,86.8562
2048,13414,172,0,1280000,0.25,64.9511
2048,13414,173,0,1280000,0.25,179.526
2048,13414,174,0,1280000,0.25,15.7341
2048,13414,175,0,1280000,0.25,43.7114
2048,13414,176,0,1280000,0.25,60.3787
2048,13414,177,0,1280000,0.25,11.7098
2048,13414,178,0,1280000,0.25,15.4409
2048,13414,179,0,1280000,0.25,37.4219
2048,13414,180,0,1280000,0.25,55.5662
2048,13414,181,0,1280000,0.25,76.1025
2048,13414,182,0,1280000,0.25,273.44
2048,13414,183,0,1280000,0.25,90.8906
2048,13414,184,0,1280000,0.25,18.8159
2048,13414,185,0,1280000,0.25,31.9679
2048,13414,186,0,1280000,0.25,47.5843
2048,13414,187,0,1280000,0.25,85.2921
2048,13414,188,0,1280000,0.25,33.04
2048,13414,189,0,1280000,0.25,79.1548
2048,13414,190,0,1280000,0.25,64.7421
2048,13414,191,0,1280000,0.25,85.5422
2048,13414,192,0,1280000,0.25,97.8984
2048,13414,193,0,1280000,0.25,23.9973
2048,13414,194,0,1280000,0.25,286.338
2048,13414,195,0,1280000,0.25,11.41
2048,13414,196,0,1280000,0.25,17.7848
2048,13414,197,0,1280000,0.25,27.4817
2048,13414,198,0,1280000,0.25,49.5747
2048,13414,199,1,1280000,0.25,404.218
2048,13414,200,0,1280000,0.25,19.346
2048,13414,201,0,1280000,0.25,58.8938
2048,13414,202,0,1280000,0.25,36.7471
2048,13414,203,0,1280000,0.25,103.94
2048,13414,204,0,1280000,0.25,11.4911
2048,13414,205,0,1280000,0.25,28.6219
2048,13414,206,0,1280000,0.25,16.5761
2048,13414,207,0,1280000,0.25,57.9272
2048,13414,208,0,1280000,0.25,79.6136
2048,13414,209,0,1280000,0.25,31.9911
2048,13414,210,0,1280000,0.25,41.7974
2048,13414,211,0,1280000,0.25,21.3362
2048,13414,212,0,1280000,0.25,9.13439
2048,13414,213,0,1280000,0.25,97.3264
2048,13414,214,0,1280000,0.25,49.7176
2048,13414,215,0,1280000,0.25,58.3785
2048,13414,216,0,1280000,0.25,4.90413
2048,13414,217,0,1280000,0.25,9.7286
2048,13414,218,0,1280000,0.25,16.3757
2048,13414,219,0,1280000,0.25,9.79848
2048,13414,220,0,1280000,0.25,146.532
2048,13414,221,0,1280000,0.25,38.6721
2048,13414,222,0,1280000,0.25,58.3676
2048,13414,223,0,1280000,0.25,94.1205
2048,13414,224,0,1280000,0.25,135.714
2048,13414,225,0,1280000,0.25,251.348
2048,13414,226,0,1280000,0.25,58.3319
2048,13414,227,0,1280000,0.25,164.618
2048,13414,228,0,1280000,0.25,26.7586
2048,13414,229,0,1280000,0.25,62.9429
2048,13414,230,0,1280000,0.25,8.20378
2048,13414,231,0,1280000,0.25,11.0416
2048,13414,232,0,1280000,0.25,125.631
2048,13414,233,0,1280000,0.25,116.115
2048,13414,234,0,1280000,0.25,39.0104
2048,13414,235,0,1280000,0.25,21.5173
2048,13414,236,0,1280000,0.25,16.9518
2048,13414,237,0,1280000,0.25,116.182
2048,13414,238,0,1280000,0.25,95.7617
2048,13414,239,0,1280000,0.25,63.9334
2048,13414,240,0,1280000,0.25,32.0406
2048,13414,241,0,1280000,0.25,38.0143
2048,13414,242,0,1280000,0.25,65.3413
2048,13414,243,0,1280000,0.25,75.0285
2048,13414,244,0,1280000,0.25,18.5958
2048,13414,245,0,1280000,0.25,35.9198
2048,13414,246,0,1280000,0.25,72.202
2048,13414,247,0,1280000,0.25,20.1767
2048,13414,248,0,1280000,0.25,30.4516
2048,13414,249,0,1280000,0.25,98.1224
2048,13414,250,0,1280000,0.25,36.6617
2048,13414,251,0,1280000,0.25,28.9981
2048,13414,252,0,1280000,0.25,222.256
2048,13414,253,0,1280000,0.25,57.6914
2048,13414,254,0,1280000,0.25,34.3225
2048,13414,255,0,1280000,0.25,99.4404
2048,13414,256,0,1280000,0.25,13.9974
2048,13414,257,0,1280000,0.25,140.03
2048,13414,258,0,1280000,0.25,84.3446
2048,13414,259,0,1280000,0.25,143.396
2048,13414,260,0,1280000,0.25,23.8835
2048,13414,261,0,1280000,0.25,76.6723
2048,13414,262,0,1280000,0.25,15.8816
2048,13414,263,0,1280000,0.25,2.9984
2048,13414,264,0,1280000,0.25,46.5022
2048,13414,265,0,1280000,0.25,86.4374
2048,13414,266,0,1280000,0.25,23.7329
2048,13414,267,0,1280000,0.25,99.2668
2048,13414,268,0,1280000,0.25,112.118
2048,13414,269,0,1280000,0.25,171.51
2048,13414,270,0,1280000,0.25,122.096
2048,13414,271,0,1280000,0.25,27.5051
2048,13414,272,0,1280000,0.25,55.8401
2048,13414,273,0,1280000,0.25,108.49
2048,13414,274,0,1280000,0.25,80.1891
2048,13414,275,0,1280000,0.25,123.089
2048,13414,276,0,1280000,0.25,159.914
2048,13414,277,0,1280000,0.25,250.955
2048,13414,278,0,1280000,0.25,68.8506
2048,13414,279,0,1280000,0.25,12.1003
2048,13414,280,0,1280000,0.25,86.7841
2048,13414,281,0,1280000,0.25,139.127
2048,13414,282,0,1280000,0.25,15.3318
2048,13414,283,0,1280000,0.25,158.868
2048,13414,284,0,1280000,0.25,44.2374
2048,13414,285,0,1280000,0.25,32.6198
2048,13414,286,0,1280000,0.25,102.08
2048,13414,287,0,1280000,0.25,41.2449
2048,13414,288,0,1280000,0.25,145.496
2048,13414,289,0,1280000,0.25,83.2651
2048,13414,290,0,1280000,0.25,29.9495
2048,13414,291,0,1280000,0.25,59.8031
2048,13414,292,0,1280000,0.25,25.76
2048,13414,293,0,1280000,0.25,28.2169
2048,13414,294,0,1280000,0.25,154.346
2048,13414,295,0,1280000,0.25,71.7098
2048,13414,296,0,1280000,0.25,50.6194
2048,13414,297,0,1280000,0.25,15.0437
2048,13414,298,0,1280000,0.25,267.837
2048,13414,299,0,1280000,0.25,48.4987
2048,13414,300,0,1280000,0.25,47.4626
2048,13414,301,0,1280000,0.25,89.0265
2048,13414,302,0,1280000,0.25,17.9104
2048,13414,303,0,1280000,0.25,45.547
2048,13414,304,0,1280000,0.25,74.3602
2048,13414,305,0,1280000,0.25,42.4094
2048,13414,306,0,1280000,0.25,65.7264
2048,13414,307,0,1280000,0.25,229.146
2048,13414,308,0,1280000,0.25,245.092
2048,13414,309,0,1280000,0.25,123.825
2048,13414,310,0,1280000,0.25,16.6603
2048,13414,311,0,1280000,0.25,36.2495
2048,13414,312,0,1280000,0.25,262.598
2048,13414,313,0,1280000,0.25,51.9035
2048,13414,314,0,1280000,0.25,38.7407
2048,13414,315,0,1280000,0.25,77.6278
2048,13414,316,0,1280000,0.25,18.5691
2048,13414,317,0,1280000,0.25,61.1214
2048,13414,318,0,1280000,0.25,24.6697
2048,13414,319,0,1280000,0.25,14.7898
2048,13414,320,0,1280000,0.25,22.5001
2048,13414,321,0,1280000,0.25,141.064
2048,13414,322,0,1280000,0.25,32.9873
2048,13414,323,0,1280000,0.25,17.3342
2048,13414,324,0,1280000,0.25,36.5536
2048,13414,325,0,1280000,0.25,179.059
2048,13414,326,0,1280000,0.25,135.84
2048,13414,327,0,1280000,0.25,25.3747
2048,13414,328,0,1280000,0.25,25.9709
2048,13414,329,0,1280000,0.25,65.8158
2048,13414,330,0,1280000,0.25,75.4787
2048,13414,331,0,1280000,0.25,29.2262
2048,13414,332,0,1280000,0.25,96.4739
2048,13414,333,0,1280000,0.25,14.1419
2048,13414,334,0,1280000,0.25,69.5991
2048,13414,335,0,1280000,0.25,72.4059
2048,13414,336,0,1280000,0.25,261.207
2048,13414,337,0,1280000,0.25,47.3539
2048,13414,338,0,1280000,0.25,88.2783
2048,13414,339,0,1280000,0.25,27.3639
2048,13414,340,0,1280000,0.25,34.2373
2048,13414,341,0,1280000,0.25,135.706
2048,13414,342,0,1280000,0.25,48.6042
2048,13414,343,0,1280000,0.25,18.1761
2048,13414,344,0,1280000,0.25,22.2302
2048,13414,345,0,1280000,0.25,63.1336
2048,13414,346,0,1280000,0.25,28.4361
2048,13414,347,0,1280000,0.25,63.61
2048,13414,348,0,1280000,0.25,116.993
2048,13414,349,0,1280000,0.25,46.5266
2048,13414,350,0,1280000,0.25,17.5164
2048,13414,351,0,1280000,0.25,75.6564
2048,13414,352,0,1280000,0.25,57.7909
2048,13414,353,0,1280000,0.25,6.35359
2048,13414,354,0,1280000,0.25,67.3404
2048,13414,355,0,1280000,0.25,44.049
2048,13414,356,0,1280000,0.25,27.3312
2048,13414,357,0,1280000,0.25,50.7603
2048,13414,358,0,1280000,0.25,22.2134
2048,13414,359,0,1280000,0.25,100.973
2048,13414,360,0,1280000,0.25,32.4132
2048,13414,361,0,1280000,0.25,27.6331
2048,13414,362,0,1280000,0.25,37.1351
2048,13414,363,0,1280000,0.25,103.349
2048,13414,364,0,1280000,0.25,87.1654
2048,13414,365,0,1280000,0.25,166.827
2048,13414,366,0,1280000,0.25,183.66
2048,13414,367,0,1280000,0.25,79.7127
2048,13414,368,0,1280000,0.25,35.181
2048,13414,369,0,1280000,0.25,56.462
2048,13414,370,0,1280000,0.25,226.026
2048,13414,371,0,1280000,0.25,40.071
2048,13414,372,0,1280000,0.25,31.3472
2048,13414,373,0,1280000,0.25,30.0803
2048,13414,374,0,1280000,0.25,33.2949
2048,13414,375,0,1280000,0.25,13.138
2048,13414,376,0,1280000,0.25,241.045
2048,13414,377,0,1280000,0.25,60.1951
2048,13414,378,0,1280000,0.25,57.5118
2048,13414,379,0,1280000,0.25,89.0907
2048,13414,380,0,1280000,0.25,84.6849
2048,13414,381,0,1280000,0.25,80.1311
2048,13414,382,0,1280000,0.25,80.3521
2048,13414,383,0,1280000,0.25,50.6783
2048,13414,384,0,1280000,0.25,65.8812
2048,13414,385,0,1280000,0.25,43.1229
2048,13414,386,0,1280000,0.25,11.4391
2048,13414,387,0,1280000,0.25,47.0432
2048,13414,388,0,1280000,0.25,51.2412
2048,13414,389,0,1280000,0.25,198.357
2048,13414,390,0,1280000,0.25,28.4572
2048,13414,391,0,1280000,0.25,130.375
2048,13414,392,0,1280000,0.25,248.664
2048,13414,393,0,1280000,0.25,44.2395
2048,13414,394,0,1280000,0.25,37.8469
2048,13414,395,0,1280000,0.25,114.894
2048,13414,396,0,1280000,0.25,36.6536
2048,13414,397,0,1280000,0.25,36.3027
2048,13414,398,0,1280000,0.25,75.932
2048,13414,399,0,1280000,0.25,155.494
2048,13414,400,0,1280000,0.25,111.485
2048,13824,1,8,1280000,0.25,410.816
2048,13824,2,9,1280000,0.25,408.916
2048,13824,3,10,1280000,0.25,411.171
2048,13824,4,12,1280000,0.25,413.162
2048,13824,5,3,1280000,0.25,406.406
2048,13824,6,7,1280000,0.25,412.388
2048,13824,7,9,1280000,0.25,411.037
2048,13824,8,9,1280000,0.25,412.202
2048,13824,9,8,1280000,0.25,411.565
2048,13824,10,9,1280000,0.25,410.49
2048,13824,11,8,1280000,0.25,411.797
2048,13824,12,10,1280000,0.25,411.13
2048,13824,13,10,1280000,0.25,412.851
2048,13824,14,6,1280000,0.25,414.387
2048,13824,15,9,1280000,0.25,414.258
2048,13824,16,10,1280000,0.25,412.145
2048,13824,17,8,1280000,0.25,410.536
2048,13824,18,7,1280000,0.25,411.485
2048,13824,19,6,1280000,0.25,411.017
2048,13824,20,8,1280000,0.25,412.794
2048,13824,21,10,1280000,0.25,412.003
2048,13824,22,8,1280000,0.25,411.191
2048,13824,23,9,1280000,0.25,412.292
2048,13824,24,6,1280000,0.25,407.737
2048,13824,25,9,1280000,0.25,411.622
2048,13824,26,11,1280000,0.25,412.926
2048,13824,27,8,1280000,0.25,411.678
2048,13824,28,9,1280000,0.25,413.732
2048,13824,29,8,1280000,0.25,412.969
2048,13824,30,11,1280000,0.25,411.214
2048,13824,31,10,1280000,0.25,410.729
2048,13824,32,11,1280000,0.25,411.201
2048,13824,33,9,1280000,0.25,410.733
2048,13824,34,8,1280000,0.25,410.654
2048,13824,35,10,1280000,0.25,412.686
2048,13824,36,7,1280000,0.25,409.767
2048,13824,37,9,1280000,0.25,414.685
2048,13824,38,7,1280000,0.25,409.742
2048,13824,39,13,1280000,0.25,411.952
2048,13824,40,7,1280000,0.25,409.901
2048,13824,41,7,1280000,0.25,412.671
2048,13824,42,11,1280000,0.25,411.957
2048,13824,43,8,1280000,0.25,411.119
2048,13824,44,6,1280000,0.25,409.313
2048,13824,45,6,1280000,0.25,408.373
2048,13824,46,5,1280000,0.25,406.97
2048,13824,47,11,1280000,0.25,410.389
2048,13824,48,8,1280000,0.25,414.812
2048,13824,49,8,1280000,0.25,409.318
2048,13824,50,7,1280000,0.25,409.947
2048,13824,51,5,1280000,0.25,408.141
2048,13824,52,9,1280000,0.25,413.099
2048,13824,53,7,1280000,0.25,418.958
2048,13824,54,10,1280000,0.25,412.298
2048,13824,55,9,1280000,0.25,410.281
2048,13824,56,9,1280000,0.25,412.563
2048,13824,57,9,1280000,0.25,411.814
2048,13824,58,8,1280000,0.25,411.282
2048,13824,59,11,1280000,0.25,411.474
2048,13824,60,9,1280000,0.25,410.362
2048,13824,61,10,1280000,0.25,413.366
2048,13824,62,6,1280000,0.25,409.714
2048,13824,63,10,1280000,0.25,411.771
2048,13824,64,10,1280000,0.25,413.655
2048,13824,65,6,1280000,0.25,412.24
2048,13824,66,10,1280000,0.25,410.817
2048,13824,67,7,1280000,0.25,407.702
2048,13824,68,6,1280000,0.25,412.162
2048,13824,69,8,1280000,0.25,411.416
2048,13824,70,10,1280000,0.25,413.292
2048,13824,71,7,1280000,0.25,411.648
2048,13824,72,12,1280000,0.25,412.44
2048,13824,73,11,1280000,0.25,412.977
2048,13824,74,7,1280000,0.25,409.422
2048,13824,75,6,1280000,0.25,410.453
2048,13824,76,10,1280000,0.25,411.481
2048,13824,77,9,1280000,0.25,410.483
2048,13824,78,9,1280000,0.25,411.007
2048,13824,79,10,1280000,0.25,412.095
2048,13824,80,8,1280000,0.25,412.328
2048,13824,81,9,1280000,0.25,411.491
2048,13824,82,9,1280000,0.25,412.067
2048,13824,83,6,1280000,0.25,409.524
2048,13824,84,10,1280000,0.25,411.667
2048,13824,85,7,1280000,0.25,411.178
2048,13824,86,8,1280000,0.25,413.262
2048,13824,87,9,1280000,0.25,412.307
2048,13824,88,8,1280000,0.25,409.684
2048,13824,89,9,1280000,0.25,414.758
2048,13824,90,10,1280000,0.25,413.781
2048,13824,91,8,1280000,0.25,411.977
2048,13824,92,8,1280000,0.25,414.691
2048,13824,93,9,1280000,0.25,409.691
2048,13824,94,9,1280000,0.25,410.152
2048,13824,95,7,1280000,0.25,411.873
2048,13824,96,7,1280000,0.25,413.327
2048,13824,97,6,1280000,0.25,407.568
2048,13824,98,10,1280000,0.25,414.365
2048,13824,99,8,1280000,0.25,413.473
2048,13824,100,9,1280000,0.25,411.694
2048,13824,101,11,1280000,0.25,411.702
2048,13824,102,9,1280000,0.25,413.041
2048,13824,103,10,1280000,0.25,410.513
2048,13824,104,9,1280000,0.25,411.172
2048,13824,105,7,1280000,0.25,410.886
2048,13824,106,9,1280000,0.25,408.015
2048,13824,107,9,1280000,0.25,413.639
2048,13824,108,8,1280000,0.25,412.348
2048,13824,109,10,1280000,0.25,411.142
2048,13824,110,10,1280000,0.25,410.683
2048,13824,111,11,1280000,0.25,412.612
2048,13824,112,8,1280000,0.25,411.691
2048,13824,113,8,1280000,0.25,411.845
2048,13824,114,12,1280000,0.25,414.511
2048,13824,115,11,1280000,0.25,412.553
2048,13824,116,8,1280000,0.25,410.818
2048,13824,117,10,1280000,0.25,412.656
2048,13824,118,10,1280000,0.25,411.225
2048,13824,119,10,1280000,0.25,411.616
2048,13824,120,11,1280000,0.25,410.851
2048,13824,121,12,1280000,0.25,411.564
2048,13824,122,9,1280000,0.25,414.412
2048,13824,123,10,1280000,0.25,411.266
2048,13824,124,8,1280000,0.25,409.947
2048,13824,125,6,1280000,0.25,415.64
2048,13824,126,10,1280000,0.25,410.745
2048,13824,127,8,1280000,0.25,407.519
2048,13824,128,10,1280000,0.25,411.033
2048,13824,129,9,1280000,0.25,412.56
2048,13824,130,11,1280000,0.25,412.745
2048,13824,131,10,1280000,0.25,411.482
2048,13824,132,8,1280000,0.25,411.729
2048,13824,133,10,1280000,0.25,411.692
2048,13824,134,8,1280000,0.25,411.983
2048,13824,135,11,1280000,0.25,411.522
2048,13824,136,11,1280000,0.25,411.969
2048,13824,137,7,1280000,0.25,410.042
2048,13824,138,12,1280000,0.25,411.675
2048,13824,139,10,1280000,0.25,413.124
2048,13824,140,8,1280000,0.25,410.478
2048,13824,141,11,1280000,0.25,411.482
2048,13824,142,11,1280000,0.25,410.51
2048,13824,143,6,1280000,0.25,409.789
2048,13824,144,12,1280000,0.25,414.174
2048,13824,145,12,1280000,0.25,412.018
2048,13824,146,11,1280000,0.25,411.531
2048,13824,147,8,1280000,0.25,411.859
2048,13824,148,11,1280000,0.25,411.36
2048,13824,149,8,1280000,0.25,410.18
2048,13824,150,10,1280000,0.25,411.413
2048,13824,151,8,1280000,0.25,411.282
2048,13824,152,8,1280000,0.25,411.173
2048,13824,153,6,1280000,0.25,401.122
2048,13824,154,11,1280000,0.25,413.104
2048,13824,155,9,1280000,0.25,411.556
2048,13824,156,10,1280000,0.25,411.568
2048,13824,157,7,1280000,0.25,411.035
2048,13824,158,8,1280000,0.25,414.082
2048,13824,159,5,1280000,0.25,413.933
2048,13824,160,9,1280000,0.25,410.298
2048,13824,161,9,1280000,0.25,410.489
2048,13824,162,8,1280000,0.25,410.956
2048,13824,163,6,1280000,0.25,408.028
2048,13824,164,9,1280000,0.25,409.532
2048,13824,165,8,1280000,0.25,412.043
2048,13824,166,8,1280000,0.25,411.643
2048,13824,167,6,1280000,0.25,417.426
2048,13824,168,9,1280000,0.25,411.823
2048,13824,169,12,1280000,0.25,411.594
2048,13824,170,8,1280000,0.25,411.398
2048,13824,171,11,1280000,0.25,411.763
2048,13824,172,11,1280000,0.25,412.755
2048,13824,173,12,1280000,0.25,413.829
2048,13824,174,8,1280000,0.25,410.71
2048,13824,175,10,1280000,0.25,413.123
2048,13824,176,8,1280000,0.25,410.524
2048,13824,177,8,1280000,0.25,405.652
2048,13824,178,9,1280000,0.25,411.733
2048,13824,179,13,1280000,0.25,411.628
2048,13824,180,9,1280000,0.25,411.341
2048,13824,181,6,1280000,0.25,406.472
2048,13824,182,10,1280000,0.25,416.965
2048,13824,183,7,1280000,0.25,409.689
2048,13824,184,8,1280000,0.25,418.021
2048,13824,185,10,1280000,0.25,412.586
2048,13824,186,9,1280000,0.25,410.801
2048,13824,187,5,1280000,0.25,407.221
2048,13824,188,9,1280000,0.25,411.48
2048,13824,189,10,1280000,0.25,412.219
2048,13824,190,8,1280000,0.25,412.924
2048,13824,191,9,1280000,0.25,411.069
2048,13824,192,8,1280000,0.25,411.214
2048,13824,193,11,1280000,0.25,410.572
2048,13824,194,8,1280000,0.25,412.97
2048,13824,195,7,1280000,0.25,409.924
2048,13824,196,8,1280000,0.25,410.763
2048,13824,197,10,1280000,0.25,412.793
2048,13824,198,11,1280000,0.25,412.371
2048,13824,199,5,1280000,0.25,410.672
2048,13824,200,10,1280000,0.25,413.476
2048,13824,201,8,1280000,0.25,412.046
2048,13824,202,9,1280000,0.25,412.394
2048,13824,203,10,1280000,0.25,410.846
2048,13824,204,12,1280000,0.25,412.757
2048,13824,205,8,1280000,0.25,410.34
2048,13824,206,10,1280000,0.25,417.143
2048,13824,207,8,1280000,0.25,410.579
2048,13824,208,12,1280000,0.25,412.618
2048,13824,209,9,1280000,0.25,410.694
2048,13824,210,8,1280000,0.25,411.324
2048,13824,211,6,1280000,0.25,404.324
2048,13824,212,10,1280000,0.25,412.159
2048,13824,213,7,1280000,0.25,411.973
2048,13824,214,11,1280000,0.25,413.977
2048,13824,215,8,1280000,0.25,410.629
2048,13824,216,11,1280000,0.25,410.282
2048,13824,217,12,1280000,0.25,412.118
2048,13824,218,11,1280000,0.25,415.25
2048,13824,219,8,1280000,0.25,410.539
2048,13824,220,10,1280000,0.25,415.546
2048,13824,221,8,1280000,0.25,412.06
2048,13824,222,6,1280000,0.25,411.642
2048,13824,223,6,1280000,0.25,411.122
2048,13824,224,12,1280000,0.25,411.368
2048,13824,225,10,1280000,0.25,410.474
2048,13824,226,13,1280000,0.25,412.644
2048,13824,227,9,1280000,0.25,411.664
2048,13824,228,9,1280000,0.25,406.441
2048,13824,229,6,1280000,0.25,414.184
2048,13824,230,10,1280000,0.25,409.487
2048,13824,231,10,1280000,0.25,411.588
2048,13824,232,8,1280000,0.25,412.003
2048,13824,233,10,1280000,0.25,412.499
2048,13824,234,12,1280000,0.25,411.78
2048,13824,235,9,1280000,0.25,411.812
2048,13824,236,10,1280000,0.25,411.727
2048,13824,237,11,1280000,0.25,412.061
2048,13824,238,11,1280000,0.25,412.581
2048,13824,239,7,1280000,0.25,412.232
2048,13824,240,7,1280000,0.25,413.12
2048,13824,241,9,1280000,0.25,411.3
2048,13824,242,9,1280000,0.25,413.577
2048,13824,243,8,1280000,0.25,410.528
2048,13824,244,8,1280000,0.25,411.69
2048,13824,245,13,1280000,0.25,412.451
2048,13824,246,11,1280000,0.25,411.851
2048,13824,247,8,1280000,0.25,411.7
2048,13824,248,10,1280000,0.25,410.303
2048,13824,249,11,1280000,0.25,412.808
2048,13824,250,7,1280000,0.25,413.928
2048,13824,251,10,1280000,0.25,413.572
2048,13824,252,11,1280000,0.25,412.004
2048,13824,253,10,1280000,0.25,412.255
2048,13824,254,5,1280000,0.25,407.645
2048,13824,255,9,1280000,0.25,415.367
2048,13824,256,9,1280000,0.25,413.088
2048,13824,257,7,1280000,0.25,411.817
2048,13824,258,9,1280000,0.25,411.952
2048,13824,259,6,1280000,0.25,406.992
2048,13824,260,8,1280000,0.25,410.273
2048,13824,261,12,1280000,0.25,412.712
2048,13824,262,13,1280000,0.25,413.26
2048,13824,263,12,1280000,0.25,409.587
2048,13824,264,11,1280000,0.25,410.718
2048,13824,265,13,1280000,0.25,417.512
2048,13824,266,9,1280000,0.25,415.321
2048,13824,267,8,1280000,0.25,409.669
2048,13824,268,10,1280000,0.25,412.382
2048,13824,269,10,1280000,0.25,413.069
2048,13824,270,7,1280000,0.25,409.868
2048,13824,271,7,1280000,0.25,411.956
2048,13824,272,8,1280000,0.25,412.028
2048,13824,273,5,1280000,0.25,410.298
2048,13824,274,10,1280000,0.25,409.697
2048,13824,275,11,1280000,0.25,413.576
2048,13824,276,11,1280000,0.25,413.001
2048,13824,277,11,1280000,0.25,411.388
2048,13824,278,8,1280000,0.25,409.824
2048,13824,279,9,1280000,0.25,409.677
2048,13824,280,10,1280000,0.25,414.048
2048,13824,281,8,1280000,0.25,413.557
2048,13824,282,8,1280000,0.25,413.927
2048,13824,283,9,1280000,0.25,407.992
2048,13824,284,6,1280000,0.25,406.725
2048,13824,285,10,1280000,0.25,412.144
2048,13824,286,7,1280000,0.25,410.851
2048,13824,287,8,1280000,0.25,408.879
2048,13824,288,5,1280000,0.25,406.611
2048,13824,289,9,1280000,0.25,408.155
2048,13824,290,8,1280000,0.25,412.703
2048,13824,291,10,1280000,0.25,410.125
2048,13824,292,10,1280000,0.25,412.504
2048,13824,293,8,1280000,0.25,410.334
2048,13824,294,7,1280000,0.25,412.869
2048,13824,295,15,1280000,0.25,413.44
2048,13824,296,11,1280000,0.25,412.933
2048,13824,297,15,1280000,0.25,413.404
2048,13824,298,11,1280000,0.25,412.306
2048,13824,299,8,1280000,0.25,410.706
2048,13824,300,12,1280000,0.25,412.506
2048,13824,301,10,1280000,0.25,413.279
2048,13824,302,11,1280000,0.25,411.978
2048,13824,303,6,1280000,0.25,409.867
2048,13824,304,12,1280000,0.25,412.655
2048,13824,305,8,1280000,0.25,411.844
2048,13824,306,9,1280000,0.25,411.834
2048,13824,307,9,1280000,0.25,410.692
2048,13824,308,7,1280000,0.25,412.354
2048,13824,309,8,1280000,0.25,410.35
2048,13824,310,10,1280000,0.25,411.074
2048,13824,311,9,1280000,0.25,407.117
2048,13824,312,7,1280000,0.25,410.951
2048,13824,313,11,1280000,0.25,417.515
2048,13824,314,6,1280000,0.25,410.462
2048,13824,315,6,1280000,0.25,409.411
2048,13824,316,6,1280000,0.25,408.671
2048,13824,317,7,1280000,0.25,409.383
2048,13824,318,10,1280000,0.25,410.731
2048,13824,319,9,1280000,0.25,413.671
2048,13824,320,9,1280000,0.25,410.946
2048,13824,321,9,1280000,0.25,411.588
2048,13824,322,10,1280000,0.25,412.714
2048,13824,323,11,1280000,0.25,408.728
2048,13824,324,9,1280000,0.25,412.061
2048,13824,325,8,1280000,0.25,411.502
2048,13824,326,11,1280000,0.25,411.577
2048,13824,327,9,1280000,0.25,412.139
2048,13824,328,13,1280000,0.25,412.113
2048,13824,329,10,1280000,0.25,411.762
2048,13824,330,7,1280000,0.25,412.293
2048,13824,331,7,1280000,0.25,411.732
2048,13824,332,8,1280000,0.25,410.903
2048,13824,333,11,1280000,0.25,413.801
2048,13824,334,10,1280000,0.25,412.817
2048,13824,335,13,1280000,0.25,412.143
2048,13824,336,10,1280000,0.25,411.575
2048,13824,337,6,1280000,0.25,411.386
2048,13824,338,9,1280000,0.25,411.283
2048,13824,339,8,1280000,0.25,410.033
2048,13824,340,5,1280000,0.25,407.843
2048,13824,341,6,1280000,0.25,406.352
2048,13824,342,7,1280000,0.25,409.502
2048,13824,343,9,1280000,0.25,411.039
2048,13824,344,7,1280000,0.25,410.441
2048,13824,345,6,1280000,0.25,409.611
2048,13824,346,7,1280000,0.25,409.57
2048,13824,347,11,1280000,0.25,411.577
2048,13824,348,9,1280000,0.25,411.636
2048,13824,349,11,1280000,0.25,412.199
2048,13824,350,8,1280000,0.25,409.323
2048,13824,351,7,1280000,0.25,404.385
2048,13824,352,6,1280000,0.25,410.854
2048,13824,353,8,1280000,0.25,410.527
2048,13824,354,8,1280000,0.25,412.545
2048,13824,355,12,1280000,0.25,412.595
2048,13824,356,9,1280000,0.25,412.114
2048,13824,357,7,1280000,0.25,410.696
2048,13824,358,10,1280000,0.25,408.986
2048,13824,359,11,1280000,0.25,412.565
2048,13824,360,9,1280000,0.25,412.769
2048,13824,361,5,1280000,0.25,408.678
2048,13824,362,8,1280000,0.25,411.82
2048,13824,363,7,1280000,0.25,406.456
2048,13824,364,8,1280000,0.25,410.901
2048,13824,365,11,1280000,0.25,411.57
2048,13824,366,10,1280000,0.25,410.984
2048,13824,367,9,1280000,0.25,412.202
2048,13824,368,9,1280000,0.25,412.068
2048,13824,369,5,1280000,0.25,406.86
2048,13824,370,11,1280000,0.25,412.479
2048,13824,371,8,1280000,0.25,411.332
2048,13824,372,9,1280000,0.25,412.502
2048,13824,373,15,1280000,0.25,413.107
2048,13824,374,11,1280000,0.25,411.298
2048,13824,375,14,1280000,0.25,412.1
2048,13824,376,6,1280000,0.25,413.992
2048,13824,377,6,1280000,0.25,407.794
2048,13824,378,13,1280000,0.25,412.505
2048,13824,379,7,1280000,0.25,410.455
2048,13824,380,13,1280000,0.25,412.802
2048,13824,381,5,1280000,0.25,403.475
2048,13824,382,7,1280000,0.25,407.646
2048,13824,383,7,1280000,0.25,410.658
2048,13824,384,11,1280000,0.25,413.278
2048,13824,385,7,1280000,0.25,409.001
2048,13824,386,8,1280000,0.25,412.023
2048,13824,387,7,1280000,0.25,412.495
2048,13824,388,11,1280000,0.25,412.347
2048,13824,389,6,1280000,0.25,408.525
2048,13824,390,9,1280000,0.25,411.498
2048,13824,391,13,1280000,0.25,412.927
2048,13824,392,9,1280000,0.25,412.461
2048,13824,393,10,1280000,0.25,412.17
2048,13824,394,12,1280000,0.25,412.004
2048,13824,395,10,1280000,0.25,410.22
2048,13824,396,6,1280000,0.25,411.153
2048,13824,397,11,1280000,0.25,412.029
2048,13824,398,9,1280000,0.25,412.778
2048,13824,399,11,1280000,0.25,413.209
2048,13824,400,11,1280000,0.25,413.246
4096,20275,1,0,2560000,0.25,0.020484
4096,20275,2,0,2560000,0.25,0.022692
4096,20275,3,0,2560000,0.25,0.024117
4096,20275,4,0,2560000,0.25,0.024943
4096,20275,5,0,2560000,0.25,0.024138
4096,20275,6,0,2560000,0.25,0.02282
4096,20275,7,0,2560000,0.25,0.023001
4096,20275,8,0,2560000,0.25,0.022555
4096,20275,9,0,2560000,0.25,0.023269
4096,20275,10,0,2560000,0.25,0.023446
4096,20275,11,0,2560000,0.25,0.022563
4096,20275,12,0,2560000,0.25,0.021812
4096,20275,13,0,2560000,0.25,0.024003
4096,20275,14,0,2560000,0.25,0.02383
4096,20275,15,0,2560000,0.25,0.022271
4096,20275,16,0,2560000,0.25,0.023029
4096,20275,17,0,2560000,0.25,0.024975
4096,20275,18,0,2560000,0.25,0.023635
4096,20275,19,0,2560000,0.25,0.024701
4096,20275,20,0,2560000,0.25,0.027021
4096,20275,21,0,2560000,0.25,0.024793
4096,20275,22,0,2560000,0.25,0.025567
4096,20275,23,0,2560000,0.25,0.023983
4096,20275,24,0,2560000,0.25,0.022088
4096,20275,25,0,2560000,0.25,0.021513
4096,20275,26,0,2560000,0.25,0.021441
4096,20275,27,0,2560000,0.25,0.023157
4096,20275,28,0,2560000,0.25,0.023354
4096,20275,29,0,2560000,0.25,0.026056
4096,20275,30,0,2560000,0.25,0.021505
4096,20275,31,0,2560000,0.25,0.0276
4096,20275,32,0,2560000,0.25,0.023203
4096,20275,33,0,2560000,0.25,0.024334
4096,20275,34,0,2560000,0.25,0.023924
4096,20275,35,0,2560000,0.25,0.022831
4096,20275,36,0,2560000,0.25,0.021633
4096,20275,37,0,2560000,0.25,0.022952
4096,20275,38,0,2560000,0.25,0.022726
4096,20275,39,0,2560000,0.25,0.023473
4096,20275,40,0,2560000,0.25,0.022765
4096,20275,41,0,2560000,0.25,0.022369
4096,20275,42,0,2560000,0.25,0.023551
4096,20275,43,0,2560000,0.25,0.022378
4096,20275,44,0,2560000,0.25,0.022616
4096,20275,45,0,2560000,0.25,0.023764
4096,20275,46,0,2560000,0.25,0.024195
4096,20275,47,0,2560000,0.25,0.023307
4096,20275,48,0,2560000,0.25,0.024684
4096,20275,49,0,2560000,0.25,0.023033
4096,20275,50,0,2560000,0.25,0.024127
4096,20275,51,0,2560000,0.25,0.021646
4096,20275,52,0,2560000,0.25,0.023131
4096,20275,53,0,2560000,0.25,0.023488
4096,20275,54,0,2560000,0.25,0.023331
4096,20275,55,0,2560000,0.25,0.022304
4096,20275,56,0,2560000,0.25,0.023408
4096,20275,57,0,2560000,0.25,0.026612
4096,20275,58,0,2560000,0.25,0.024671
4096,20275,59,0,2560000,0.25,0.022785
4096,20275,60,0,2560000,0.25,0.023597
4096,20275,61,0,2560000,0.25,0.021238
4096,20275,62,0,2560000,0.25,0.022821
4096,20275,63,0,2560000,0.25,0.021824
4096,20275,64,0,2560000,0.25,0.021857
4096,20275,65,0,2560000,0.25,0.024346
4096,20275,66,0,2560000,0.25,0.022788
4096,20275,67,0,2560000,0.25,0.024414
4096,20275,68,0,2560000,0.25,0.024707
4096,20275,69,0,2560000,0.25,0.021745
4096,20275,70,0,2560000,0.25,0.021808
4096,20275,71,0,2560000,0.25,0.023446
4096,20275,72,0,2560000,0.25,0.025174
4096,20275,73,0,2560000,0.25,0.022463
4096,20275,74,0,2560000,0.25,0.024375
4096,20275,75,0,2560000,0.25,0.021808
4096,20275,76,0,2560000,0.25,0.02367
4096,20275,77,0,2560000,0.25,0.026865
4096,20275,78,0,2560000,0.25,0.022341
4096,20275,79,0,2560000,0.25,0.023366
4096,20275,80,0,2560000,0.25,0.025634
4096,20275,81,0,2560000,0.25,0.023653
4096,20275,82,0,2560000,0.25,0.024599
4096,20275,83,0,2560000,0.25,0.022532
4096,20275,84,0,2560000,0.25,0.023571
4096,20275,85,0,2560000,0.25,0.024348
4096,20275,86,0,2560000,0.25,0.025371
4096,20275,87,0,2560000,0.25,0.023149
4096,20275,88,0,2560000,0.25,0.023715
4096,20275,89,0,2560000,0.25,0.023272
4096,20275,90,0,2560000,0.25,0.021849
4096,20275,91,0,2560000,0.25,0.025341
4096,20275,92,0,2560000,0.25,0.025287
4096,20275,93,0,2560000,0.25,0.02513
4096,20275,94,0,2560000,0.25,0.025568
4096,20275,95,0,2560000,0.25,0.023507
4096,20275,96,0,2560000,0.25,0.023125
4096,20275,97,0,2560000,0.25,0.020703
4096,20275,98,0,2560000,0.25,0.024897
4096,20275,99,0,2560000,0.25,0.023854
4096,20275,100,0,2560000,0.25,0.021052
4096,20275,101,0,2560000,0.25,0.025703
4096,20275,102,0,2560000,0.25,0.03264
4096,20275,103,0,2560000,0.25,0.023218
4096,20275,104,0,2560000,0.25,0.023853
4096,20275,105,0,2560000,0.25,0.023811
4096,20275,106,0,2560000,0.25,0.024499
4096,20275,107,0,2560000,0.25,0.021891
4096,20275,108,0,2560000,0.25,0.02316
4096,20275,109,0,2560000,0.25,0.026797
4096,20275,110,0,2560000,0.25,0.023044
4096,20275,111,0,2560000,0.25,0.022895
4096,20275,112,0,2560000,0.25,0.02378
4096,20275,113,0,2560000,0.25,0.022992
4096,20275,114,0,2560000,0.25,0.022939
4096,20275,115,0,2560000,0.25,0.024174
4096,20275,116,0,2560000,0.25,0.021414
4096,20275,117,0,2560000,0.25,0.025188
4096,20275,118,0,2560000,0.25,0.021902
4096,20275,119,0,2560000,0.25,0.023128
4096,20275,120,0,2560000,0.25,0.024147
4096,20275,121,0,2560000,0.25,0.022478
4096,20275,122,0,2560000,0.25,0.026124
4096,20275,123,0,2560000,0.25,0.023366
4096,20275,124,0,2560000,0.25,0.025628
4096,20275,125,0,2560000,0.25,0.020823
4096,20275,126,0,2560000,0.25,0.020764
4096,20275,127,0,2560000,0.25,0.02246
4096,20275,128,0,2560000,0.25,0.024025
4096,20275,129,0,2560000,0.25,0.026153
4096,20275,130,0,2560000,0.25,0.021115
4096,20275,131,0,2560000,0.25,0.022409
4096,20275,132,0,2560000,0.25,0.024948
4096,20275,133,0,2560000,0.25,0.022543
4096,20275,134,0,2560000,0.25,0.024399
4096,20275,135,0,2560000,0.25,0.022355
4096,20275,136,0,2560000,0.25,0.025689
4096,20275,137,0,2560000,0.25,0.022468
4096,20275,138,0,2560000,0.25,0.022957
4096,20275,139,0,2560000,0.25,0.023057
4096,20275,140,0,2560000,0.25,0.022315
4096,20275,141,0,2560000,0.25,0.021374
4096,20275,142,0,2560000,0.25,0.022801
4096,20275,143,0,2560000,0.25,0.021829
4096,20275,144,0,2560000,0.25,0.022202
4096,20275,145,0,2560000,0.25,0.024933
4096,20275,146,0,2560000,0.25,0.023047
4096,20275,147,0,2560000,0.25,0.024083
4096,20275,148,0,2560000,0.25,0.025485
4096,20275,149,0,2560000,0.25,0.020014
4096,20275,150,0,2560000,0.25,0.022219
4096,20275,151,0,2560000,0.25,0.021596
4096,20275,152,0,2560000,0.25,0.031215
4096,20275,153,0,2560000,0.25,0.024629
4096,20275,154,0,2560000,0.25,0.023224
4096,20275,155,0,2560000,0.25,0.021975
4096,20275,156,0,2560000,0.25,0.022437
4096,20275,157,0,2560000,0.25,0.021896
4096,20275,158,0,2560000,0.25,0.023884
4096,20275,159,0,2560000,0.25,0.02453
4096,20275,160,0,2560000,0.25,0.026031
4096,20275,161,0,2560000,0.25,0.022859
4096,20275,162,0,2560000,0.25,0.024546
4096,20275,163,0,2560000,0.25,0.022555
4096,20275,164,0,2560000,0.25,0.024071
4096,20275,165,0,2560000,0.25,0.02526
4096,20275,166,0,2560000,0.25,0.025072
4096,20275,167,0,2560000,0.25,0.024175
4096,20275,168,0,2560000,0.25,0.022907
4096,20275,169,0,2560000,0.25,0.022496
4096,20275,170,0,2560000,0.25,0.025336
4096,20275,171,0,2560000,0.25,0.023196
4096,20275,172,0,2560000,0.25,0.02119
4096,20275,173,0,2560000,0.25,0.022389
4096,20275,174,0,2560000,0.25,0.024782
4096,20275,175,0,2560000,0.25,0.022222
4096,20275,176,0,2560000,0.25,0.019921
4096,20275,177,0,2560000,0.25,0.023342
4096,20275,178,0,2560000,0.25,0.0309
4096,20275,179,0,2560000,0.25,0.022715
4096,20275,180,0,2560000,0.25,0.021082
4096,20275,181,0,2560000,0.25,0.022789
4096,20275,182,0,2560000,0.25,0.023814
4096,20275,183,0,2560000,0.25,0.022978
4096,20275,184,0,2560000,0.25,0.022551
4096,20275,185,0,2560000,0.25,0.023466
4096,20275,186,0,2560000,0.25,0.023586
4096,20275,187,0,2560000,0.25,0.025131
4096,20275,188,0,2560000,0.25,0.024828
4096,20275,189,0,2560000,0.25,0.022404
4096,20275,190,0,2560000,0.25,0.023576
4096,20275,191,0,2560000,0.25,0.022121
4096,20275,192,0,2560000,0.25,0.027011
4096,20275,193,0,2560000,0.25,0.023605
4096,20275,194,0,2560000,0.25,0.022749
4096,20275,195,0,2560000,0.25,0.022263
4096,20275,196,0,2560000,0.25,0.025503
4096,20275,197,0,2560000,0.25,0.020911
4096,20275,198,0,2560000,0.25,0.023449
4096,20275,199,0,2560000,0.25,0.023151
4096,20275,200,0,2560000,0.25,0.022029
4096,20275,201,0,2560000,0.25,0.021305
4096,20275,202,0,2560000,0.25,0.022609
4096,20275,203,0,2560000,0.25,0.022967
4096,20275,204,0,2560000,0.25,0.022215
4096,20275,205,0,2560000,0.25,0.024545
4096,20275,206,0,2560000,0.25,0.024166
4096,20275,207,0,2560000,0.25,0.021331
4096,20275,208,0,2560000,0.25,0.02483
4096,20275,209,0,2560000,0.25,0.021299
4096,20275,210,0,2560000,0.25,0.022734
4096,20275,211,0,2560000,0.25,0.024105
4096,20275,212,0,2560000,0.25,0.024359
4096,20275,213,0,2560000,0.25,0.023486
4096,20275,214,0,2560000,0.25,0.021187
4096,20275,215,0,2560000,0.25,0.021865
4096,20275,216,0,2560000,0.25,0.023534
4096,20275,217,0,2560000,0.25,0.024591
4096,20275,218,0,2560000,0.25,0.023022
4096,20275,219,0,2560000,0.25,0.02266
4096,20275,220,0,2560000,0.25,0.022637
4096,20275,221,0,2560000,0.25,0.024356
4096,20275,222,0,2560000,0.25,0.025561
4096,20275,223,0,2560000,0.25,0.024696
4096,20275,224,0,2560000,0.25,0.024908
4096,20275,225,0,2560000,0.25,0.023621
4096,20275,226,0,2560000,0.25,0.021487
4096,20275,227,0,2560000,0.25,0.02527
4096,20275,228,0,2560000,0.25,0.02621
4096,20275,229,0,2560000,0.25,0.025633
4096,20275,230,0,2560000,0.25,0.025504
4096,20275,231,0,2560000,0.25,0.028151
4096,20275,232,0,2560000,0.25,0.022962
4096,20275,233,0,2560000,0.25,0.021131
4096,20275,234,0,2560000,0.25,0.02118
4096,20275,235,0,2560000,0.25,0.026081
4096,20275,236,0,2560000,0.25,0.022633
4096,20275,237,0,2560000,0.25,0.022259
4096,20275,238,0,2560000,0.25,0.023248
4096,20275,239,0,2560000,0.25,0.023826
4096,20275,240,0,2560000,0.25,0.023677
4096,20275,241,0,2560000,0.25,0.022076
4096,20275,242,0,2560000,0.25,0.02447
4096,20275,243,0,2560000,0.25,0.023321
4096,20275,244,0,2560000,0.25,0.023017
4096,20275,245,0,2560000,0.25,0.022172
4096,20275,246,0,2560000,0.25,0.025479
4096,20275,247,0,2560000,0.25,0.024389
4096,20275,248,0,2560000,0.25,0.023605
4096,20275,249,0,2560000,0.25,0.023883
4096,20275,250,0,2560000,0.25,0.022869
4096,20275,251,0,2560000,0.25,0.022738
4096,20275,252,0,2560000,0.25,0.030579
4096,20275,253,0,2560000,0.25,0.027797
4096,20275,254,0,2560000,0.25,0.022855
4096,20275,255,0,2560000,0.25,0.023079
4096,20275,256,0,2560000,0.25,0.020792
4096,20275,257,0,2560000,0.25,0.023276
4096,20275,258,0,2560000,0.25,0.024133
4096,20275,259,0,2560000,0.25,0.022278
4096,20275,260,0,2560000,0.25,0.023898
4096,20275,261,0,2560000,0.25,0.022407
4096,20275,262,0,2560000,0.25,0.022682
4096,20275,263,0,2560000,0.25,0.021824
4096,20275,264,0,2560000,0.25,0.024442
4096,20275,265,0,2560000,0.25,0.02274
4096,20275,266,0,2560000,0.25,0.026164
4096,20275,267,0,2560000,0.25,0.022465
4096,20275,268,0,2560000,0.25,0.022785
4096,20275,269,0,2560000,0.25,0.025288
4096,20275,270,0,2560000,0.25,0.022792
4096,20275,271,0,2560000,0.25,0.02257
4096,20275,272,0,2560000,0.25,0.026557
4096,20275,273,0,2560000,0.25,0.023124
4096,20275,274,0,2560000,0.25,0.023972
4096,20275,275,0,2560000,0.25,0.025129
4096,20275,276,0,2560000,0.25,0.021255
4096,20275,277,0,2560000,0.25,0.024427
4096,20275,278,0,2560000,0.25,0.023141
4096,20275,279,0,2560000,0.25,0.023729
4096,20275,280,0,2560000,0.25,0.022715
4096,20275,281,0,2560000,0.25,0.023646
4096,20275,282,0,2560000,0.25,0.024508
4096,20275,283,0,2560000,0.25,0.02258
4096,20275,284,0,2560000,0.25,0.022089
4096,20275,285,0,2560000,0.25,0.024368
4096,20275,286,0,2560000,0.25,0.020998
4096,20275,287,0,2560000,0.25,0.022263
4096,20275,288,0,2560000,0.25,0.022272
4096,20275,289,0,2560000,0.25,0.022523
4096,20275,290,0,2560000,0.25,0.026078
4096,20275,291,0,2560000,0.25,0.023593
4096,20275,292,0,2560000,0.25,0.024606
4096,20275,293,0,2560000,0.25,0.023109
4096,20275,294,0,2560000,0.25,0.023285
4096,20275,295,0,2560000,0.25,0.024061
4096,20275,296,0,2560000,0.25,0.025251
4096,20275,297,0,2560000,0.25,0.023598
4096,20275,298,0,2560000,0.25,0.023941
4096,20275,299,0,2560000,0.25,0.024051
4096,20275,300,0,2560000,0.25,0.023362
4096,20275,301,0,2560000,0.25,0.022262
4096,20275,302,0,2560000,0.25,0.023783
4096,20275,303,0,2560000,0.25,0.025053
4096,20275,304,0,2560000,0.25,0.023385
4096,20275,305,0,2560000,0.25,0.024031
4096,20275,306,0,2560000,0.25,0.023121
4096,20275,307,0,2560000,0.25,0.023189
4096,20275,308,0,2560000,0.25,0.022708
4096,20275,309,0,2560000,0.25,0.024864
4096,20275,310,0,2560000,0.25,0.023842
4096,20275,311,0,2560000,0.25,0.024029
4096,20275,312,0,2560000,0.25,0.022794
4096,20275,313,0,2560000,0.25,0.022413
4096,20275,314,0,2560000,0.25,0.022111
4096,20275,315,0,2560000,0.25,0.02138
4096,20275,316,0,2560000,0.25,0.027032
4096,20275,317,0,2560000,0.25,0.022191
4096,20275,318,0,2560000,0.25,0.024118
4096,20275,319,0,2560000,0.25,0.024026
4096,20275,320,0,2560000,0.25,0.022549
4096,20275,321,0,2560000,0.25,0.023838
4096,20275,322,0,2560000,0.25,0.023645
4096,20275,323,0,2560000,0.25,0.026122
4096,20275,324,0,2560000,0.25,0.021495
4096,20275,325,0,2560000,0.25,0.023068
4096,20275,326,0,2560000,0.25,0.024377
4096,20275,327,0,2560000,0.25,0.022729
4096,20275,328,0,2560000,0.25,0.024081
4096,20275,329,0,2560000,0.25,0.022841
4096,20275,330,0,2560000,0.25,0.022581
4096,20275,331,0,2560000,0.25,0.023357
4096,20275,332,0,2560000,0.25,0.023014
4096,20275,333,0,2560000,0.25,0.021822
4096,20275,334,0,2560000,0.25,0.021725
4096,20275,335,0,2560000,0.25,0.023109
4096,20275,336,0,2560000,0.25,0.02365
4096,20275,337,0,2560000,0.25,0.023327
4096,20275,338,0,2560000,0.25,0.022104
4096,20275,339,0,2560000,0.25,0.022517
4096,20275,340,0,2560000,0.25,0.025823
4096,20275,341,0,2560000,0.25,0.026348
4096,20275,342,0,2560000,0.25,0.024343
4096,20275,343,0,2560000,0.25,0.026321
4096,20275,344,0,2560000,0.25,0.023055
4096,20275,345,0,2560000,0.25,0.022622
4096,20275,346,0,2560000,0.25,0.022395
4096,20275,347,0,2560000,0.25,0.024015
4096,20275,348,0,2560000,0.25,0.025346
4096,20275,349,0,2560000,0.25,0.023179
4096,20275,350,0,2560000,0.25,0.02234
4096,20275,351,0,2560000,0.25,0.021583
4096,20275,352,0,2560000,0.25,0.022827
4096,20275,353,0,2560000,0.25,0.024297
4096,20275,354,0,2560000,0.25,0.023951
4096,20275,355,0,2560000,0.25,0.022182
4096,20275,356,0,2560000,0.25,0.026004
4096,20275,357,0,2560000,0.25,0.022208
4096,20275,358,0,2560000,0.25,0.025949
4096,20275,359,0,2560000,0.25,0.023409
4096,20275,360,0,2560000,0.25,0.023673
4096,20275,361,0,2560000,0.25,0.022694
4096,20275,362,0,2560000,0.25,0.023772
4096,20275,363,0,2560000,0.25,0.022165
4096,20275,364,0,2560000,0.25,0.022217
4096,20275,365,0,2560000,0.25,0.023141
4096,20275,366,0,2560000,0.25,0.022131
4096,20275,367,0,2560000,0.25,0.021743
4096,20275,368,0,2560000,0.25,0.023431
4096,20275,369,0,2560000,0.25,0.020982
4096,20275,370,0,2560000,0.25,0.020734
4096,20275,371,0,2560000,0.25,0.022493
4096,20275,372,0,2560000,0.25,0.020791
4096,20275,373,0,2560000,0.25,0.022869
4096,20275,374,0,2560000,0.25,0.023812
4096,20275,375,0,2560000,0.25,0.022846
4096,20275,376,0,2560000,0.25,0.020761
4096,20275,377,0,2560000,0.25,0.0242
4096,20275,378,0,2560000,0.25,0.026499
4096,20275,379,0,2560000,0.25,0.02213
4096,20275,380,0,2560000,0.25,0.022968
4096,20275,381,0,2560000,0.25,0.022688
4096,20275,382,0,2560000,0.25,0.022229
4096,20275,383,0,2560000,0.25,0.024258
4096,20275,384,0,2560000,0.25,0.022554
4096,20275,385,0,2560000,0.25,0.021509
4096,20275,386,0,2560000,0.25,0.023345
4096,20275,387,0,2560000,0.25,0.021924
4096,20275,388,0,2560000,0.25,0.023674
4096,20275,389,0,2560000,0.25,0.025333
4096,20275,390,0,2560000,0.25,0.022664
4096,20275,391,0,2560000,0.25,0.023616
4096,20275,392,0,2560000,0.25,0.023597
4096,20275,393,0,2560000,0.25,0.025133
4096,20275,394,0,2560000,0.25,0.02459
4096,20275,395,0,2560000,0.25,0.026096
4096,20275,396,0,2560000,0.25,0.025222
4096,20275,397,0,2560000,0.25,0.02431
4096,20275,398,0,2560000,0.25,0.025446
4096,20275,399,0,2560000,0.25,0.023957
4096,20275,400,0,2560000,0.25,0.026248
4096,21094,1,0,2560000,0.25,0.030399
4096,21094,2,0,2560000,0.25,0.027074
4096,21094,3,0,2560000,0.25,0.028573
4096,21094,4,0,2560000,0.25,0.032997
4096,21094,5,0,2560000,0.25,0.025568
4096,21094,6,0,2560000,0.25,0.029071
4096,21094,7,0,2560000,0.25,0.028497
4096,21094,8,0,2560000,0.25,0.028335
4096,21094,9,0,2560000,0.25,0.028659
4096,21094,10,0,2560000,0.25,0.025279
4096,21094,11,0,2560000,0.25,0.031794
4096,21094,12,0,2560000,0.25,0.031918
4096,21094,13,0,2560000,0.25,0.027719
4096,21094,14,0,2560000,0.25,0.031303
4096,21094,15,0,2560000,0.25,0.030365
4096,21094,16,0,2560000,0.25,0.027589
4096,21094,17,0,2560000,0.25,0.02827
4096,21094,18,0,2560000,0.25,0.028484
4096,21094,19,0,2560000,0.25,0.029389
4096,21094,20,0,2560000,0.25,0.031644
4096,21094,21,0,2560000,0.25,0.026492
4096,21094,22,0,2560000,0.25,0.025752
4096,21094,23,0,2560000,0.25,0.025681
4096,21094,24,0,2560000,0.25,0.025803
4096,21094,25,0,2560000,0.25,0.029314
4096,21094,26,0,2560000,0.25,0.021515
4096,21094,27,0,2560000,0.25,0.030175
4096,21094,28,0,2560000,0.25,0.029306
4096,21094,29,0,2560000,0.25,0.027325
4096,21094,30,0,2560000,0.25,0.028472
4096,21094,31,0,2560000,0.25,0.029154
4096,21094,32,0,2560000,0.25,0.027184
4096,21094,33,0,2560000,0.25,0.028938
4096,21094,34,0,2560000,0.25,0.027068
4096,21094,35,0,2560000,0.25,0.025914
4096,21094,36,0,2560000,0.25,0.032045
4096,21094,37,0,2560000,0.25,0.027482
4096,21094,38,0,2560000,0.25,0.026694
4096,21094,39,0,2560000,0.25,0.028989
4096,21094,40,0,2560000,0.25,0.027715
4096,21094,41,0,2560000,0.25,0.027924
4096,21094,42,0,2560000,0.25,0.028674
4096,21094,43,0,2560000,0.25,0.029397
4096,21094,44,0,2560000,0.25,0.031373
4096,21094,45,0,2560000,0.25,0.027617
4096,21094,46,0,2560000,0.25,0.029802
4096,21094,47,0,2560000,0.25,0.026134
4096,21094,48,0,2560000,0.25,0.029504
4096,21094,49,0,2560000,0.25,0.032555
4096,21094,50,0,2560000,0.25,0.029354
4096,21094,51,0,2560000,0.25,0.027463
4096,21094,52,0,2560000,0.25,0.029105
4096,21094,53,0,2560000,0.25,0.029923
4096,21094,54,0,2560000,0.25,0.030737
4096,21094,55,0,2560000,0.25,0.026768
4096,21094,56,0,2560000,0.25,0.024775
4096,21094,57,0,2560000,0.25,0.027203
4096,21094,58,0,2560000,0.25,0.0289
4096,21094,59,0,2560000,0.25,0.02809
4096,21094,60,0,2560000,0.25,0.028444
4096,21094,61,0,2560000,0.25,0.029817
4096,21094,62,0,2560000,0.25,0.030531
4096,21094,63,0,2560000,0.25,0.029707
4096,21094,64,0,2560000,0.25,0.031243
4096,21094,65,0,2560000,0.25,0.026327
4096,21094,66,0,2560000,0.25,0.025133
4096,21094,67,0,2560000,0.25,0.028965
4096,21094,68,0,2560000,0.25,0.02746
4096,21094,69,0,2560000,0.25,0.028568
4096,21094,70,0,2560000,0.25,0.028567
4096,21094,71,0,2560000,0.25,0.031027
4096,21094,72,0,2560000,0.25,0.034481
4096,21094,73,0,2560000,0.25,0.029615
4096,21094,74,0,2560000,0.25,0.025062
4096,21094,75,0,2560000,0.25,0.028836
4096,21094,76,0,2560000,0.25,0.027864
4096,21094,77,0,2560000,0.25,0.028938
4096,21094,78,0,2560000,0.25,0.02766
4096,21094,79,0,2560000,0.25,0.034214
4096,21094,80,0,2560000,0.25,0.029551
4096,21094,81,0,2560000,0.25,0.028944
4096,21094,82,0,2560000,0.25,0.029977
4096,21094,83,0,2560000,0.25,0.029199
4096,21094,84,0,2560000,0.25,0.028544
4096,21094,85,0,2560000,0.25,0.027616
4096,21094,86,0,2560000,0.25,0.032437
4096,21094,87,0,2560000,0.25,0.027241
4096,21094,88,0,2560000,0.25,0.029129
4096,21094,89,0,2560000,0.25,0.029521
4096,21094,90,0,2560000,0.25,0.029808
4096,21094,91,0,2560000,0.25,0.026798
4096,21094,92,0,2560000,0.25,0.026893
4096,21094,93,0,2560000,0.25,0.02715
4096,21094,94,0,2560000,0.25,0.026923
4096,21094,95,0,2560000,0.25,0.031556
4096,21094,96,0,2560000,0.25,0.025433
4096,21094,97,0,2560000,0.25,0.027362
4096,21094,98,0,2560000,0.25,0.028075
4096,21094,99,0,2560000,0.25,0.027923
4096,21094,100,0,2560000,0.25,0.026558
4096,21094,101,0,2560000,0.25,0.024156
4096,21094,102,0,2560000,0.25,0.024687
4096,21094,103,0,2560000,0.25,0.028275
4096,21094,104,0,2560000,0.25,0.030409
4096,21094,105,0,2560000,0.25,0.028587
4096,21094,106,0,2560000,0.25,0.025785
4096,21094,107,0,2560000,0.25,0.027863
4096,21094,108,0,2560000,0.25,0.028736
4096,21094,109,0,2560000,0.25,0.027607
4096,21094,110,0,2560000,0.25,0.027985
4096,21094,111,0,2560000,0.25,0.028723
4096,21094,112,0,2560000,0.25,0.027505
4096,21094,113,0,2560000,0.25,0.027031
4096,21094,114,0,2560000,0.25,0.02944
4096,21094,115,0,2560000,0.25,0.029071
4096,21094,116,0,2560000,0.25,0.034308
4096,21094,117,0,2560000,0.25,0.031247
4096,21094,118,0,2560000,0.25,0.027303
4096,21094,119,0,2560000,0.25,0.032787
4096,21094,120,0,2560000,0.25,0.028283
4096,21094,121,0,2560000,0.25,0.030083
4096,21094,122,0,2560000,0.25,0.028179
4096,21094,123,0,2560000,0.25,0.028671
4096,21094,124,0,2560000,0.25,0.031513
4096,21094,125,0,2560000,0.25,0.019793
4096,21094,126,0,2560000,0.25,0.022495
4096,21094,127,0,2560000,0.25,0.027458
4096,21094,128,0,2560000,0.25,0.029536
4096,21094,129,0,2560000,0.25,0.024027
4096,21094,130,0,2560000,0.25,0.03147
4096,21094,131,0,2560000,0.25,0.030518
4096,21094,132,0,2560000,0.25,0.027274
4096,21094,133,0,2560000,0.25,0.024733
4096,21094,134,0,2560000,0.25,0.028691
4096,21094,135,0,2560000,0.25,0.024973
4096,21094,136,0,2560000,0.25,0.027877
4096,21094,137,0,2560000,0.25,0.026522
4096,21094,138,0,2560000,0.25,0.027404
4096,21094,139,0,2560000,0.25,0.025876
4096,21094,140,0,2560000,0.25,0.031794
4096,21094,141,0,2560000,0.25,0.025517
4096,21094,142,0,2560000,0.25,0.031629
4096,21094,143,0,2560000,0.25,0.027886
4096,21094,144,0,2560000,0.25,0.025937
4096,21094,145,0,2560000,0.25,0.025998
4096,21094,146,0,2560000,0.25,0.032543
4096,21094,147,0,2560000,0.25,0.028495
4096,21094,148,0,2560000,0.25,0.027526
4096,21094,149,0,2560000,0.25,0.028421
4096,21094,150,0,2560000,0.25,0.028916
4096,21094,151,0,2560000,0.25,0.025672
4096,21094,152,0,2560000,0.25,0.027149
4096,21094,153,0,2560000,0.25,0.028452
4096,21094,154,0,2560000,0.25,0.031171
4096,21094,155,0,2560000,0.25,0.032602
4096,21094,156,0,2560000,0.25,0.030394
4096,21094,157,0,2560000,0.25,0.027335
4096,21094,158,0,2560000,0.25,0.025523
4096,21094,159,0,2560000,0.25,0.027655
4096,21094,160,0,2560000,0.25,0.029113
4096,21094,161,0,2560000,0.25,0.027151
4096,21094,162,0,2560000,0.25,0.026439
4096,21094,163,0,2560000,0.25,0.028821
4096,21094,164,0,2560000,0.25,0.035483
4096,21094,165,0,2560000,0.25,0.027783
4096,21094,166,0,2560000,0.25,0.026393
4096,21094,167,0,2560000,0.25,0.027723
4096,21094,168,0,2560000,0.25,0.028408
4096,21094,169,0,2560000,0.25,0.026442
4096,21094,170,0,2560000,0.25,0.029417
4096,21094,171,0,2560000,0.25,0.027501
4096,21094,172,0,2560000,0.25,0.029887
4096,21094,173,0,2560000,0.25,0.026436
4096,21094,174,0,2560000,0.25,0.027101
4096,21094,175,0,2560000,0.25,0.030642
4096,21094,176,0,2560000,0.25,0.024157
4096,21094,177,0,2560000,0.25,0.03233
4096,21094,178,0,2560000,0.25,0.028552
4096,21094,179,0,2560000,0.25,0.027907
4096,21094,180,0,2560000,0.25,0.029878
4096,21094,181,0,2560000,0.25,0.026615
4096,21094,182,0,2560000,0.25,0.030701
4096,21094,183,0,2560000,0.25,0.029681
4096,21094,184,0,2560000,0.25,0.032371
4096,21094,185,0,2560000,0.25,0.023225
4096,21094,186,0,2560000,0.25,0.029831
4096,21094,187,0,2560000,0.25,0.030101
4096,21094,188,0,2560000,0.25,0.028755
4096,21094,189,0,2560000,0.25,0.030897
4096,21094,190,0,2560000,0.25,0.027089
4096,21094,191,0,2560000,0.25,0.030755
4096,21094,192,0,2560000,0.25,0.029861
4096,21094,193,0,2560000,0.25,0.02822
4096,21094,194,0,2560000,0.25,0.025131
4096,21094,195,0,2560000,0.25,0.029828
4096,21094,196,0,2560000,0.25,0.031856
4096,21094,197,0,2560000,0.25,0.026873
4096,21094,198,0,2560000,0.25,0.025892
4096,21094,199,0,2560000,0.25,0.02713
4096,21094,200,0,2560000,0.25,0.028464
4096,21094,201,0,2560000,0.25,0.033088
4096,21094,202,0,2560000,0.25,0.029435
4096,21094,203,0,2560000,0.25,0.027939
4096,21094,204,0,2560000,0.25,0.029122
4096,21094,205,0,2560000,0.25,0.028444
4096,21094,206,0,2560000,0.25,0.028023
4096,21094,207,0,2560000,0.25,0.025083
4096,21094,208,0,2560000,0.25,0.02664
4096,21094,209,0,2560000,0.25,0.02778
4096,21094,210,0,2560000,0.25,0.028146
4096,21094,211,0,2560000,0.25,0.025834
4096,21094,212,0,2560000,0.25,0.030767
4096,21094,213,0,2560000,0.25,0.025531
4096,21094,214,0,2560000,0.25,0.028084
4096,21094,215,0,2560000,0.25,0.028417
4096,21094,216,0,2560000,0.25,0.027928
4096,21094,217,0,2560000,0.25,0.031576
4096,21094,218,0,2560000,0.25,0.027184
4096,21094,219,0,2560000,0.25,0.027834
4096,21094,220,0,2560000,0.25,0.029895
4096,21094,221,0,2560000,0.25,0.030904
4096,21094,222,0,2560000,0.25,0.02929
4096,21094,223,0,2560000,0.25,0.026423
4096,21094,224,0,2560000,0.25,0.031023
4096,21094,225,0,2560000,0.25,0.033127
4096,21094,226,0,2560000,0.25,0.026038
4096,21094,227,0,2560000,0.25,0.026983
4096,21094,228,0,2560000,0.25,0.03314
4096,21094,229,0,2560000,0.25,0.031101
4096,21094,230,0,2560000,0.25,0.028532
4096,21094,231,0,2560000,0.25,0.029656
4096,21094,232,0,2560000,0.25,0.033658
4096,21094,233,0,2560000,0.25,0.030146
4096,21094,234,0,2560000,0.25,0.02742
4096,21094,235,0,2560000,0.25,0.032287
4096,21094,236,0,2560000,0.25,0.03034
4096,21094,237,0,2560000,0.25,0.027821
4096,21094,238,0,2560000,0.25,0.02596
4096,21094,239,0,2560000,0.25,0.026263
4096,21094,240,0,2560000,0.25,0.032193
4096,21094,241,0,2560000,0.25,0.030368
4096,21094,242,0,2560000,0.25,0.02685
4096,21094,243,0,2560000,0.25,0.030263
4096,21094,244,0,2560000,0.25,0.030663
4096,21094,245,0,2560000,0.25,0.028972
4096,21094,246,0,2560000,0.25,0.030054
4096,21094,247,0,2560000,0.25,0.029748
4096,21094,248,0,2560000,0.25,0.031752
4096,21094,249,0,2560000,0.25,0.029515
4096,21094,250,0,2560000,0.25,0.017087
4096,21094,251,0,2560000,0.25,0.023881
4096,21094,252,0,2560000,0.25,0.034311
4096,21094,253,0,2560000,0.25,0.027678
4096,21094,254,0,2560000,0.25,0.027374
4096,21094,255,0,2560000,0.25,0.027718
4096,21094,256,0,2560000,0.25,0.030218
4096,21094,257,0,2560000,0.25,0.02655
4096,21094,258,0,2560000,0.25,0.023569
4096,21094,259,0,2560000,0.25,0.026706
4096,21094,260,0,2560000,0.25,0.027639
4096,21094,261,0,2560000,0.25,0.028287
4096,21094,262,0,2560000,0.25,0.030924
4096,21094,263,0,2560000,0.25,0.029735
4096,21094,264,0,2560000,0.25,0.027306
4096,21094,265,0,2560000,0.25,0.029505
4096,21094,266,0,2560000,0.25,0.029053
4096,21094,267,0,2560000,0.25,0.027719
4096,21094,268,0,2560000,0.25,0.03365
4096,21094,269,0,2560000,0.25,0.03413
4096,21094,270,0,2560000,0.25,0.027579
4096,21094,271,0,2560000,0.25,0.029043
4096,21094,272,0,2560000,0.25,0.023783
4096,21094,273,0,2560000,0.25,0.027345
4096,21094,274,0,2560000,0.25,0.018381
4096,21094,275,0,2560000,0.25,0.028218
4096,21094,276,0,2560000,0.25,0.022566
4096,21094,277,0,2560000,0.25,0.027598
4096,21094,278,0,2560000,0.25,0.029974
4096,21094,279,0,2560000,0.25,0.029245
4096,21094,280,0,2560000,0.25,0.028513
4096,21094,281,0,2560000,0.25,0.027258
4096,21094,282,0,2560000,0.25,0.029715
4096,21094,283,0,2560000,0.25,0.025689
4096,21094,284,0,2560000,0.25,0.028935
4096,21094,285,0,2560000,0.25,0.031868
4096,21094,286,0,2560000,0.25,0.029007
4096,21094,287,0,2560000,0.25,0.028872
4096,21094,288,0,2560000,0.25,0.025642
4096,21094,289,0,2560000,0.25,0.02835
4096,21094,290,0,2560000,0.25,0.026341
4096,21094,291,0,2560000,0.25,0.032602
4096,21094,292,0,2560000,0.25,0.028611
4096,21094,293,0,2560000,0.25,0.030557
4096,21094,294,0,2560000,0.25,0.029267
4096,21094,295,0,2560000,0.25,0.025171
4096,21094,296,0,2560000,0.25,0.027918
4096,21094,297,0,2560000,0.25,0.026997
4096,21094,298,0,2560000,0.25,0.030832
4096,21094,299,0,2560000,0.25,0.025869
4096,21094,300,0,2560000,0.25,0.025989
4096,21094,301,0,2560000,0.25,0.028514
4096,21094,302,0,2560000,0.25,0.027472
4096,21094,303,0,2560000,0.25,0.028404
4096,21094,304,0,2560000,0.25,0.030185
4096,21094,305,0,2560000,0.25,0.031491
4096,21094,306,0,2560000,0.25,0.029225
4096,21094,307,0,2560000,0.25,0.026641
4096,21094,308,0,2560000,0.25,0.028747
4096,21094,309,0,2560000,0.25,0.031725
4096,21094,310,0,2560000,0.25,0.031196
4096,21094,311,0,2560000,0.25,0.029513
4096,21094,312,0,2560000,0.25,0.028951
4096,21094,313,0,2560000,0.25,0.02887
4096,21094,314,0,2560000,0.25,0.027723
4096,21094,315,0,2560000,0.25,0.024776
4096,21094,316,0,2560000,0.25,0.030067
4096,21094,317,0,2560000,0.25,0.028632
4096,21094,318,0,2560000,0.25,0.027632
4096,21094,319,0,2560000,0.25,0.026365
4096,21094,320,0,2560000,0.25,0.031311
4096,21094,321,0,2560000,0.25,0.028333
4096,21094,322,0,2560000,0.25,0.032826
4096,21094,323,0,2560000,0.25,0.023004
4096,21094,324,0,2560000,0.25,0.028152
4096,21094,325,0,2560000,0.25,0.028822
4096,21094,326,0,2560000,0.25,0.028872
4096,21094,327,0,2560000,0.25,0.02893
4096,21094,328,0,2560000,0.25,0.026232
4096,21094,329,0,2560000,0.25,0.03491
4096,21094,330,0,2560000,0.25,0.027247
4096,21094,331,0,2560000,0.25,0.030839
4096,21094,332,0,2560000,0.25,0.029933
4096,21094,333,0,2560000,0.25,0.030739
4096,21094,334,0,2560000,0.25,0.028971
4096,21094,335,0,2560000,0.25,0.029558
4096,21094,336,0,2560000,0.25,0.027755
4096,21094,337,0,2560000,0.25,0.028704
4096,21094,338,0,2560000,0.25,0.026177
4096,21094,339,0,2560000,0.25,0.02622
4096,21094,340,0,2560000,0.25,0.025063
4096,21094,341,0,2560000,0.25,0.030352
4096,21094,342,0,2560000,0.25,0.030249
4096,21094,343,0,2560000,0.25,0.026255
4096,21094,344,0,2560000,0.25,0.02944
4096,21094,345,0,2560000,0.25,0.028165
4096,21094,346,0,2560000,0.25,0.030583
4096,21094,347,0,2560000,0.25,0.027833
4096,21094,348,0,2560000,0.25,0.033715
4096,21094,349,0,2560000,0.25,0.026583
4096,21094,350,0,2560000,0.25,0.029736
4096,21094,351,0,2560000,0.25,0.027484
4096,21094,352,0,2560000,0.25,0.028434
4096,21094,353,0,2560000,0.25,0.030439
4096,21094,354,0,2560000,0.25,0.030215
4096,21094,355,0,2560000,0.25,0.025945
4096,21094,356,0,2560000,0.25,0.029635
4096,21094,357,0,2560000,0.25,0.029801
4096,21094,358,0,2560000,0.25,0.027221
4096,21094,359,0,2560000,0.25,0.028116
4096,21094,360,0,2560000,0.25,0.024247
4096,21094,361,0,2560000,0.25,0.027832
4096,21094,362,0,2560000,0.25,0.029
4096,21094,363,0,2560000,0.25,0.030942
4096,21094,364,0,2560000,0.25,0.025501
4096,21094,365,0,2560000,0.25,0.029466
4096,21094,366,0,2560000,0.25,0.021297
4096,21094,367,0,2560000,0.25,0.022809
4096,21094,368,0,2560000,0.25,0.019773
4096,21094,369,0,2560000,0.25,0.023458
4096,21094,370,0,2560000,0.25,0.017378
4096,21094,371,0,2560000,0.25,0.022802
4096,21094,372,0,2560000,0.25,0.017147
4096,21094,373,0,2560000,0.25,0.030704
4096,21094,374,0,2560000,0.25,0.027409
4096,21094,375,0,2560000,0.25,0.03107
4096,21094,376,0,2560000,0.25,0.023448
4096,21094,377,0,2560000,0.25,0.028148
4096,21094,378,0,2560000,0.25,0.023939
4096,21094,379,0,2560000,0.25,0.033267
4096,21094,380,0,2560000,0.25,0.029774
4096,21094,381,0,2560000,0.25,0.02637
4096,21094,382,0,2560000,0.25,0.030441
4096,21094,383,0,2560000,0.25,0.028145
4096,21094,384,0,2560000,0.25,0.02782
4096,21094,385,0,2560000,0.25,0.02941
4096,21094,386,0,2560000,0.25,0.027034
4096,21094,387,0,2560000,0.25,0.025519
4096,21094,388,0,2560000,0.25,0.028458
4096,21094,389,0,2560000,0.25,0.028335
4096,21094,390,0,2560000,0.25,0.028678
4096,21094,391,0,2560000,0.25,0.026069
4096,21094,392,0,2560000,0.25,0.031657
4096,21094,393,0,2560000,0.25,0.028541
4096,21094,394,0,2560000,0.25,0.026187
4096,21094,395,0,2560000,0.25,0.026021
4096,21094,396,0,2560000,0.25,0.021836
4096,21094,397,0,2560000,0.25,0.030028
4096,21094,398,0,2560000,0.25,0.028444
4096,21094,399,0,2560000,0.25,0.026489
4096,21094,400,0,2560000,0.25,0.033176
4096,21914,1,0,2560000,0.25,0.051634
4096,21914,2,0,2560000,0.25,0.043278
4096,21914,3,0,2560000,0.25,0.035629
4096,21914,4,0,2560000,0.25,0.02775
4096,21914,5,0,2560000,0.25,0.037315
4096,21914,6,0,2560000,0.25,0.033519
4096,21914,7,0,2560000,0.25,0.036643
4096,21914,8,0,2560000,0.25,0.040931
4096,21914,9,0,2560000,0.25,0.039893
4096,21914,10,0,2560000,0.25,0.038345
4096,21914,11,0,2560000,0.25,0.036422
4096,21914,12,0,2560000,0.25,0.036969
4096,21914,13,0,2560000,0.25,0.036001
4096,21914,14,0,2560000,0.25,0.040292
4096,21914,15,0,2560000,0.25,0.041936
4096,21914,16,0,2560000,0.25,0.035184
4096,21914,17,0,2560000,0.25,0.036775
4096,21914,18,0,2560000,0.25,0.036737
4096,21914,19,0,2560000,0.25,0.036132
4096,21914,20,0,2560000,0.25,0.04391
4096,21914,21,0,2560000,0.25,0.031705
4096,21914,22,0,2560000,0.25,0.031832
4096,21914,23,0,2560000,0.25,0.038803
4096,21914,24,0,2560000,0.25,0.036672
4096,21914,25,0,2560000,0.25,0.041996
4096,21914,26,0,2560000,0.25,0.039531
4096,21914,27,0,2560000,0.25,0.035051
4096,21914,28,0,2560000,0.25,0.036283
4096,21914,29,0,2560000,0.25,0.039751
4096,21914,30,0,2560000,0.25,0.037774
4096,21914,31,0,2560000,0.25,0.034137
4096,21914,32,0,2560000,0.25,0.039159
4096,21914,33,0,2560000,0.25,0.042887
4096,21914,34,0,2560000,0.25,0.047794
4096,21914,35,0,2560000,0.25,0.040158
4096,21914,36,0,2560000,0.25,0.043668
4096,21914,37,0,2560000,0.25,0.036051
4096,21914,38,0,2560000,0.25,0.038134
4096,21914,39,0,2560000,0.25,0.041182
4096,21914,40,0,2560000,0.25,0.041724
4096,21914,41,0,2560000,0.25,0.040241
4096,21914,42,0,2560000,0.25,0.042615
4096,21914,43,0,2560000,0.25,0.037044
4096,21914,44,0,2560000,0.25,0.045652
4096,21914,45,0,2560000,0.25,0.037301
4096,21914,46,0,2560000,0.25,0.038419
4096,21914,47,0,2560000,0.25,0.05248
4096,21914,48,0,2560000,0.25,0.037932
4096,21914,49,0,2560000,0.25,0.03618
4096,21914,50,0,2560000,0.25,0.042339
4096,21914,51,0,2560000,0.25,0.033012
4096,21914,52,0,2560000,0.25,0.039388
4096,21914,53,0,2560000,0.25,0.041801
4096,21914,54,0,2560000,0.25,0.038613
4096,21914,55,0,2560000,0.25,0.035766
4096,21914,56,0,2560000,0.25,0.040838
4096,21914,57,0,2560000,0.25,0.036541
4096,21914,58,0,2560000,0.25,0.033849
4096,21914,59,0,2560000,0.25,0.039574
4096,21914,60,0,2560000,0.25,0.039485
4096,21914,61,0,2560000,0.25,0.043641
4096,21914,62,0,2560000,0.25,0.036808
4096,21914,63,0,2560000,0.25,0.03784
4096,21914,64,0,2560000,0.25,0.040685
4096,21914,65,0,2560000,0.25,0.041096
4096,21914,66,0,2560000,0.25,0.041337
4096,21914,67,0,2560000,0.25,0.042335
4096,21914,68,0,2560000,0.25,0.040005
4096,21914,69,0,2560000,0.25,0.039349
4096,21914,70,0,2560000,0.25,0.041267
4096,21914,71,0,2560000,0.25,0.035968
4096,21914,72,0,2560000,0.25,0.036636
4096,21914,73,0,2560000,0.25,0.036503
4096,21914,74,0,2560000,0.25,0.041336
4096,21914,75,0,2560000,0.25,0.039216
4096,21914,76,0,2560000,0.25,0.04064
4096,21914,77,0,2560000,0.25,0.039475
4096,21914,78,0,2560000,0.25,0.032674
4096,21914,79,0,2560000,0.25,0.036006
4096,21914,80,0,2560000,0.25,0.034194
4096,21914,81,0,2560000,0.25,0.034035
4096,21914,82,0,2560000,0.25,0.039353
4096,21914,83,0,2560000,0.25,0.038162
4096,21914,84,0,2560000,0.25,0.037385
4096,21914,85,0,2560000,0.25,0.047189
4096,21914,86,0,2560000,0.25,0.037934
4096,21914,87,0,2560000,0.25,0.042256
4096,21914,88,0,2560000,0.25,0.031285
4096,21914,89,0,2560000,0.25,0.039914
4096,21914,90,0,2560000,0.25,0.03469
4096,21914,91,0,2560000,0.25,0.043725
4096,21914,92,0,2560000,0.25,0.03961
4096,21914,93,0,2560000,0.25,0.041342
4096,21914,94,0,2560000,0.25,0.041081
4096,21914,95,0,2560000,0.25,0.039589
4096,21914,96,0,2560000,0.25,0.028929
4096,21914,97,0,2560000,0.25,0.034944
4096,21914,98,0,2560000,0.25,0.035141
4096,21914,99,0,2560000,0.25,0.038341
4096,21914,100,0,2560000,0.25,0.038752
4096,21914,101,0,2560000,0.25,0.033125
4096,21914,102,0,2560000,0.25,0.038782
4096,21914,103,0,2560000,0.25,0.039613
4096,21914,104,0,2560000,0.25,0.037852
4096,21914,105,0,2560000,0.25,0.042924
4096,21914,106,0,2560000,0.25,0.038132
4096,21914,107,0,2560000,0.25,0.038735
4096,21914,108,0,2560000,0.25,0.038878
4096,21914,109,0,2560000,0.25,0.035268
4096,21914,110,0,2560000,0.25,0.031855
4096,21914,111,0,2560000,0.25,0.033161
4096,21914,112,0,2560000,0.25,0.038837
4096,21914,113,0,2560000,0.25,0.034447
4096,21914,114,0,2560000,0.25,0.03633
4096,21914,115,0,2560000,0.25,0.03202
4096,21914,116,0,2560000,0.25,0.035668
4096,21914,117,0,2560000,0.25,0.039734
4096,21914,118,0,2560000,0.25,0.041501
4096,21914,119,0,2560000,0.25,0.035912
4096,21914,120,0,2560000,0.25,0.042804
4096,21914,121,0,2560000,0.25,0.043779
4096,21914,122,0,2560000,0.25,0.03451
4096,21914,123,0,2560000,0.25,0.042697
4096,21914,124,0,2560000,0.25,0.034355
4096,21914,125,0,2560000,0.25,0.034335
4096,21914,126,0,2560000,0.25,0.034215
4096,21914,127,0,2560000,0.25,0.035805
4096,21914,128,0,2560000,0.25,0.040383
4096,21914,129,0,2560000,0.25,0.039941
4096,21914,130,0,2560000,0.25,0.036422
4096,21914,131,0,2560000,0.25,0.042689
4096,21914,132,0,2560000,0.25,0.044225
4096,21914,133,0,2560000,0.25,0.036625
4096,21914,134,0,2560000,0.25,0.036024
4096,21914,135,0,2560000,0.25,0.035508
4096,21914,136,0,2560000,0.25,0.034259
4096,21914,137,0,2560000,0.25,0.041237
4096,21914,138,0,2560000,0.25,0.038482
4096,21914,139,0,2560000,0.25,0.046522
4096,21914,140,0,2560000,0.25,0.02918
4096,21914,141,0,2560000,0.25,0.030249
4096,21914,142,0,2560000,0.25,0.032978
4096,21914,143,0,2560000,0.25,0.030335
4096,21914,144,0,2560000,0.25,0.035457
4096,21914,145,0,2560000,0.25,0.032951
4096,21914,146,0,2560000,0.25,0.038342
4096,21914,147,0,2560000,0.25,0.038725
4096,21914,148,0,2560000,0.25,0.03901
4096,21914,149,0,2560000,0.25,0.043111
4096,21914,150,0,2560000,0.25,0.033189
4096,21914,151,0,2560000,0.25,0.038312
4096,21914,152,0,2560000,0.25,0.038046
4096,21914,153,0,2560000,0.25,0.037076
4096,21914,154,0,2560000,0.25,0.034973
4096,21914,155,0,2560000,0.25,0.04078
4096,21914,156,0,2560000,0.25,0.044401
4096,21914,157,0,2560000,0.25,0.041411
4096,21914,158,0,2560000,0.25,0.036269
4096,21914,159,0,2560000,0.25,0.041039
4096,21914,160,0,2560000,0.25,0.041263
4096,21914,161,0,2560000,0.25,0.033994
4096,21914,162,0,2560000,0.25,0.038077
4096,21914,163,0,2560000,0.25,0.039552
4096,21914,164,0,2560000,0.25,0.037207
4096,21914,165,0,2560000,0.25,0.036671
4096,21914,166,0,2560000,0.25,0.035691
4096,21914,167,0,2560000,0.25,0.038699
4096,21914,168,0,2560000,0.25,0.03943
4096,21914,169,0,2560000,0.25,0.036044
4096,21914,170,0,2560000,0.25,0.04246
4096,21914,171,0,2560000,0.25,0.033263
4096,21914,172,0,2560000,0.25,0.026062
4096,21914,173,0,2560000,0.25,0.026089
4096,21914,174,0,2560000,0.25,0.029492
4096,21914,175,0,2560000,0.25,0.02873
4096,21914,176,0,2560000,0.25,0.037959
4096,21914,177,0,2560000,0.25,0.039693
4096,21914,178,0,2560000,0.25,0.041991
4096,21914,179,0,2560000,0.25,0.035096
4096,21914,180,0,2560000,0.25,0.03927
4096,21914,181,0,2560000,0.25,0.035914
4096,21914,182,0,2560000,0.25,0.042276
4096,21914,183,0,2560000,0.25,0.032405
4096,21914,184,0,2560000,0.25,0.041334
4096,21914,185,0,2560000,0.25,0.034375
4096,21914,186,0,2560000,0.25,0.036164
4096,21914,187,0,2560000,0.25,0.037959
4096,21914,188,0,2560000,0.25,0.0353
4096,21914,189,0,2560000,0.25,0.03852
4096,21914,190,0,2560000,0.25,0.039061
4096,21914,191,0,2560000,0.25,0.039581
4096,21914,192,0,2560000,0.25,0.038726
4096,21914,193,0,2560000,0.25,0.036797
4096,21914,194,0,2560000,0.25,0.041873
4096,21914,195,0,2560000,0.25,0.036341
4096,21914,196,0,2560000,0.25,0.039683
4096,21914,197,0,2560000,0.25,0.034997
4096,21914,198,0,2560000,0.25,0.029656
4096,21914,199,0,2560000,0.25,0.03062
4096,21914,200,0,2560000,0.25,0.030179
4096,21914,201,0,2560000,0.25,0.037431
4096,21914,202,0,2560000,0.25,0.040928
4096,21914,203,0,2560000,0.25,0.040179
4096,21914,204,0,2560000,0.25,0.037939
4096,21914,205,0,2560000,0.25,0.038668
4096,21914,206,0,2560000,0.25,0.052619
4096,21914,207,0,2560000,0.25,0.038035
4096,21914,208,0,2560000,0.25,0.033478
4096,21914,209,0,2560000,0.25,0.037707
4096,21914,210,0,2560000,0.25,0.036217
4096,21914,211,0,2560000,0.25,0.037097
4096,21914,212,0,2560000,0.25,0.040107
4096,21914,213,0,2560000,0.25,0.041475
4096,21914,214,0,2560000,0.25,0.043011
4096,21914,215,0,2560000,0.25,0.038612
4096,21914,216,0,2560000,0.25,0.04444
4096,21914,217,0,2560000,0.25,0.055568
4096,21914,218,0,2560000,0.25,0.045497
4096,21914,219,0,2560000,0.25,0.037512
4096,21914,220,0,2560000,0.25,0.034443
4096,21914,221,0,2560000,0.25,0.037766
4096,21914,222,0,2560000,0.25,0.043095
4096,21914,223,0,2560000,0.25,0.036254
4096,21914,224,0,2560000,0.25,0.039027
4096,21914,225,0,2560000,0.25,0.047301
4096,21914,226,0,2560000,0.25,0.032878
4096,21914,227,0,2560000,0.25,0.04116
4096,21914,228,0,2560000,0.25,0.036549
4096,21914,229,0,2560000,0.25,0.042972
4096,21914,230,0,2560000,0.25,0.035242
4096,21914,231,0,2560000,0.25,0.042643
4096,21914,232,0,2560000,0.25,0.036251
4096,21914,233,0,2560000,0.25,0.03461
4096,21914,234,0,2560000,0.25,0.033052
4096,21914,235,0,2560000,0.25,0.04271
4096,21914,236,0,2560000,0.25,0.036895
4096,21914,237,0,2560000,0.25,0.035886
4096,21914,238,0,2560000,0.25,0.037279
4096,21914,239,0,2560000,0.25,0.035551
4096,21914,240,0,2560000,0.25,0.039069
4096,21914,241,0,2560000,0.25,0.036457
4096,21914,242,0,2560000,0.25,0.03954
4096,21914,243,0,2560000,0.25,0.034925
4096,21914,244,0,2560000,0.25,0.037689
4096,21914,245,0,2560000,0.25,0.035816
4096,21914,246,0,2560000,0.25,0.03741
4096,21914,247,0,2560000,0.25,0.03969
4096,21914,248,0,2560000,0.25,0.040292
4096,21914,249,0,2560000,0.25,0.040388
4096,21914,250,0,2560000,0.25,0.043339
4096,21914,251,0,2560000,0.25,0.032323
4096,21914,252,0,2560000,0.25,0.039152
4096,21914,253,0,2560000,0.25,0.038999
4096,21914,254,0,2560000,0.25,0.041696
4096,21914,255,0,2560000,0.25,0.046242
4096,21914,256,0,2560000,0.25,0.035042
4096,21914,257,0,2560000,0.25,0.034484
4096,21914,258,0,2560000,0.25,0.03334
4096,21914,259,0,2560000,0.25,0.045258
4096,21914,260,0,2560000,0.25,0.03782
4096,21914,261,0,2560000,0.25,0.036637
4096,21914,262,0,2560000,0.25,0.044114
4096,21914,263,0,2560000,0.25,0.038267
4096,21914,264,0,2560000,0.25,0.04039
4096,21914,265,0,2560000,0.25,0.050137
4096,21914,266,0,2560000,0.25,0.038615
4096,21914,267,0,2560000,0.25,0.044309
4096,21914,268,0,2560000,0.25,0.037559
4096,21914,269,0,2560000,0.25,0.043198
4096,21914,270,0,2560000,0.25,0.050142
4096,21914,271,0,2560000,0.25,0.043496
4096,21914,272,0,2560000,0.25,0.035754
4096,21914,273,0,2560000,0.25,0.039395
4096,21914,274,0,2560000,0.25,0.03617
4096,21914,275,0,2560000,0.25,0.036517
4096,21914,276,0,2560000,0.25,0.035269
4096,21914,277,0,2560000,0.25,0.036834
4096,21914,278,0,2560000,0.25,0.036712
4096,21914,279,0,2560000,0.25,0.033446
4096,21914,280,0,2560000,0.25,0.040419
4096,21914,281,0,2560000,0.25,0.039685
4096,21914,282,0,2560000,0.25,0.041135
4096,21914,283,0,2560000,0.25,0.037025
4096,21914,284,0,2560000,0.25,0.037932
4096,21914,285,0,2560000,0.25,0.037191
4096,21914,286,0,2560000,0.25,0.03753
4096,21914,287,0,2560000,0.25,0.036538
4096,21914,288,0,2560000,0.25,0.038016
4096,21914,289,0,2560000,0.25,0.037866
4096,21914,290,0,2560000,0.25,0.039953
4096,21914,291,0,2560000,0.25,0.040019
4096,21914,292,0,2560000,0.25,0.035409
4096,21914,293,0,2560000,0.25,0.037034
4096,21914,294,0,2560000,0.25,0.038146
4096,21914,295,0,2560000,0.25,0.036871
4096,21914,296,0,2560000,0.25,0.042896
4096,21914,297,0,2560000,0.25,0.038943
4096,21914,298,0,2560000,0.25,0.036944
4096,21914,299,0,2560000,0.25,0.041589
4096,21914,300,0,2560000,0.25,0.036699
4096,21914,301,0,2560000,0.25,0.036078
4096,21914,302,0,2560000,0.25,0.046419
4096,21914,303,0,2560000,0.25,0.034154
4096,21914,304,0,2560000,0.25,0.034731
4096,21914,305,0,2560000,0.25,0.037374
4096,21914,306,0,2560000,0.25,0.044871
4096,21914,307,0,2560000,0.25,0.036657
4096,21914,308,0,2560000,0.25,0.035442
4096,21914,309,0,2560000,0.25,0.0299
4096,21914,310,0,2560000,0.25,0.038852
4096,21914,311,0,2560000,0.25,0.0389
4096,21914,312,0,2560000,0.25,0.034148
4096,21914,313,0,2560000,0.25,0.039745
4096,21914,314,0,2560000,0.25,0.040593
4096,21914,315,0,2560000,0.25,0.045535
4096,21914,316,0,2560000,0.25,0.036839
4096,21914,317,0,2560000,0.25,0.039228
4096,21914,318,0,2560000,0.25,0.038704
4096,21914,319,0,2560000,0.25,0.038798
4096,21914,320,0,2560000,0.25,0.034199
4096,21914,321,0,2560000,0.25,0.039143
4096,21914,322,0,2560000,0.25,0.039785
4096,21914,323,0,2560000,0.25,0.03525
4096,21914,324,0,2560000,0.25,0.036491
4096,21914,325,0,2560000,0.25,0.029999
4096,21914,326,0,2560000,0.25,0.040301
4096,21914,327,0,2560000,0.25,0.03911
4096,21914,328,0,2560000,0.25,0.039258
4096,21914,329,0,2560000,0.25,0.046499
4096,21914,330,0,2560000,0.25,0.033078
4096,21914,331,0,2560000,0.25,0.040387
4096,21914,332,0,2560000,0.25,0.035886
4096,21914,333,0,2560000,0.25,0.037414
4096,21914,334,0,2560000,0.25,0.047854
4096,21914,335,0,2560000,0.25,0.03748
4096,21914,336,0,2560000,0.25,0.034334
4096,21914,337,0,2560000,0.25,0.033225
4096,21914,338,0,2560000,0.25,0.042776
4096,21914,339,0,2560000,0.25,0.036355
4096,21914,340,0,2560000,0.25,0.037089
4096,21914,341,0,2560000,0.25,0.038858
4096,21914,342,0,2560000,0.25,0.040165
4096,21914,343,0,2560000,0.25,0.037705
4096,21914,344,0,2560000,0.25,0.050669
4096,21914,345,0,2560000,0.25,0.042925
4096,21914,346,0,2560000,0.25,0.033304
4096,21914,347,0,2560000,0.25,0.045274
4096,21914,348,0,2560000,0.25,0.038057
4096,21914,349,0,2560000,0.25,0.038271
4096,21914,350,0,2560000,0.25,0.034884
4096,21914,351,0,2560000,0.25,0.032991
4096,21914,352,0,2560000,0.25,0.037156
4096,21914,353,0,2560000,0.25,0.038784
4096,21914,354,0,2560000,0.25,0.033539
4096,21914,355,0,2560000,0.25,0.034232
4096,21914,356,0,2560000,0.25,0.047087
4096,21914,357,0,2560000,0.25,0.045989
4096,21914,358,0,2560000,0.25,0.038315
4096,21914,359,0,2560000,0.25,0.04049
4096,21914,360,0,2560000,0.25,0.032832
4096,21914,361,0,2560000,0.25,0.041683
4096,21914,362,0,2560000,0.25,0.040442
4096,21914,363,0,2560000,0.25,0.03245
4096,21914,364,0,2560000,0.25,0.040396
4096,21914,365,0,2560000,0.25,0.040735
4096,21914,366,0,2560000,0.25,0.034365
4096,21914,367,0,2560000,0.25,0.038955
4096,21914,368,0,2560000,0.25,0.042387
4096,21914,369,0,2560000,0.25,0.032675
4096,21914,370,0,2560000,0.25,0.025798
4096,21914,371,0,2560000,0.25,0.034669
4096,21914,372,0,2560000,0.25,0.027314
4096,21914,373,0,2560000,0.25,0.039159
4096,21914,374,0,2560000,0.25,0.037187
4096,21914,375,0,2560000,0.25,0.04516
4096,21914,376,0,2560000,0.25,0.033843
4096,21914,377,0,2560000,0.25,0.042831
4096,21914,378,0,2560000,0.25,0.033866
4096,21914,379,0,2560000,0.25,0.044086
4096,21914,380,0,2560000,0.25,0.033574
4096,21914,381,0,2560000,0.25,0.034004
4096,21914,382,0,2560000,0.25,0.044999
4096,21914,383,0,2560000,0.25,0.035658
4096,21914,384,0,2560000,0.25,0.037399
4096,21914,385,0,2560000,0.25,0.037855
4096,21914,386,0,2560000,0.25,0.036787
4096,21914,387,0,2560000,0.25,0.03664
4096,21914,388,0,2560000,0.25,0.036053
4096,21914,389,0,2560000,0.25,0.035859
4096,21914,390,0,2560000,0.25,0.041164
4096,21914,391,0,2560000,0.25,0.041028
4096,21914,392,0,2560000,0.25,0.045637
4096,21914,393,0,2560000,0.25,0.040602
4096,21914,394,0,2560000,0.25,0.039859
4096,21914,395,0,2560000,0.25,0.037013
4096,21914,396,0,2560000,0.25,0.037428
4096,21914,397,0,2560000,0.25,0.040503
4096,21914,398,0,2560000,0.25,0.038465
4096,21914,399,0,2560000,0.25,0.034664
4096,21914,400,0,2560000,0.25,0.03183
4096,22733,1,0,2560000,0.25,0.045477
4096,22733,2,0,2560000,0.25,0.05961
4096,22733,3,0,2560000,0.25,0.051176
4096,22733,4,0,2560000,0.25,0.049666
4096,22733,5,0,2560000,0.25,0.046947
4096,22733,6,0,2560000,0.25,0.069861
4096,22733,7,0,2560000,0.25,0.066173
4096,22733,8,0,2560000,0.25,0.055025
4096,22733,9,0,2560000,0.25,0.058645
4096,22733,10,0,2560000,0.25,0.057638
4096,22733,11,0,2560000,0.25,0.050543
4096,22733,12,0,2560000,0.25,0.054945
4096,22733,13,0,2560000,0.25,0.049942
4096,22733,14,0,2560000,0.25,0.061943
4096,22733,15,0,2560000,0.25,0.052173
4096,22733,16,0,2560000,0.25,0.057462
4096,22733,17,0,2560000,0.25,0.068063
4096,22733,18,0,2560000,0.25,0.060663
4096,22733,19,0,2560000,0.25,0.062358
4096,22733,20,0,2560000,0.25,0.060305
4096,22733,21,0,2560000,0.25,0.063797
4096,22733,22,0,2560000,0.25,0.057569
4096,22733,23,0,2560000,0.25,0.059544
4096,22733,24,0,2560000,0.25,0.062819
4096,22733,25,0,2560000,0.25,0.055644
4096,22733,26,0,2560000,0.25,0.050142
4096,22733,27,0,2560000,0.25,0.047113
4096,22733,28,0,2560000,0.25,0.062794
4096,22733,29,0,2560000,0.25,0.054004
4096,22733,30,0,2560000,0.25,0.053684
4096,22733,31,0,2560000,0.25,0.048597
4096,22733,32,0,2560000,0.25,0.055311
4096,22733,33,0,2560000,0.25,0.051784
4096,22733,34,0,2560000,0.25,0.058676
4096,22733,35,0,2560000,0.25,0.059896
4096,22733,36,0,2560000,0.25,0.058548
4096,22733,37,0,2560000,0.25,0.060349
4096,22733,38,0,2560000,0.25,0.064053
4096,22733,39,0,2560000,0.25,0.058746
4096,22733,40,0,2560000,0.25,0.064324
4096,22733,41,0,2560000,0.25,0.046823
4096,22733,42,0,2560000,0.25,0.047888
4096,22733,43,0,2560000,0.25,0.061268
4096,22733,44,0,2560000,0.25,0.054434
4096,22733,45,0,2560000,0.25,0.066694
4096,22733,46,0,2560000,0.25,0.072387
4096,22733,47,0,2560000,0.25,0.067073
4096,22733,48,0,2560000,0.25,0.052155
4096,22733,49,0,2560000,0.25,0.056404
4096,22733,50,0,2560000,0.25,0.065387
4096,22733,51,0,2560000,0.25,0.043792
4096,22733,52,0,2560000,0.25,0.067132
4096,22733,53,0,2560000,0.25,0.051092
4096,22733,54,0,2560000,0.25,0.054893
4096,22733,55,0,2560000,0.25,0.075835
4096,22733,56,0,2560000,0.25,0.06613
4096,22733,57,0,2560000,0.25,0.054985
4096,22733,58,0,2560000,0.25,0.050041
4096,22733,59,0,2560000,0.25,0.058833
4096,22733,60,0,2560000,0.25,0.066737
4096,22733,61,0,2560000,0.25,0.059071
4096,22733,62,0,2560000,0.25,0.070721
4096,22733,63,0,2560000,0.25,0.063509
4096,22733,64,0,2560000,0.25,0.061336
4096,22733,65,0,2560000,0.25,0.055405
4096,22733,66,0,2560000,0.25,0.063534
4096,22733,67,0,2560000,0.25,0.048958
4096,22733,68,0,2560000,0.25,0.042808
4096,22733,69,0,2560000,0.25,0.036626
4096,22733,70,0,2560000,0.25,0.041784
4096,22733,71,0,2560000,0.25,0.049317
4096,22733,72,0,2560000,0.25,0.066469
4096,22733,73,0,2560000,0.25,0.053947
4096,22733,74,0,2560000,0.25,0.058492
4096,22733,75,0,2560000,0.25,0.054253
4096,22733,76,0,2560000,0.25,0.048222
4096,22733,77,0,2560000,0.25,0.067119
4096,22733,78,0,2560000,0.25,0.063967
4096,22733,79,0,2560000,0.25,0.045645
4096,22733,80,0,2560000,0.25,0.049474
4096,22733,81,0,2560000,0.25,0.053218
4096,22733,82,0,2560000,0.25,0.055418
4096,22733,83,0,2560000,0.25,0.063259
4096,22733,84,0,2560000,0.25,0.055228
4096,22733,85,0,2560000,0.25,0.060439
4096,22733,86,0,2560000,0.25,0.056877
4096,22733,87,0,2560000,0.25,0.058123
4096,22733,88,0,2560000,0.25,0.049027
4096,22733,89,0,2560000,0.25,0.069512
4096,22733,90,0,2560000,0.25,0.069496
4096,22733,91,0,2560000,0.25,0.066918
4096,22733,92,0,2560000,0.25,0.075587
4096,22733,93,0,2560000,0.25,0.047297
4096,22733,94,0,2560000,0.25,0.046221
4096,22733,95,0,2560000,0.25,0.069909
4096,22733,96,0,2560000,0.25,0.044766
4096,22733,97,0,2560000,0.25,0.065913
4096,22733,98,0,2560000,0.25,0.059129
4096,22733,99,0,2560000,0.25,0.065433
4096,22733,100,0,2560000,0.25,0.056773
4096,22733,101,0,2560000,0.25,0.064621
4096,22733,102,0,2560000,0.25,0.066722
4096,22733,103,0,2560000,0.25,0.073872
4096,22733,104,0,2560000,0.25,0.048738
4096,22733,105,0,2560000,0.25,0.049797
4096,22733,106,0,2560000,0.25,0.048856
4096,22733,107,0,2560000,0.25,0.064579
4096,22733,108,0,2560000,0.25,0.069216
4096,22733,109,0,2560000,0.25,0.042553
4096,22733,110,0,2560000,0.25,0.043106
4096,22733,111,0,2560000,0.25,0.049209
4096,22733,112,0,2560000,0.25,0.05911
4096,22733,113,0,2560000,0.25,0.054408
4096,22733,114,0,2560000,0.25,0.067771
4096,22733,115,0,2560000,0.25,0.06606
4096,22733,116,0,2560000,0.25,0.044351
4096,22733,117,0,2560000,0.25,0.050317
4096,22733,118,0,2560000,0.25,0.062536
4096,22733,119,0,2560000,0.25,0.047249
4096,22733,120,0,2560000,0.25,0.06786
4096,22733,121,0,2560000,0.25,0.049272
4096,22733,122,0,2560000,0.25,0.053413
4096,22733,123,0,2560000,0.25,0.060564
4096,22733,124,0,2560000,0.25,0.065149
4096,22733,125,0,2560000,0.25,0.055533
4096,22733,126,0,2560000,0.25,0.043236
4096,22733,127,0,2560000,0.25,0.06481
4096,22733,128,0,2560000,0.25,0.053859
4096,22733,129,0,2560000,0.25,0.087499
4096,22733,130,0,2560000,0.25,0.048891
4096,22733,131,0,2560000,0.25,0.05107
4096,22733,132,0,2560000,0.25,0.046417
4096,22733,133,0,2560000,0.25,0.056986
4096,22733,134,0,2560000,0.25,0.049436
4096,22733,135,0,2560000,0.25,0.075339
4096,22733,136,0,2560000,0.25,0.07344
4096,22733,137,0,2560000,0.25,0.051364
4096,22733,138,0,2560000,0.25,0.069753
4096,22733,139,0,2560000,0.25,0.067949
4096,22733,140,0,2560000,0.25,0.061155
4096,22733,141,0,2560000,0.25,0.060053
4096,22733,142,0,2560000,0.25,0.051711
4096,22733,143,0,2560000,0.25,0.049408
4096,22733,144,0,2560000,0.25,0.074844
4096,22733,145,0,2560000,0.25,0.052552
4096,22733,146,0,2560000,0.25,0.055249
4096,22733,147,0,2560000,0.25,0.061581
4096,22733,148,0,2560000,0.25,0.059525
4096,22733,149,0,2560000,0.25,0.062528
4096,22733,150,0,2560000,0.25,0.067054
4096,22733,151,0,2560000,0.25,0.051808
4096,22733,152,0,2560000,0.25,0.055931
4096,22733,153,0,2560000,0.25,0.062757
4096,22733,154,0,2560000,0.25,0.054064
4096,22733,155,0,2560000,0.25,0.060845
4096,22733,156,0,2560000,0.25,0.059299
4096,22733,157,0,2560000,0.25,0.057366
4096,22733,158,0,2560000,0.25,0.061484
4096,22733,159,0,2560000,0.25,0.049229
4096,22733,160,0,2560000,0.25,0.062965
4096,22733,161,0,2560000,0.25,0.055794
4096,22733,162,0,2560000,0.25,0.057497
4096,22733,163,0,2560000,0.25,0.048877
4096,22733,164,0,2560000,0.25,0.076331
4096,22733,165,0,2560000,0.25,0.056962
4096,22733,166,0,2560000,0.25,0.055914
4096,22733,167,0,2560000,0.25,0.066816
4096,22733,168,0,2560000,0.25,0.05085
4096,22733,169,0,2560000,0.25,0.055956
4096,22733,170,0,2560000,0.25,0.049795
4096,22733,171,0,2560000,0.25,0.038244
4096,22733,172,0,2560000,0.25,0.063931
4096,22733,173,0,2560000,0.25,0.049741
4096,22733,174,0,2560000,0.25,0.050236
4096,22733,175,0,2560000,0.25,0.071716
4096,22733,176,0,2560000,0.25,0.057365
4096,22733,177,0,2560000,0.25,0.05958
4096,22733,178,0,2560000,0.25,0.060803
4096,22733,179,0,2560000,0.25,0.053077
4096,22733,180,0,2560000,0.25,0.061484
4096,22733,181,0,2560000,0.25,0.047667
4096,22733,182,0,2560000,0.25,0.059892
4096,22733,183,0,2560000,0.25,0.057586
4096,22733,184,0,2560000,0.25,0.058507
4096,22733,185,0,2560000,0.25,0.051998
4096,22733,186,0,2560000,0.25,0.056776
4096,22733,187,0,2560000,0.25,0.059616
4096,22733,188,0,2560000,0.25,0.067638
4096,22733,189,0,2560000,0.25,0.065204
4096,22733,190,0,2560000,0.25,0.059281
4096,22733,191,0,2560000,0.25,0.044197
4096,22733,192,0,2560000,0.25,0.060739
4096,22733,193,0,2560000,0.25,0.060599
4096,22733,194,0,2560000,0.25,0.048367
4096,22733,195,0,2560000,0.25,0.048133
4096,22733,196,0,2560000,0.25,0.053448
4096,22733,197,0,2560000,0.25,0.046891
4096,22733,198,0,2560000,0.25,0.047291
4096,22733,199,0,2560000,0.25,0.055316
4096,22733,200,0,2560000,0.25,0.053956
4096,22733,201,0,2560000,0.25,0.049272
4096,22733,202,0,2560000,0.25,0.059793
4096,22733,203,0,2560000,0.25,0.047737
4096,22733,204,0,2560000,0.25,0.07545
4096,22733,205,0,2560000,0.25,0.046542
4096,22733,206,0,2560000,0.25,0.062046
4096,22733,207,0,2560000,0.25,0.061365
4096,22733,208,0,2560000,0.25,0.057466
4096,22733,209,0,2560000,0.25,0.058142
4096,22733,210,0,2560000,0.25,0.052314
4096,22733,211,0,2560000,0.25,0.048705
4096,22733,212,0,2560000,0.25,0.055263
4096,22733,213,0,2560000,0.25,0.067683
4096,22733,214,0,2560000,0.25,0.065823
4096,22733,215,0,2560000,0.25,0.04645
4096,22733,216,0,2560000,0.25,0.049298
4096,22733,217,0,2560000,0.25,0.053259
4096,22733,218,0,2560000,0.25,0.057881
4096,22733,219,0,2560000,0.25,0.063957
4096,22733,220,0,2560000,0.25,0.048358
4096,22733,221,0,2560000,0.25,0.061495
4096,22733,222,0,2560000,0.25,0.053226
4096,22733,223,0,2560000,0.25,0.05771
4096,22733,224,0,2560000,0.25,0.051318
4096,22733,225,0,2560000,0.25,0.06466
4096,22733,226,0,2560000,0.25,0.05695
4096,22733,227,0,2560000,0.25,0.053123
4096,22733,228,0,2560000,0.25,0.046009
4096,22733,229,0,2560000,0.25,0.06244
4096,22733,230,0,2560000,0.25,0.061198
4096,22733,231,0,2560000,0.25,0.057705
4096,22733,232,0,2560000,0.25,0.061486
4096,22733,233,0,2560000,0.25,0.063302
4096,22733,234,0,2560000,0.25,0.060298
4096,22733,235,0,2560000,0.25,0.06754
4096,22733,236,0,2560000,0.25,0.079352
4096,22733,237,0,2560000,0.25,0.075857
4096,22733,238,0,2560000,0.25,0.061032
4096,22733,239,0,2560000,0.25,0.052762
4096,22733,240,0,2560000,0.25,0.059711
4096,22733,241,0,2560000,0.25,0.058509
4096,22733,242,0,2560000,0.25,0.067234
4096,22733,243,0,2560000,0.25,0.052824
4096,22733,244,0,2560000,0.25,0.041505
4096,22733,245,0,2560000,0.25,0.06163
4096,22733,246,0,2560000,0.25,0.045784
4096,22733,247,0,2560000,0.25,0.055673
4096,22733,248,0,2560000,0.25,0.055715
4096,22733,249,0,2560000,0.25,0.062129
4096,22733,250,0,2560000,0.25,0.055556
4096,22733,251,0,2560000,0.25,0.052729
4096,22733,252,0,2560000,0.25,0.04621
4096,22733,253,0,2560000,0.25,0.057865
4096,22733,254,0,2560000,0.25,0.060828
4096,22733,255,0,2560000,0.25,0.071049
4096,22733,256,0,2560000,0.25,0.058239
4096,22733,257,0,2560000,0.25,0.053836
4096,22733,258,0,2560000,0.25,0.051486
4096,22733,259,0,2560000,0.25,0.091488
4096,22733,260,0,2560000,0.25,0.052255
4096,22733,261,0,2560000,0.25,0.068684
4096,22733,262,0,2560000,0.25,0.051929
4096,22733,263,0,2560000,0.25,0.060509
4096,22733,264,0,2560000,0.25,0.080078
4096,22733,265,0,2560000,0.25,0.057375
4096,22733,266,0,2560000,0.25,0.065991
4096,22733,267,0,2560000,0.25,0.055779
4096,22733,268,0,2560000,0.25,0.049565
4096,22733,269,0,2560000,0.25,0.071528
4096,22733,270,0,2560000,0.25,0.070661
4096,22733,271,0,2560000,0.25,0.073064
4096,22733,272,0,2560000,0.25,0.058791
4096,22733,273,0,2560000,0.25,0.050557
4096,22733,274,0,2560000,0.25,0.054681
4096,22733,275,0,2560000,0.25,0.045062
4096,22733,276,0,2560000,0.25,0.056326
4096,22733,277,0,2560000,0.25,0.054226
4096,22733,278,0,2560000,0.25,0.051092
4096,22733,279,0,2560000,0.25,0.05994
4096,22733,280,0,2560000,0.25,0.04924
4096,22733,281,0,2560000,0.25,0.064983
4096,22733,282,0,2560000,0.25,0.052844
4096,22733,283,0,2560000,0.25,0.055266
4096,22733,284,0,2560000,0.25,0.068094
4096,22733,285,0,2560000,0.25,0.056025
4096,22733,286,0,2560000,0.25,0.074377
4096,22733,287,0,2560000,0.25,0.055327
4096,22733,288,0,2560000,0.25,0.071679
4096,22733,289,0,2560000,0.25,0.054982
4096,22733,290,0,2560000,0.25,0.054645
4096,22733,291,0,2560000,0.25,0.058762
4096,22733,292,0,2560000,0.25,0.052758
4096,22733,293,0,2560000,0.25,0.050954
4096,22733,294,0,2560000,0.25,0.066655
4096,22733,295,0,2560000,0.25,0.047094
4096,22733,296,0,2560000,0.25,0.071671
4096,22733,297,0,2560000,0.25,0.078754
4096,22733,298,0,2560000,0.25,0.051492
4096,22733,299,0,2560000,0.25,0.060047
4096,22733,300,0,2560000,0.25,0.056371
4096,22733,301,0,2560000,0.25,0.052296
4096,22733,302,0,2560000,0.25,0.05096
4096,22733,303,0,2560000,0.25,0.05196
4096,22733,304,0,2560000,0.25,0.060538
4096,22733,305,0,2560000,0.25,0.05586
4096,22733,306,0,2560000,0.25,0.050424
4096,22733,307,0,2560000,0.25,0.065762
4096,22733,308,0,2560000,0.25,0.05866
4096,22733,309,0,2560000,0.25,0.057711
4096,22733,310,0,2560000,0.25,0.067975
4096,22733,311,0,2560000,0.25,0.062909
4096,22733,312,0,2560000,0.25,0.055983
4096,22733,313,0,2560000,0.25,0.055174
4096,22733,314,0,2560000,0.25,0.052581
4096,22733,315,0,2560000,0.25,0.045935
4096,22733,316,0,2560000,0.25,0.050067
4096,22733,317,0,2560000,0.25,0.06007
4096,22733,318,0,2560000,0.25,0.071855
4096,22733,319,0,2560000,0.25,0.040826
4096,22733,320,0,2560000,0.25,0.062532
4096,22733,321,0,2560000,0.25,0.060461
4096,22733,322,0,2560000,0.25,0.052376
4096,22733,323,0,2560000,0.25,0.051772
4096,22733,324,0,2560000,0.25,0.039195
4096,22733,325,0,2560000,0.25,0.04735
4096,22733,326,0,2560000,0.25,0.052542
4096,22733,327,0,2560000,0.25,0.061856
4096,22733,328,0,2560000,0.25,0.055454
4096,22733,329,0,2560000,0.25,0.054267
4096,22733,330,0,2560000,0.25,0.052627
4096,22733,331,0,2560000,0.25,0.070709
4096,22733,332,0,2560000,0.25,0.062183
4096,22733,333,0,2560000,0.25,0.059707
4096,22733,334,0,2560000,0.25,0.050869
4096,22733,335,0,2560000,0.25,0.063607
4096,22733,336,0,2560000,0.25,0.065047
4096,22733,337,0,2560000,0.25,0.073289
4096,22733,338,0,2560000,0.25,0.056445
4096,22733,339,0,2560000,0.25,0.055799
4096,22733,340,0,2560000,0.25,0.061263
4096,22733,341,0,2560000,0.25,0.049765
4096,22733,342,0,2560000,0.25,0.061149
4096,22733,343,0,2560000,0.25,0.057581
4096,22733,344,0,2560000,0.25,0.055578
4096,22733,345,0,2560000,0.25,0.052125
4096,22733,346,0,2560000,0.25,0.065111
4096,22733,347,0,2560000,0.25,0.067756
4096,22733,348,0,2560000,0.25,0.067584
4096,22733,349,0,2560000,0.25,0.062018
4096,22733,350,0,2560000,0.25,0.042234
4096,22733,351,0,2560000,0.25,0.056345
4096,22733,352,0,2560000,0.25,0.053875
4096,22733,353,0,2560000,0.25,0.054857
4096,22733,354,0,2560000,0.25,0.045557
4096,22733,355,0,2560000,0.25,0.052476
4096,22733,356,0,2560000,0.25,0.060495
4096,22733,357,0,2560000,0.25,0.061311
4096,22733,358,0,2560000,0.25,0.055507
4096,22733,359,0,2560000,0.25,0.054435
4096,22733,360,0,2560000,0.25,0.058408
4096,22733,361,0,2560000,0.25,0.053255
4096,22733,362,0,2560000,0.25,0.054143
4096,22733,363,0,2560000,0.25,0.05401
4096,22733,364,0,2560000,0.25,0.060354
4096,22733,365,0,2560000,0.25,0.064936
4096,22733,366,0,2560000,0.25,0.067648
4096,22733,367,0,2560000,0.25,0.053884
4096,22733,368,0,2560000,0.25,0.050998
4096,22733,369,0,2560000,0.25,0.046724
4096,22733,370,0,2560000,0.25,0.044341
4096,22733,371,0,2560000,0.25,0.047075
4096,22733,372,0,2560000,0.25,0.059525
4096,22733,373,0,2560000,0.25,0.059193
4096,22733,374,0,2560000,0.25,0.055968
4096,22733,375,0,2560000,0.25,0.05988
4096,22733,376,0,2560000,0.25,0.054653
4096,22733,377,0,2560000,0.25,0.060913
4096,22733,378,0,2560000,0.25,0.054895
4096,22733,379,0,2560000,0.25,0.070205
4096,22733,380,0,2560000,0.25,0.047103
4096,22733,381,0,2560000,0.25,0.060647
4096,22733,382,0,2560000,0.25,0.061979
4096,22733,383,0,2560000,0.25,0.050425
4096,22733,384,0,2560000,0.25,0.044382
4096,22733,385,0,2560000,0.25,0.057972
4096,22733,386,0,2560000,0.25,0.067437
4096,22733,387,0,2560000,0.25,0.060042
4096,22733,388,0,2560000,0.25,0.075903
4096,22733,389,0,2560000,0.25,0.060751
4096,22733,390,0,2560000,0.25,0.058065
4096,22733,391,0,2560000,0.25,0.066126
4096,22733,392,0,2560000,0.25,0.051259
4096,22733,393,0,2560000,0.25,0.052438
4096,22733,394,0,2560000,0.25,0.065516
4096,22733,395,0,2560000,0.25,0.061776
4096,22733,396,0,2560000,0.25,0.066787
4096,22733,397,0,2560000,0.25,0.046028
4096,22733,398,0,2560000,0.25,0.052334
4096,22733,399,0,2560000,0.25,0.046621
4096,22733,400,0,2560000,0.25,0.084305
4096,23552,1,0,2560000,0.25,0.07407
4096,23552,2,0,2560000,0.25,0.099008
4096,23552,3,0,2560000,0.25,0.112332
4096,23552,4,0,2560000,0.25,0.094613
4096,23552,5,0,2560000,0.25,0.11122
4096,23552,6,0,2560000,0.25,0.095781
4096,23552,7,0,2560000,0.25,0.072949
4096,23552,8,0,2560000,0.25,0.117845
4096,23552,9,0,2560000,0.25,0.104066
4096,23552,10,0,2560000,0.25,0.079238
4096,23552,11,0,2560000,0.25,0.081255
4096,23552,12,0,2560000,0.25,0.072639
4096,23552,13,0,2560000,0.25,0.10704
4096,23552,14,0,2560000,0.25,0.100337
4096,23552,15,0,2560000,0.25,0.124007
4096,23552,16,0,2560000,0.25,0.108452
4096,23552,17,0,2560000,0.25,0.110926
4096,23552,18,0,2560000,0.25,0.119676
4096,23552,19,0,2560000,0.25,0.118256
4096,23552,20,0,2560000,0.25,0.205181
4096,23552,21,0,2560000,0.25,0.091995
4096,23552,22,0,2560000,0.25,0.090527
4096,23552,23,0,2560000,0.25,0.074407
4096,23552,24,0,2560000,0.25,0.08055
4096,23552,25,0,2560000,0.25,0.091973
4096,23552,26,0,2560000,0.25,0.103434
4096,23552,27,0,2560000,0.25,0.090302
4096,23552,28,0,2560000,0.25,0.102573
4096,23552,29,0,2560000,0.25,0.107741
4096,23552,30,0,2560000,0.25,0.096382
4096,23552,31,0,2560000,0.25,0.115022
4096,23552,32,0,2560000,0.25,0.104319
4096,23552,33,0,2560000,0.25,0.109514
4096,23552,34,0,2560000,0.25,0.170882
4096,23552,35,0,2560000,0.25,0.155957
4096,23552,36,0,2560000,0.25,0.082788
4096,23552,37,0,2560000,0.25,0.100007
4096,23552,38,0,2560000,0.25,0.080229
4096,23552,39,0,2560000,0.25,0.09284
4096,23552,40,0,2560000,0.25,0.157622
4096,23552,41,0,2560000,0.25,0.078259
4096,23552,42,0,2560000,0.25,0.110769
4096,23552,43,0,2560000,0.25,0.111969
4096,23552,44,0,2560000,0.25,0.093309
4096,23552,45,0,2560000,0.25,0.107579
4096,23552,46,0,2560000,0.25,0.136585
4096,23552,47,0,2560000,0.25,0.110172
4096,23552,48,0,2560000,0.25,0.142766
4096,23552,49,0,2560000,0.25,0.094649
4096,23552,50,0,2560000,0.25,0.110634
4096,23552,51,0,2560000,0.25,0.119173
4096,23552,52,0,2560000,0.25,0.113844
4096,23552,53,0,2560000,0.25,0.175757
4096,23552,54,0,2560000,0.25,0.098982
4096,23552,55,0,2560000,0.25,0.084873
4096,23552,56,0,2560000,0.25,0.082075
4096,23552,57,0,2560000,0.25,0.116407
4096,23552,58,0,2560000,0.25,0.091377
4096,23552,59,0,2560000,0.25,0.092681
4096,23552,60,0,2560000,0.25,0.089447
4096,23552,61,0,2560000,0.25,0.116274
4096,23552,62,0,2560000,0.25,0.118213
4096,23552,63,0,2560000,0.25,0.068928
4096,23552,64,0,2560000,0.25,0.089001
4096,23552,65,0,2560000,0.25,0.11659
4096,23552,66,0,2560000,0.25,0.088129
4096,23552,67,0,2560000,0.25,0.121488
4096,23552,68,0,2560000,0.25,0.106966
4096,23552,69,0,2560000,0.25,0.086259
4096,23552,70,0,2560000,0.25,0.067353
4096,23552,71,0,2560000,0.25,0.117357
4096,23552,72,0,2560000,0.25,0.073948
4096,23552,73,0,2560000,0.25,0.101962
4096,23552,74,0,2560000,0.25,0.110378
4096,23552,75,0,2560000,0.25,0.084958
4096,23552,76,0,2560000,0.25,0.099443
4096,23552,77,0,2560000,0.25,0.14213
4096,23552,78,0,2560000,0.25,0.088262
4096,23552,79,0,2560000,0.25,0.104362
4096,23552,80,0,2560000,0.25,0.103868
4096,23552,81,0,2560000,0.25,0.102662
4096,23552,82,0,2560000,0.25,0.119767
4096,23552,83,0,2560000,0.25,0.133291
4096,23552,84,0,2560000,0.25,0.090515
4096,23552,85,0,2560000,0.25,0.095049
4096,23552,86,0,2560000,0.25,0.167308
4096,23552,87,0,2560000,0.25,0.098492
4096,23552,88,0,2560000,0.25,0.111268
4096,23552,89,0,2560000,0.25,0.130121
4096,23552,90,0,2560000,0.25,0.0936
4096,23552,91,0,2560000,0.25,0.07867
4096,23552,92,0,2560000,0.25,0.118368
4096,23552,93,0,2560000,0.25,0.086881
4096,23552,94,0,2560000,0.25,0.121966
4096,23552,95,0,2560000,0.25,0.109656
4096,23552,96,0,2560000,0.25,0.083578
4096,23552,97,0,2560000,0.25,0.117921
4096,23552,98,0,2560000,0.25,0.075653
4096,23552,99,0,2560000,0.25,0.080196
4096,23552,100,0,2560000,0.25,0.087648
4096,23552,101,0,2560000,0.25,0.103854
4096,23552,102,0,2560000,0.25,0.098686
4096,23552,103,0,2560000,0.25,0.147585
4096,23552,104,0,2560000,0.25,0.082209
4096,23552,105,0,2560000,0.25,0.08226
4096,23552,106,0,2560000,0.25,0.107463
4096,23552,107,0,2560000,0.25,0.092884
4096,23552,108,0,2560000,0.25,0.116789
4096,23552,109,0,2560000,0.25,0.1286
4096,23552,110,0,2560000,0.25,0.155132
4096,23552,111,0,2560000,0.25,0.109935
4096,23552,112,0,2560000,0.25,0.073856
4096,23552,113,0,2560000,0.25,0.078337
4096,23552,114,0,2560000,0.25,0.119554
4096,23552,115,0,2560000,0.25,0.124927
4096,23552,116,0,2560000,0.25,0.104917
4096,23552,117,0,2560000,0.25,0.120577
4096,23552,118,0,2560000,0.25,0.147062
4096,23552,119,0,2560000,0.25,0.155039
4096,23552,120,0,2560000,0.25,0.105816
4096,23552,121,0,2560000,0.25,0.099748
4096,23552,122,0,2560000,0.25,0.098121
4096,23552,123,0,2560000,0.25,0.113435
4096,23552,124,0,2560000,0.25,0.076893
4096,23552,125,0,2560000,0.25,0.09305
4096,23552,126,0,2560000,0.25,0.136615
4096,23552,127,0,2560000,0.25,0.123207
4096,23552,128,0,2560000,0.25,0.100695
4096,23552,129,0,2560000,0.25,0.106869
4096,23552,130,0,2560000,0.25,0.092635
4096,23552,131,0,2560000,0.25,0.117085
4096,23552,132,0,2560000,0.25,0.121585
4096,23552,133,0,2560000,0.25,0.112957
4096,23552,134,0,2560000,0.25,0.069584
4096,23552,135,0,2560000,0.25,0.104234
4096,23552,136,0,2560000,0.25,0.088722
4096,23552,137,0,2560000,0.25,0.13584
4096,23552,138,0,2560000,0.25,0.081805
4096,23552,139,0,2560000,0.25,0.108265
4096,23552,140,0,2560000,0.25,0.118127
4096,23552,141,0,2560000,0.25,0.098673
4096,23552,142,0,2560000,0.25,0.120168
4096,23552,143,0,2560000,0.25,0.124244
4096,23552,144,0,2560000,0.25,0.128843
4096,23552,145,0,2560000,0.25,0.104297
4096,23552,146,0,2560000,0.25,0.13918
4096,23552,147,0,2560000,0.25,0.144282
4096,23552,148,0,2560000,0.25,0.117881
4096,23552,149,0,2560000,0.25,0.083185
4096,23552,150,0,2560000,0.25,0.161325
4096,23552,151,0,2560000,0.25,0.103353
4096,23552,152,0,2560000,0.25,0.089745
4096,23552,153,0,2560000,0.25,0.097828
4096,23552,154,0,2560000,0.25,0.081501
4096,23552,155,0,2560000,0.25,0.106503
4096,23552,156,0,2560000,0.25,0.092919
4096,23552,157,0,2560000,0.25,0.0732
4096,23552,158,0,2560000,0.25,0.073696
4096,23552,159,0,2560000,0.25,0.114568
4096,23552,160,0,2560000,0.25,0.080152
4096,23552,161,0,2560000,0.25,0.100801
4096,23552,162,0,2560000,0.25,0.111647
4096,23552,163,0,2560000,0.25,0.146411
4096,23552,164,0,2560000,0.25,0.108784
4096,23552,165,0,2560000,0.25,0.08098
4096,23552,166,0,2560000,0.25,0.080404
4096,23552,167,0,2560000,0.25,0.11226
4096,23552,168,0,2560000,0.25,0.107721
4096,23552,169,0,2560000,0.25,0.090904
4096,23552,170,0,2560000,0.25,0.10656
4096,23552,171,0,2560000,0.25,0.101435
4096,23552,172,0,2560000,0.25,0.122556
4096,23552,173,0,2560000,0.25,0.125914
4096,23552,174,0,2560000,0.25,0.074264
4096,23552,175,0,2560000,0.25,0.118287
4096,23552,176,0,2560000,0.25,0.130794
4096,23552,177,0,2560000,0.25,0.102168
4096,23552,178,0,2560000,0.25,0.101884
4096,23552,179,0,2560000,0.25,0.087721
4096,23552,180,0,2560000,0.25,0.120807
4096,23552,181,0,2560000,0.25,0.118737
4096,23552,182,0,2560000,0.25,0.139968
4096,23552,183,0,2560000,0.25,0.106922
4096,23552,184,0,2560000,0.25,0.090395
4096,23552,185,0,2560000,0.25,0.118479
4096,23552,186,0,2560000,0.25,0.073473
4096,23552,187,0,2560000,0.25,0.091988
4096,23552,188,0,2560000,0.25,0.093327
4096,23552,189,0,2560000,0.25,0.117062
4096,23552,190,0,2560000,0.25,0.094996
4096,23552,191,0,2560000,0.25,0.143698
4096,23552,192,0,2560000,0.25,0.135559
4096,23552,193,0,2560000,0.25,0.090127
4096,23552,194,0,2560000,0.25,0.096878
4096,23552,195,0,2560000,0.25,0.115344
4096,23552,196,0,2560000,0.25,0.100139
4096,23552,197,0,2560000,0.25,0.131442
4096,23552,198,0,2560000,0.25,0.109489
4096,23552,199,0,2560000,0.25,0.105744
4096,23552,200,0,2560000,0.25,0.104208
4096,23552,201,0,2560000,0.25,0.077974
4096,23552,202,0,2560000,0.25,0.130599
4096,23552,203,0,2560000,0.25,0.085857
4096,23552,204,0,2560000,0.25,0.137497
4096,23552,205,0,2560000,0.25,0.149648
4096,23552,206,0,2560000,0.25,0.147874
4096,23552,207,0,2560000,0.25,0.130929
4096,23552,208,0,2560000,0.25,0.088333
4096,23552,209,0,2560000,0.25,0.08034
4096,23552,210,0,2560000,0.25,0.112293
4096,23552,211,0,2560000,0.25,0.094423
4096,23552,212,0,2560000,0.25,0.154355
4096,23552,213,0,2560000,0.25,0.110619
4096,23552,214,0,2560000,0.25,0.126671
4096,23552,215,0,2560000,0.25,0.067813
4096,23552,216,0,2560000,0.25,0.147679
4096,23552,217,0,2560000,0.25,0.080407
4096,23552,218,0,2560000,0.25,0.083109
4096,23552,219,0,2560000,0.25,0.095117
4096,23552,220,0,2560000,0.25,0.103785
4096,23552,221,0,2560000,0.25,0.100579
4096,23552,222,0,2560000,0.25,0.071447
4096,23552,223,0,2560000,0.25,0.082373
4096,23552,224,0,2560000,0.25,0.077881
4096,23552,225,0,2560000,0.25,0.101457
4096,23552,226,0,2560000,0.25,0.098068
4096,23552,227,0,2560000,0.25,0.087643
4096,23552,228,0,2560000,0.25,0.118279
4096,23552,229,0,2560000,0.25,0.121794
4096,23552,230,0,2560000,0.25,0.094112
4096,23552,231,0,2560000,0.25,0.103212
4096,23552,232,0,2560000,0.25,0.100908
4096,23552,233,0,2560000,0.25,0.087388
4096,23552,234,0,2560000,0.25,0.074043
4096,23552,235,0,2560000,0.25,0.107875
4096,23552,236,0,2560000,0.25,0.083094
4096,23552,237,0,2560000,0.25,0.094384
4096,23552,238,0,2560000,0.25,0.095195
4096,23552,239,0,2560000,0.25,0.110806
4096,23552,240,0,2560000,0.25,0.108771
4096,23552,241,0,2560000,0.25,0.109017
4096,23552,242,0,2560000,0.25,0.074775
4096,23552,243,0,2560000,0.25,0.095256
4096,23552,244,0,2560000,0.25,0.113536
4096,23552,245,0,2560000,0.25,0.100943
4096,23552,246,0,2560000,0.25,0.086197
4096,23552,247,0,2560000,0.25,0.098362
4096,23552,248,0,2560000,0.25,0.084239
4096,23552,249,0,2560000,0.25,0.088278
4096,23552,250,0,2560000,0.25,0.083247
4096,23552,251,0,2560000,0.25,0.100231
4096,23552,252,0,2560000,0.25,0.104
4096,23552,253,0,2560000,0.25,0.093318
4096,23552,254,0,2560000,0.25,0.117632
4096,23552,255,0,2560000,0.25,0.085933
4096,23552,256,0,2560000,0.25,0.120686
4096,23552,257,0,2560000,0.25,0.115359
4096,23552,258,0,2560000,0.25,0.097203
4096,23552,259,0,2560000,0.25,0.098241
4096,23552,260,0,2560000,0.25,0.088072
4096,23552,261,0,2560000,0.25,0.082651
4096,23552,262,0,2560000,0.25,0.078279
4096,23552,263,0,2560000,0.25,0.166749
4096,23552,264,0,2560000,0.25,0.074636
4096,23552,265,0,2560000,0.25,0.107459
4096,23552,266,0,2560000,0.25,0.085547
4096,23552,267,0,2560000,0.25,0.078509
4096,23552,268,0,2560000,0.25,0.166222
4096,23552,269,0,2560000,0.25,0.083315
4096,23552,270,0,2560000,0.25,0.154311
4096,23552,271,0,2560000,0.25,0.102992
4096,23552,272,0,2560000,0.25,0.1408
4096,23552,273,0,2560000,0.25,0.084136
4096,23552,274,0,2560000,0.25,0.110551
4096,23552,275,0,2560000,0.25,0.083607
4096,23552,276,0,2560000,0.25,0.115001
4096,23552,277,0,2560000,0.25,0.101256
4096,23552,278,0,2560000,0.25,0.088964
4096,23552,279,0,2560000,0.25,0.078456
4096,23552,280,0,2560000,0.25,0.093672
4096,23552,281,0,2560000,0.25,0.109361
4096,23552,282,0,2560000,0.25,0.085727
4096,23552,283,0,2560000,0.25,0.07863
4096,23552,284,0,2560000,0.25,0.11555
4096,23552,285,0,2560000,0.25,0.12876
4096,23552,286,0,2560000,0.25,0.108515
4096,23552,287,0,2560000,0.25,0.076271
4096,23552,288,0,2560000,0.25,0.112236
4096,23552,289,0,2560000,0.25,0.099299
4096,23552,290,0,2560000,0.25,0.08257
4096,23552,291,0,2560000,0.25,0.094214
4096,23552,292,0,2560000,0.25,0.150696
4096,23552,293,0,2560000,0.25,0.105531
4096,23552,294,0,2560000,0.25,0.112643
4096,23552,295,0,2560000,0.25,0.098042
4096,23552,296,0,2560000,0.25,0.069748
4096,23552,297,0,2560000,0.25,0.081604
4096,23552,298,0,2560000,0.25,0.096483
4096,23552,299,0,2560000,0.25,0.101367
4096,23552,300,0,2560000,0.25,0.16797
4096,23552,301,0,2560000,0.25,0.07557
4096,23552,302,0,2560000,0.25,0.083933
4096,23552,303,0,2560000,0.25,0.088572
4096,23552,304,0,2560000,0.25,0.112522
4096,23552,305,0,2560000,0.25,0.137666
4096,23552,306,0,2560000,0.25,0.128824
4096,23552,307,0,2560000,0.25,0.098114
4096,23552,308,0,2560000,0.25,0.089045
4096,23552,309,0,2560000,0.25,0.075627
4096,23552,310,0,2560000,0.25,0.091366
4096,23552,311,0,2560000,0.25,0.116437
4096,23552,312,0,2560000,0.25,0.116438
4096,23552,313,0,2560000,0.25,0.11873
4096,23552,314,0,2560000,0.25,0.112675
4096,23552,315,0,2560000,0.25,0.099755
4096,23552,316,0,2560000,0.25,0.100254
4096,23552,317,0,2560000,0.25,0.106389
4096,23552,318,0,2560000,0.25,0.079713
4096,23552,319,0,2560000,0.25,0.108332
4096,23552,320,0,2560000,0.25,0.099271
4096,23552,321,0,2560000,0.25,0.103656
4096,23552,322,0,2560000,0.25,0.087898
4096,23552,323,0,2560000,0.25,0.139458
4096,23552,324,0,2560000,0.25,0.10912
4096,23552,325,0,2560000,0.25,0.123554
4096,23552,326,0,2560000,0.25,0.089205
4096,23552,327,0,2560000,0.25,0.117193
4096,23552,328,0,2560000,0.25,0.090772
4096,23552,329,0,2560000,0.25,0.079114
4096,23552,330,0,2560000,0.25,0.111789
4096,23552,331,0,2560000,0.25,0.099382
4096,23552,332,0,2560000,0.25,0.084793
4096,23552,333,0,2560000,0.25,0.10617
4096,23552,334,0,2560000,0.25,0.070446
4096,23552,335,0,2560000,0.25,0.115194
4096,23552,336,0,2560000,0.25,0.127204
4096,23552,337,0,2560000,0.25,0.115749
4096,23552,338,0,2560000,0.25,0.081414
4096,23552,339,0,2560000,0.25,0.120576
4096,23552,340,0,2560000,0.25,0.130239
4096,23552,341,0,2560000,0.25,0.080787
4096,23552,342,0,2560000,0.25,0.108632
4096,23552,343,0,2560000,0.25,0.095343
4096,23552,344,0,2560000,0.25,0.146941
4096,23552,345,0,2560000,0.25,0.105555
4096,23552,346,0,2560000,0.25,0.087496
4096,23552,347,0,2560000,0.25,0.097151
4096,23552,348,0,2560000,0.25,0.094088
4096,23552,349,0,2560000,0.25,0.088599
4096,23552,350,0,2560000,0.25,0.064689
4096,23552,351,0,2560000,0.25,0.098632
4096,23552,352,0,2560000,0.25,0.086268
4096,23552,353,0,2560000,0.25,0.095867
4096,23552,354,0,2560000,0.25,0.079732
4096,23552,355,0,2560000,0.25,0.069634
4096,23552,356,0,2560000,0.25,0.065039
4096,23552,357,0,2560000,0.25,0.107759
4096,23552,358,0,2560000,0.25,0.127041
4096,23552,359,0,2560000,0.25,0.104232
4096,23552,360,0,2560000,0.25,0.102984
4096,23552,361,0,2560000,0.25,0.114517
4096,23552,362,0,2560000,0.25,0.093879
4096,23552,363,0,2560000,0.25,0.145067
4096,23552,364,0,2560000,0.25,0.071211
4096,23552,365,0,2560000,0.25,0.093499
4096,23552,366,0,2560000,0.25,0.095579
4096,23552,367,0,2560000,0.25,0.086876
4096,23552,368,0,2560000,0.25,0.107895
4096,23552,369,0,2560000,0.25,0.102468
4096,23552,370,0,2560000,0.25,0.148312
4096,23552,371,0,2560000,0.25,0.156922
4096,23552,372,0,2560000,0.25,0.108536
4096,23552,373,0,2560000,0.25,0.094345
4096,23552,374,0,2560000,0.25,0.081412
4096,23552,375,0,2560000,0.25,0.120662
4096,23552,376,0,2560000,0.25,0.11563
4096,23552,377,0,2560000,0.25,0.141538
4096,23552,378,0,2560000,0.25,0.095899
4096,23552,379,0,2560000,0.25,0.112417
4096,23552,380,0,2560000,0.25,0.116384
4096,23552,381,0,2560000,0.25,0.094923
4096,23552,382,0,2560000,0.25,0.104294
4096,23552,383,0,2560000,0.25,0.073249
4096,23552,384,0,2560000,0.25,0.065832
4096,23552,385,0,2560000,0.25,0.091
4096,23552,386,0,2560000,0.25,0.104429
4096,23552,387,0,2560000,0.25,0.126211
4096,23552,388,0,2560000,0.25,0.095809
4096,23552,389,0,2560000,0.25,0.106297
4096,23552,390,0,2560000,0.25,0.124019
4096,23552,391,0,2560000,0.25,0.098426
4096,23552,392,0,2560000,0.25,0.123003
4096,23552,393,0,2560000,0.25,0.100893
4096,23552,394,0,2560000,0.25,0.083703
4096,23552,395,0,2560000,0.25,0.118121
4096,23552,396,0,2560000,0.25,0.165056
4096,23552,397,0,2560000,0.25,0.096003
4096,23552,398,0,2560000,0.25,0.116477
4096,23552,399,0,2560000,0.25,0.10176
4096,23552,400,0,2560000,0.25,0.07804
4096,24371,1,0,2560000,0.25,0.185951
4096,24371,2,0,2560000,0.25,0.180701
4096,24371,3,0,2560000,0.25,0.330823
4096,24371,4,0,2560000,0.25,0.220565
4096,24371,5,0,2560000,0.25,0.227113
4096,24371,6,0,2560000,0.25,0.219099
4096,24371,7,0,2560000,0.25,0.259072
4096,24371,8,0,2560000,0.25,0.235661
4096,24371,9,0,2560000,0.25,0.223963
4096,24371,10,0,2560000,0.25,0.243842
4096,24371,11,0,2560000,0.25,0.178487
4096,24371,12,0,2560000,0.25,0.159044
4096,24371,13,0,2560000,0.25,0.187545
4096,24371,14,0,2560000,0.25,0.271809
4096,24371,15,0,2560000,0.25,0.200799
4096,24371,16,0,2560000,0.25,0.278053
4096,24371,17,0,2560000,0.25,0.151824
4096,24371,18,0,2560000,0.25,0.366623
4096,24371,19,0,2560000,0.25,0.220536
4096,24371,20,0,2560000,0.25,0.273954
4096,24371,21,0,2560000,0.25,0.359621
4096,24371,22,0,2560000,0.25,0.208885
4096,24371,23,0,2560000,0.25,0.179722
4096,24371,24,0,2560000,0.25,0.21767
4096,24371,25,0,2560000,0.25,0.180197
4096,24371,26,0,2560000,0.25,0.183243
4096,24371,27,0,2560000,0.25,0.200437
4096,24371,28,0,2560000,0.25,0.260507
4096,24371,29,0,2560000,0.25,0.196031
4096,24371,30,0,2560000,0.25,0.400209
4096,24371,31,0,2560000,0.25,0.156632
4096,24371,32,0,2560000,0.25,0.209841
4096,24371,33,0,2560000,0.25,0.241707
4096,24371,34,0,2560000,0.25,0.195939
4096,24371,35,0,2560000,0.25,0.34102
4096,24371,36,0,2560000,0.25,0.224379
4096,24371,37,0,2560000,0.25,0.236256
4096,24371,38,0,2560000,0.25,0.222629
4096,24371,39,0,2560000,0.25,0.208433
4096,24371,40,0,2560000,0.25,0.26913
4096,24371,41,0,2560000,0.25,0.18324
4096,24371,42,0,2560000,0.25,0.174993
4096,24371,43,0,2560000,0.25,0.20714
4096,24371,44,0,2560000,0.25,0.258577
4096,24371,45,0,2560000,0.25,0.185035
4096,24371,46,0,2560000,0.25,0.284193
4096,24371,47,0,2560000,0.25,0.187446
4096,24371,48,0,2560000,0.25,0.234806
4096,24371,49,0,2560000,0.25,0.179785
4096,24371,50,0,2560000,0.25,0.203258
4096,24371,51,0,2560000,0.25,0.248436
4096,24371,52,0,2560000,0.25,0.194891
4096,24371,53,0,2560000,0.25,0.14487
4096,24371,54,0,2560000,0.25,0.227679
4096,24371,55,0,2560000,0.25,0.183135
4096,24371,56,0,2560000,0.25,0.330078
4096,24371,57,0,2560000,0.25,0.314759
4096,24371,58,0,2560000,0.25,0.25
4096,24371,59,0,2560000,0.25,0.197248
4096,24371,60,0,2560000,0.25,0.308613
4096,24371,61,0,2560000,0.25,0.199445
4096,24371,62,0,2560000,0.25,0.191857
4096,24371,63,0,2560000,0.25,0.194692
4096,24371,64,0,2560000,0.25,0.126024
4096,24371,65,0,2560000,0.25,0.216388
4096,24371,66,0,2560000,0.25,0.292331
4096,24371,67,0,2560000,0.25,0.177388
4096,24371,68,0,2560000,0.25,0.192592
4096,24371,69,0,2560000,0.25,0.363801
4096,24371,70,0,2560000,0.25,0.223416
4096,24371,71,0,2560000,0.25,0.516997
4096,24371,72,0,2560000,0.25,0.366167
4096,24371,73,0,2560000,0.25,0.283661
4096,24371,74,0,2560000,0.25,0.292257
4096,24371,75,0,2560000,0.25,0.155444
4096,24371,76,0,2560000,0.25,0.285638
4096,24371,77,0,2560000,0.25,0.215089
4096,24371,78,0,2560000,0.25,0.280046
4096,24371,79,0,2560000,0.25,0.253421
4096,24371,80,0,2560000,0.25,0.142866
4096,24371,81,0,2560000,0.25,0.261411
4096,24371,82,0,2560000,0.25,0.260145
4096,24371,83,0,2560000,0.25,0.221118
4096,24371,84,0,2560000,0.25,0.247624
4096,24371,85,0,2560000,0.25,0.292675
4096,24371,86,0,2560000,0.25,0.258413
4096,24371,87,0,2560000,0.25,0.270162
4096,24371,88,0,2560000,0.25,0.173577
4096,24371,89,0,2560000,0.25,0.203376
4096,24371,90,0,2560000,0.25,0.279506
4096,24371,91,0,2560000,0.25,0.281371
4096,24371,92,0,2560000,0.25,0.146734
4096,24371,93,0,2560000,0.25,0.197992
4096,24371,94,0,2560000,0.25,0.360708
4096,24371,95,0,2560000,0.25,0.162752
4096,24371,96,0,2560000,0.25,0.219584
4096,24371,97,0,2560000,0.25,0.275753
4096,24371,98,0,2560000,0.25,0.167301
4096,24371,99,0,2560000,0.25,0.291971
4096,24371,100,0,2560000,0.25,0.210129
4096,24371,101,0,2560000,0.25,0.122814
4096,24371,102,0,2560000,0.25,0.307657
4096,24371,103,0,2560000,0.25,0.228204
4096,24371,104,0,2560000,0.25,0.210081
4096,24371,105,0,2560000,0.25,0.239396
4096,24371,106,0,2560000,0.25,0.280033
4096,24371,107,0,2560000,0.25,0.206106
4096,24371,108,0,2560000,0.25,0.168036
4096,24371,109,0,2560000,0.25,0.164424
4096,24371,110,0,2560000,0.25,0.198066
4096,24371,111,0,2560000,0.25,0.240767
4096,24371,112,0,2560000,0.25,0.200738
4096,24371,113,0,2560000,0.25,0.301072
4096,24371,114,0,2560000,0.25,0.300902
4096,24371,115,0,2560000,0.25,0.228537
4096,24371,116,0,2560000,0.25,0.195229
4096,24371,117,0,2560000,0.25,0.247583
4096,24371,118,0,2560000,0.25,0.200025
4096,24371,119,0,2560000,0.25,0.202002
4096,24371,120,0,2560000,0.25,0.283967
4096,24371,121,0,2560000,0.25,0.164719
4096,24371,122,0,2560000,0.25,0.234298
4096,24371,123,0,2560000,0.25,0.190553
4096,24371,124,0,2560000,0.25,0.239772
4096,24371,125,0,2560000,0.25,0.214578
4096,24371,126,0,2560000,0.25,0.258428
4096,24371,127,0,2560000,0.25,0.332289
4096,24371,128,0,2560000,0.25,0.178755
4096,24371,129,0,2560000,0.25,0.266225
4096,24371,130,0,2560000,0.25,0.26174
4096,24371,131,0,2560000,0.25,0.296654
4096,24371,132,0,2560000,0.25,0.238501
4096,24371,133,0,2560000,0.25,0.302996
4096,24371,134,0,2560000,0.25,0.235238
4096,24371,135,0,2560000,0.25,0.184055
4096,24371,136,0,2560000,0.25,0.237748
4096,24371,137,0,2560000,0.25,0.364997
4096,24371,138,0,2560000,0.25,0.277601
4096,24371,139,0,2560000,0.25,0.247315
4096,24371,140,0,2560000,0.25,0.305486
4096,24371,141,0,2560000,0.25,0.271006
4096,24371,142,0,2560000,0.25,0.223694
4096,24371,143,0,2560000,0.25,0.17069
4096,24371,144,0,2560000,0.25,0.149763
4096,24371,145,0,2560000,0.25,0.270134
4096,24371,146,0,2560000,0.25,0.249619
4096,24371,147,0,2560000,0.25,0.208449
4096,24371,148,0,2560000,0.25,0.261972
4096,24371,149,0,2560000,0.25,0.227333
4096,24371,150,0,2560000,0.25,0.187248
4096,24371,151,0,2560000,0.25,0.224079
4096,24371,152,0,2560000,0.25,0.247749
4096,24371,153,0,2560000,0.25,0.179905
4096,24371,154,0,2560000,0.25,0.161644
4096,24371,155,0,2560000,0.25,0.18829
4096,24371,156,0,2560000,0.25,0.210256
4096,24371,157,0,2560000,0.25,0.163461
4096,24371,158,0,2560000,0.25,0.230986
4096,24371,159,0,2560000,0.25,0.180034
4096,24371,160,0,2560000,0.25,0.151495
4096,24371,161,0,2560000,0.25,0.14103
4096,24371,162,0,2560000,0.25,0.152572
4096,24371,163,0,2560000,0.25,0.267124
4096,24371,164,0,2560000,0.25,0.26798
4096,24371,165,0,2560000,0.25,0.313635
4096,24371,166,0,2560000,0.25,0.269698
4096,24371,167,0,2560000,0.25,0.211029
4096,24371,168,0,2560000,0.25,0.124612
4096,24371,169,0,2560000,0.25,0.310887
4096,24371,170,0,2560000,0.25,0.254943
4096,24371,171,0,2560000,0.25,0.231433
4096,24371,172,0,2560000,0.25,0.314537
4096,24371,173,0,2560000,0.25,0.266949
4096,24371,174,0,2560000,0.25,0.186965
4096,24371,175,0,2560000,0.25,0.34265
4096,24371,176,0,2560000,0.25,0.150924
4096,24371,177,0,2560000,0.25,0.163858
4096,24371,178,0,2560000,0.25,0.218914
4096,24371,179,0,2560000,0.25,0.158364
4096,24371,180,0,2560000,0.25,0.227853
4096,24371,181,0,2560000,0.25,0.206014
4096,24371,182,0,2560000,0.25,0.162676
4096,24371,183,0,2560000,0.25,0.228435
4096,24371,184,0,2560000,0.25,0.241624
4096,24371,185,0,2560000,0.25,0.212678
4096,24371,186,0,2560000,0.25,0.28173
4096,24371,187,0,2560000,0.25,0.149628
4096,24371,188,0,2560000,0.25,0.191281
4096,24371,189,0,2560000,0.25,0.212327
4096,24371,190,0,2560000,0.25,0.18279
4096,24371,191,0,2560000,0.25,0.36228
4096,24371,192,0,2560000,0.25,0.200537
4096,24371,193,0,2560000,0.25,0.300431
4096,24371,194,0,2560000,0.25,0.331786
4096,24371,195,0,2560000,0.25,0.289255
4096,24371,196,0,2560000,0.25,0.353725
4096,24371,197,0,2560000,0.25,0.312374
4096,24371,198,0,2560000,0.25,0.31548
4096,24371,199,0,2560000,0.25,0.29324
4096,24371,200,0,2560000,0.25,0.295643
4096,24371,201,0,2560000,0.25,0.246826
4096,24371,202,0,2560000,0.25,0.340409
4096,24371,203,0,2560000,0.25,0.155067
4096,24371,204,0,2560000,0.25,0.186558
4096,24371,205,0,2560000,0.25,0.3215
4096,24371,206,0,2560000,0.25,0.171181
4096,24371,207,0,2560000,0.25,0.236217
4096,24371,208,0,2560000,0.25,0.221369
4096,24371,209,0,2560000,0.25,0.194788
4096,24371,210,0,2560000,0.25,0.250599
4096,24371,211,0,2560000,0.25,0.227904
4096,24371,212,0,2560000,0.25,0.199108
4096,24371,213,0,2560000,0.25,0.213952
4096,24371,214,0,2560000,0.25,0.35368
4096,24371,215,0,2560000,0.25,0.364714
4096,24371,216,0,2560000,0.25,0.17012
4096,24371,217,0,2560000,0.25,0.256074
4096,24371,218,0,2560000,0.25,0.228806
4096,24371,219,0,2560000,0.25,0.206826
4096,24371,220,0,2560000,0.25,0.181764
4096,24371,221,0,2560000,0.25,0.159885
4096,24371,222,0,2560000,0.25,0.200454
4096,24371,223,0,2560000,0.25,0.161171
4096,24371,224,0,2560000,0.25,0.159476
4096,24371,225,0,2560000,0.25,0.215096
4096,24371,226,0,2560000,0.25,0.234322
4096,24371,227,0,2560000,0.25,0.280107
4096,24371,228,0,2560000,0.25,0.190914
4096,24371,229,0,2560000,0.25,0.260682
4096,24371,230,0,2560000,0.25,0.229799
4096,24371,231,0,2560000,0.25,0.394012
4096,24371,232,0,2560000,0.25,0.313731
4096,24371,233,0,2560000,0.25,0.196849
4096,24371,234,0,2560000,0.25,0.199544
4096,24371,235,0,2560000,0.25,0.179199
4096,24371,236,0,2560000,0.25,0.215897
4096,24371,237,0,2560000,0.25,0.21485
4096,24371,238,0,2560000,0.25,0.327856
4096,24371,239,0,2560000,0.25,0.203263
4096,24371,240,0,2560000,0.25,0.234834
4096,24371,241,0,2560000,0.25,0.246016
4096,24371,242,0,2560000,0.25,0.374386
4096,24371,243,0,2560000,0.25,0.223932
4096,24371,244,0,2560000,0.25,0.226221
4096,24371,245,0,2560000,0.25,0.219066
4096,24371,246,0,2560000,0.25,0.486766
4096,24371,247,0,2560000,0.25,0.272474
4096,24371,248,0,2560000,0.25,0.18768
4096,24371,249,0,2560000,0.25,0.32354
4096,24371,250,0,2560000,0.25,0.20278
4096,24371,251,0,2560000,0.25,0.306456
4096,24371,252,0,2560000,0.25,0.226393
4096,24371,253,0,2560000,0.25,0.240358
4096,24371,254,0,2560000,0.25,0.16168
4096,24371,255,0,2560000,0.25,0.244845
4096,24371,256,0,2560000,0.25,0.210925
4096,24371,257,0,2560000,0.25,0.282372
4096,24371,258,0,2560000,0.25,0.192747
4096,24371,259,0,2560000,0.25,0.203195
4096,24371,260,0,2560000,0.25,0.253424
4096,24371,261,0,2560000,0.25,0.182219
4096,24371,262,0,2560000,0.25,0.376868
4096,24371,263,0,2560000,0.25,0.191855
4096,24371,264,0,2560000,0.25,0.248519
4096,24371,265,0,2560000,0.25,0.226218
4096,24371,266,0,2560000,0.25,0.12353
4096,24371,267,0,2560000,0.25,0.254566
4096,24371,268,0,2560000,0.25,0.280218
4096,24371,269,0,2560000,0.25,0.186083
4096,24371,270,0,2560000,0.25,0.192149
4096,24371,271,0,2560000,0.25,0.21463
4096,24371,272,0,2560000,0.25,0.363693
4096,24371,273,0,2560000,0.25,0.258257
4096,24371,274,0,2560000,0.25,0.216563
4096,24371,275,0,2560000,0.25,0.184821
4096,24371,276,0,2560000,0.25,0.31744
4096,24371,277,0,2560000,0.25,0.161271
4096,24371,278,0,2560000,0.25,0.254597
4096,24371,279,0,2560000,0.25,0.290014
4096,24371,280,0,2560000,0.25,0.27135
4096,24371,281,0,2560000,0.25,0.201761
4096,24371,282,0,2560000,0.25,0.315941
4096,24371,283,0,2560000,0.25,0.221569
4096,24371,284,0,2560000,0.25,0.226863
4096,24371,285,0,2560000,0.25,0.215418
4096,24371,286,0,2560000,0.25,0.246864
4096,24371,287,0,2560000,0.25,0.216938
4096,24371,288,0,2560000,0.25,0.219848
4096,24371,289,0,2560000,0.25,0.226864
4096,24371,290,0,2560000,0.25,0.234519
4096,24371,291,0,2560000,0.25,0.146327
4096,24371,292,0,2560000,0.25,0.208133
4096,24371,293,0,2560000,0.25,0.284958
4096,24371,294,0,2560000,0.25,0.415313
4096,24371,295,0,2560000,0.25,0.218345
4096,24371,296,0,2560000,0.25,0.260226
4096,24371,297,0,2560000,0.25,0.148761
4096,24371,298,0,2560000,0.25,0.161682
4096,24371,299,0,2560000,0.25,0.354305
4096,24371,300,0,2560000,0.25,0.247225
4096,24371,301,0,2560000,0.25,0.512637
4096,24371,302,0,2560000,0.25,0.265743
4096,24371,303,0,2560000,0.25,0.172066
4096,24371,304,0,2560000,0.25,0.311473
4096,24371,305,0,2560000,0.25,0.233415
4096,24371,306,0,2560000,0.25,0.5629
4096,24371,307,0,2560000,0.25,0.145111
4096,24371,308,0,2560000,0.25,0.146781
4096,24371,309,0,2560000,0.25,0.300206
4096,24371,310,0,2560000,0.25,0.230263
4096,24371,311,0,2560000,0.25,0.162067
4096,24371,312,0,2560000,0.25,0.233923
4096,24371,313,0,2560000,0.25,0.279276
4096,24371,314,0,2560000,0.25,0.207312
4096,24371,315,0,2560000,0.25,0.1549
4096,24371,316,0,2560000,0.25,0.20511
4096,24371,317,0,2560000,0.25,0.268477
4096,24371,318,0,2560000,0.25,0.271596
4096,24371,319,0,2560000,0.25,0.190814
4096,24371,320,0,2560000,0.25,0.206015
4096,24371,321,0,2560000,0.25,0.138936
4096,24371,322,0,2560000,0.25,0.346164
4096,24371,323,0,2560000,0.25,0.2967
4096,24371,324,0,2560000,0.25,0.15981
4096,24371,325,0,2560000,0.25,0.150582
4096,24371,326,0,2560000,0.25,0.246294
4096,24371,327,0,2560000,0.25,0.158675
4096,24371,328,0,2560000,0.25,0.188478
4096,24371,329,0,2560000,0.25,0.147469
4096,24371,330,0,2560000,0.25,0.452371
4096,24371,331,0,2560000,0.25,0.159706
4096,24371,332,0,2560000,0.25,0.232027
4096,24371,333,0,2560000,0.25,0.235195
4096,24371,334,0,2560000,0.25,0.171539
4096,24371,335,0,2560000,0.25,0.248744
4096,24371,336,0,2560000,0.25,0.151009
4096,24371,337,0,2560000,0.25,0.235308
4096,24371,338,0,2560000,0.25,0.190799
4096,24371,339,0,2560000,0.25,0.288033
4096,24371,340,0,2560000,0.25,0.202376
4096,24371,341,0,2560000,0.25,0.282738
4096,24371,342,0,2560000,0.25,0.228248
4096,24371,343,0,2560000,0.25,0.181646
4096,24371,344,0,2560000,0.25,0.268916
4096,24371,345,0,2560000,0.25,0.365182
4096,24371,346,0,2560000,0.25,0.208121
4096,24371,347,0,2560000,0.25,0.236691
4096,24371,348,0,2560000,0.25,0.233257
4096,24371,349,0,2560000,0.25,0.217464
4096,24371,350,0,2560000,0.25,0.256097
4096,24371,351,0,2560000,0.25,0.183492
4096,24371,352,0,2560000,0.25,0.275374
4096,24371,353,0,2560000,0.25,0.202753
4096,24371,354,0,2560000,0.25,0.281073
4096,24371,355,0,2560000,0.25,0.300857
4096,24371,356,0,2560000,0.25,0.214304
4096,24371,357,0,2560000,0.25,0.432327
4096,24371,358,0,2560000,0.25,0.245168
4096,24371,359,0,2560000,0.25,0.388543
4096,24371,360,0,2560000,0.25,0.217676
4096,24371,361,0,2560000,0.25,0.317202
4096,24371,362,0,2560000,0.25,0.239728
4096,24371,363,0,2560000,0.25,0.206081
4096,24371,364,0,2560000,0.25,0.19039
4096,24371,365,0,2560000,0.25,0.193583
4096,24371,366,0,2560000,0.25,0.352906
4096,24371,367,0,2560000,0.25,0.19985
4096,24371,368,0,2560000,0.25,0.243521
4096,24371,369,0,2560000,0.25,0.172872
4096,24371,370,0,2560000,0.25,0.196775
4096,24371,371,0,2560000,0.25,0.159235
4096,24371,372,0,2560000,0.25,0.18043
4096,24371,373,0,2560000,0.25,0.186651
4096,24371,374,0,2560000,0.25,0.252909
4096,24371,375,0,2560000,0.25,0.248889
4096,24371,376,0,2560000,0.25,0.19875
4096,24371,377,0,2560000,0.25,0.162537
4096,24371,378,0,2560000,0.25,0.257181
4096,24371,379,0,2560000,0.25,0.197896
4096,24371,380,0,2560000,0.25,0.227559
4096,24371,381,0,2560000,0.25,0.245643
4096,24371,382,0,2560000,0.25,0.191129
4096,24371,383,0,2560000,0.25,0.223968
4096,24371,384,0,2560000,0.25,0.298883
4096,24371,385,0,2560000,0.25,0.194655
4096,24371,386,0,2560000,0.25,0.296275
4096,24371,387,0,2560000,0.25,0.182154
4096,24371,388,0,2560000,0.25,0.128246
4096,24371,389,0,2560000,0.25,0.194446
4096,24371,390,0,2560000,0.25,0.308811
4096,24371,391,0,2560000,0.25,0.19005
4096,24371,392,0,2560000,0.25,0.288776
4096,24371,393,0,2560000,0.25,0.208249
4096,24371,394,0,2560000,0.25,0.326175
4096,24371,395,0,2560000,0.25,0.209259
4096,24371,396,0,2560000,0.25,0.243395
4096,24371,397,0,2560000,0.25,0.213727
4096,24371,398,0,2560000,0.25,0.296678
4096,24371,399,0,2560000,0.25,0.171704
4096,24371,400,0,2560000,0.25,0.233124
4096,25190,1,0,2560000,0.25,0.408408
4096,25190,2,0,2560000,0.25,1.04249
4096,25190,3,0,2560000,0.25,0.593617
4096,25190,4,0,2560000,0.25,0.553729
4096,25190,5,0,2560000,0.25,0.655754
4096,25190,6,0,2560000,0.25,0.970071
4096,25190,7,0,2560000,0.25,0.542226
4096,25190,8,0,2560000,0.25,1.18687
4096,25190,9,0,2560000,0.25,0.972126
4096,25190,10,0,2560000,0.25,0.617159
4096,25190,11,0,2560000,0.25,0.889223
4096,25190,12,0,2560000,0.25,1.32832
4096,25190,13,0,2560000,0.25,0.64696
4096,25190,14,0,2560000,0.25,0.534149
4096,25190,15,0,2560000,0.25,0.708171
4096,25190,16,0,2560000,0.25,0.463311
4096,25190,17,0,2560000,0.25,1.53898
4096,25190,18,0,2560000,0.25,0.603802
4096,25190,19,0,2560000,0.25,0.625765
4096,25190,20,0,2560000,0.25,1.16312
4096,25190,21,0,2560000,0.25,1.09438
4096,25190,22,0,2560000,0.25,1.10635
4096,25190,23,0,2560000,0.25,0.6377
4096,25190,24,0,2560000,0.25,1.02893
4096,25190,25,0,2560000,0.25,0.861028
4096,25190,26,0,2560000,0.25,0.744387
4096,25190,27,0,2560000,0.25,1.59607
4096,25190,28,0,2560000,0.25,0.454462
4096,25190,29,0,2560000,0.25,1.27159
4096,25190,30,0,2560000,0.25,0.602226
4096,25190,31,0,2560000,0.25,1.12917
4096,25190,32,0,2560000,0.25,0.699249
4096,25190,33,0,2560000,0.25,0.819154
4096,25190,34,0,2560000,0.25,0.919658
4096,25190,35,0,2560000,0.25,0.515877
4096,25190,36,0,2560000,0.25,1.83589
4096,25190,37,0,2560000,0.25,0.734615
4096,25190,38,0,2560000,0.25,1.60252
4096,25190,39,0,2560000,0.25,0.613134
4096,25190,40,0,2560000,0.25,0.772306
4096,25190,41,0,2560000,0.25,0.539392
4096,25190,42,0,2560000,0.25,0.472515
4096,25190,43,0,2560000,0.25,0.55197
4096,25190,44,0,2560000,0.25,0.573588
4096,25190,45,0,2560000,0.25,0.658487
4096,25190,46,0,2560000,0.25,0.680866
4096,25190,47,0,2560000,0.25,1.71006
4096,25190,48,0,2560000,0.25,0.628499
4096,25190,49,0,2560000,0.25,0.92957
4096,25190,50,0,2560000,0.25,0.696069
4096,25190,51,0,2560000,0.25,0.717765
4096,25190,52,0,2560000,0.25,1.57211
4096,25190,53,0,2560000,0.25,0.677415
4096,25190,54,0,2560000,0.25,0.695919
4096,25190,55,0,2560000,0.25,0.892533
4096,25190,56,0,2560000,0.25,0.495822
4096,25190,57,0,2560000,0.25,0.909602
4096,25190,58,0,2560000,0.25,0.898933
4096,25190,59,0,2560000,0.25,0.841106
4096,25190,60,0,2560000,0.25,1.09045
4096,25190,61,0,2560000,0.25,0.470361
4096,25190,62,0,2560000,0.25,1.1448
4096,25190,63,0,2560000,0.25,0.555837
4096,25190,64,0,2560000,0.25,0.675575
4096,25190,65,0,2560000,0.25,0.843989
4096,25190,66,0,2560000,0.25,0.853961
4096,25190,67,0,2560000,0.25,0.933164
4096,25190,68,0,2560000,0.25,0.568566
4096,25190,69,0,2560000,0.25,1.1866
4096,25190,70,0,2560000,0.25,0.776181
4096,25190,71,0,2560000,0.25,0.563488
4096,25190,72,0,2560000,0.25,0.739707
4096,25190,73,0,2560000,0.25,0.491916
4096,25190,74,0,2560000,0.25,0.862757
4096,25190,75,0,2560000,0.25,0.759318
4096,25190,76,0,2560000,0.25,0.581347
4096,25190,77,0,2560000,0.25,1.37524
4096,25190,78,0,2560000,0.25,0.589031
4096,25190,79,0,2560000,0.25,0.689655
4096,25190,80,0,2560000,0.25,0.354904
4096,25190,81,0,2560000,0.25,0.374342
4096,25190,82,0,2560000,0.25,0.783432
4096,25190,83,0,2560000,0.25,0.524915
4096,25190,84,0,2560000,0.25,0.894891
4096,25190,85,0,2560000,0.25,0.75478
4096,25190,86,0,2560000,0.25,0.996967
4096,25190,87,0,2560000,0.25,0.702019
4096,25190,88,0,2560000,0.25,0.768185
4096,25190,89,0,2560000,0.25,0.678584
4096,25190,90,0,2560000,0.25,1.25101
4096,25190,91,0,2560000,0.25,1.05974
4096,25190,92,0,2560000,0.25,0.91053
4096,25190,93,0,2560000,0.25,0.654486
4096,25190,94,0,2560000,0.25,0.90004
4096,25190,95,0,2560000,0.25,0.638273
4096,25190,96,0,2560000,0.25,1.06892
4096,25190,97,0,2560000,0.25,1.04478
4096,25190,98,0,2560000,0.25,0.418925
4096,25190,99,0,2560000,0.25,0.80972
4096,25190,100,0,2560000,0.25,0.399577
4096,25190,101,0,2560000,0.25,0.498894
4096,25190,102,0,2560000,0.25,0.474236
4096,25190,103,0,2560000,0.25,0.540678
4096,25190,104,0,2560000,0.25,0.606112
4096,25190,105,0,2560000,0.25,1.62073
4096,25190,106,0,2560000,0.25,0.546644
4096,25190,107,0,2560000,0.25,1.06413
4096,25190,108,0,2560000,0.25,1.15416
4096,25190,109,0,2560000,0.25,0.953555
4096,25190,110,0,2560000,0.25,0.778614
4096,25190,111,0,2560000,0.25,0.549127
4096,25190,112,0,2560000,0.25,1.26743
4096,25190,113,0,2560000,0.25,0.396932
4096,25190,114,0,2560000,0.25,0.936533
4096,25190,115,0,2560000,0.25,0.851667
4096,25190,116,0,2560000,0.25,1.09637
4096,25190,117,0,2560000,0.25,0.779061
4096,25190,118,0,2560000,0.25,0.513627
4096,25190,119,0,2560000,0.25,0.935898
4096,25190,120,0,2560000,0.25,0.742141
4096,25190,121,0,2560000,0.25,1.00773
4096,25190,122,0,2560000,0.25,0.638489
4096,25190,123,0,2560000,0.25,0.599188
4096,25190,124,0,2560000,0.25,0.513972
4096,25190,125,0,2560000,0.25,0.632758
4096,25190,126,0,2560000,0.25,0.754449
4096,25190,127,0,2560000,0.25,0.54769
4096,25190,128,0,2560000,0.25,0.55749
4096,25190,129,0,2560000,0.25,1.18761
4096,25190,130,0,2560000,0.25,0.727835
4096,25190,131,0,2560000,0.25,0.503847
4096,25190,132,0,2560000,0.25,1.22739
4096,25190,133,0,2560000,0.25,0.791157
4096,25190,134,0,2560000,0.25,0.642603
4096,25190,135,0,2560000,0.25,0.851764
4096,25190,136,0,2560000,0.25,0.74682
4096,25190,137,0,2560000,0.25,0.661637
4096,25190,138,0,2560000,0.25,0.791354
4096,25190,139,0,2560000,0.25,0.663788
4096,25190,140,0,2560000,0.25,0.852691
4096,25190,141,0,2560000,0.25,0.928156
4096,25190,142,0,2560000,0.25,1.32766
4096,25190,143,0,2560000,0.25,1.0088
4096,25190,144,0,2560000,0.25,0.369163
4096,25190,145,0,2560000,0.25,0.530393
4096,25190,146,0,2560000,0.25,1.20347
4096,25190,147,0,2560000,0.25,0.686791
4096,25190,148,0,2560000,0.25,0.4419
4096,25190,149,0,2560000,0.25,0.464706
4096,25190,150,0,2560000,0.25,0.739316
4096,25190,151,0,2560000,0.25,0.642668
4096,25190,152,0,2560000,0.25,1.15922
4096,25190,153,0,2560000,0.25,0.811298
4096,25190,154,0,2560000,0.25,0.315217
4096,25190,155,0,2560000,0.25,0.524809
4096,25190,156,0,2560000,0.25,1.02692
4096,25190,157,0,2560000,0.25,0.675791
4096,25190,158,0,2560000,0.25,1.16728
4096,25190,159,0,2560000,0.25,0.760009
4096,25190,160,0,2560000,0.25,0.582773
4096,25190,161,0,2560000,0.25,0.571832
4096,25190,162,0,2560000,0.25,0.470821
4096,25190,163,0,2560000,0.25,0.578003
4096,25190,164,0,2560000,0.25,0.856817
4096,25190,165,0,2560000,0.25,0.849676
4096,25190,166,0,2560000,0.25,1.06168
4096,25190,167,0,2560000,0.25,0.428073
4096,25190,168,0,2560000,0.25,0.352082
4096,25190,169,0,2560000,0.25,0.634371
4096,25190,170,0,2560000,0.25,0.609532
4096,25190,171,0,2560000,0.25,0.380242
4096,25190,172,0,2560000,0.25,0.585292
4096,25190,173,0,2560000,0.25,1.03581
4096,25190,174,0,2560000,0.25,0.74908
4096,25190,175,0,2560000,0.25,0.928268
4096,25190,176,0,2560000,0.25,1.01972
4096,25190,177,0,2560000,0.25,0.75331
4096,25190,178,0,2560000,0.25,0.466751
4096,25190,179,0,2560000,0.25,0.668242
4096,25190,180,0,2560000,0.25,0.689301
4096,25190,181,0,2560000,0.25,0.496114
4096,25190,182,0,2560000,0.25,1.01657
4096,25190,183,0,2560000,0.25,0.623863
4096,25190,184,0,2560000,0.25,0.513842
4096,25190,185,0,2560000,0.25,0.448957
4096,25190,186,0,2560000,0.25,0.682209
4096,25190,187,0,2560000,0.25,0.656838
4096,25190,188,0,2560000,0.25,1.36733
4096,25190,189,0,2560000,0.25,1.47574
4096,25190,190,0,2560000,0.25,1.12834
4096,25190,191,0,2560000,0.25,0.506996
4096,25190,192,0,2560000,0.25,0.66889
4096,25190,193,0,2560000,0.25,0.556894
4096,25190,194,0,2560000,0.25,1.04168
4096,25190,195,0,2560000,0.25,0.553686
4096,25190,196,0,2560000,0.25,0.93285
4096,25190,197,0,2560000,0.25,0.607187
4096,25190,198,0,2560000,0.25,0.424039
4096,25190,199,0,2560000,0.25,0.504442
4096,25190,200,0,2560000,0.25,0.469824
4096,25190,201,0,2560000,0.25,0.808609
4096,25190,202,0,2560000,0.25,0.835768
4096,25190,203,0,2560000,0.25,0.91818
4096,25190,204,0,2560000,0.25,0.467887
4096,25190,205,0,2560000,0.25,0.914633
4096,25190,206,0,2560000,0.25,0.516242
4096,25190,207,0,2560000,0.25,0.419916
4096,25190,208,0,2560000,0.25,1.30611
4096,25190,209,0,2560000,0.25,1.00175
4096,25190,210,0,2560000,0.25,0.525766
4096,25190,211,0,2560000,0.25,1.0053
4096,25190,212,0,2560000,0.25,0.684333
4096,25190,213,0,2560000,0.25,0.827397
4096,25190,214,0,2560000,0.25,0.473905
4096,25190,215,0,2560000,0.25,0.292398
4096,25190,216,0,2560000,0.25,0.637477
4096,25190,217,0,2560000,0.25,0.897437
4096,25190,218,0,2560000,0.25,0.53528
4096,25190,219,0,2560000,0.25,0.893069
4096,25190,220,0,2560000,0.25,0.59952
4096,25190,221,0,2560000,0.25,0.706996
4096,25190,222,0,2560000,0.25,0.521953
4096,25190,223,0,2560000,0.25,0.469471
4096,25190,224,0,2560000,0.25,1.63909
4096,25190,225,0,2560000,0.25,0.587147
4096,25190,226,0,2560000,0.25,0.56004
4096,25190,227,0,2560000,0.25,0.508129
4096,25190,228,0,2560000,0.25,0.41338
4096,25190,229,0,2560000,0.25,1.21802
4096,25190,230,0,2560000,0.25,0.780562
4096,25190,231,0,2560000,0.25,0.674321
4096,25190,232,0,2560000,0.25,0.572484
4096,25190,233,0,2560000,0.25,0.516215
4096,25190,234,0,2560000,0.25,1.07446
4096,25190,235,0,2560000,0.25,0.422653
4096,25190,236,0,2560000,0.25,1.3566
4096,25190,237,0,2560000,0.25,0.578486
4096,25190,238,0,2560000,0.25,1.32053
4096,25190,239,0,2560000,0.25,0.852829
4096,25190,240,0,2560000,0.25,0.530566
4096,25190,241,0,2560000,0.25,0.462232
4096,25190,242,0,2560000,0.25,1.08834
4096,25190,243,0,2560000,0.25,0.469153
4096,25190,244,0,2560000,0.25,0.459282
4096,25190,245,0,2560000,0.25,0.70223
4096,25190,246,0,2560000,0.25,0.394438
4096,25190,247,0,2560000,0.25,0.446287
4096,25190,248,0,2560000,0.25,0.613402
4096,25190,249,0,2560000,0.25,0.925466
4096,25190,250,0,2560000,0.25,0.811488
4096,25190,251,0,2560000,0.25,0.485863
4096,25190,252,0,2560000,0.25,0.461367
4096,25190,253,0,2560000,0.25,0.271152
4096,25190,254,0,2560000,0.25,0.481724
4096,25190,255,0,2560000,0.25,0.809121
4096,25190,256,0,2560000,0.25,0.914229
4096,25190,257,0,2560000,0.25,0.615683
4096,25190,258,0,2560000,0.25,0.682194
4096,25190,259,0,2560000,0.25,0.656787
4096,25190,260,0,2560000,0.25,0.73427
4096,25190,261,0,2560000,0.25,0.896765
4096,25190,262,0,2560000,0.25,0.519842
4096,25190,263,0,2560000,0.25,1.19228
4096,25190,264,0,2560000,0.25,1.65534
4096,25190,265,0,2560000,0.25,1.78786
4096,25190,266,0,2560000,0.25,0.519009
4096,25190,267,0,2560000,0.25,0.605317
4096,25190,268,0,2560000,0.25,1.46318
4096,25190,269,0,2560000,0.25,0.971875
4096,25190,270,0,2560000,0.25,0.591525
4096,25190,271,0,2560000,0.25,0.785057
4096,25190,272,0,2560000,0.25,0.498603
4096,25190,273,0,2560000,0.25,0.464402
4096,25190,274,0,2560000,0.25,1.31712
4096,25190,275,0,2560000,0.25,1.01892
4096,25190,276,0,2560000,0.25,0.585371
4096,25190,277,0,2560000,0.25,1.02127
4096,25190,278,0,2560000,0.25,0.654291
4096,25190,279,0,2560000,0.25,0.60014
4096,25190,280,0,2560000,0.25,0.800285
4096,25190,281,0,2560000,0.25,0.651526
4096,25190,282,0,2560000,0.25,0.545191
4096,25190,283,0,2560000,0.25,0.854309
4096,25190,284,0,2560000,0.25,0.957054
4096,25190,285,0,2560000,0.25,0.652499
4096,25190,286,0,2560000,0.25,0.841899
4096,25190,287,0,2560000,0.25,1.14382
4096,25190,288,0,2560000,0.25,1.1651
4096,25190,289,0,2560000,0.25,0.886123
4096,25190,290,0,2560000,0.25,0.557147
4096,25190,291,0,2560000,0.25,1.58409
4096,25190,292,0,2560000,0.25,0.517015
4096,25190,293,0,2560000,0.25,0.669725
4096,25190,294,0,2560000,0.25,0.514454
4096,25190,295,0,2560000,0.25,0.577741
4096,25190,296,0,2560000,0.25,0.415424
4096,25190,297,0,2560000,0.25,0.42569
4096,25190,298,0,2560000,0.25,1.37329
4096,25190,299,0,2560000,0.25,0.61776
4096,25190,300,0,2560000,0.25,0.816884
4096,25190,301,0,2560000,0.25,0.534439
4096,25190,302,0,2560000,0.25,0.614385
4096,25190,303,0,2560000,0.25,0.54576
4096,25190,304,0,2560000,0.25,0.763018
4096,25190,305,0,2560000,0.25,1.34229
4096,25190,306,0,2560000,0.25,0.888275
4096,25190,307,0,2560000,0.25,1.11808
4096,25190,308,0,2560000,0.25,0.453519
4096,25190,309,0,2560000,0.25,0.847357
4096,25190,310,0,2560000,0.25,0.855752
4096,25190,311,0,2560000,0.25,1.10693
4096,25190,312,0,2560000,0.25,0.685352
4096,25190,313,0,2560000,0.25,0.739872
4096,25190,314,0,2560000,0.25,0.606502
4096,25190,315,0,2560000,0.25,0.428512
4096,25190,316,0,2560000,0.25,0.561918
4096,25190,317,0,2560000,0.25,0.630225
4096,25190,318,0,2560000,0.25,0.645554
4096,25190,319,0,2560000,0.25,0.941403
4096,25190,320,0,2560000,0.25,0.770144
4096,25190,321,0,2560000,0.25,0.576881
4096,25190,322,0,2560000,0.25,0.882485
4096,25190,323,0,2560000,0.25,0.36249
4096,25190,324,0,2560000,0.25,1.09637
4096,25190,325,0,2560000,0.25,1.08821
4096,25190,326,0,2560000,0.25,0.252008
4096,25190,327,0,2560000,0.25,0.81253
4096,25190,328,0,2560000,0.25,0.573074
4096,25190,329,0,2560000,0.25,0.705477
4096,25190,330,0,2560000,0.25,0.757386
4096,25190,331,0,2560000,0.25,0.505328
4096,25190,332,0,2560000,0.25,0.59519
4096,25190,333,0,2560000,0.25,0.377502
4096,25190,334,0,2560000,0.25,0.5988
4096,25190,335,0,2560000,0.25,0.611812
4096,25190,336,0,2560000,0.25,0.94363
4096,25190,337,0,2560000,0.25,0.922554
4096,25190,338,0,2560000,0.25,0.518858
4096,25190,339,0,2560000,0.25,1.02593
4096,25190,340,0,2560000,0.25,0.505112
4096,25190,341,0,2560000,0.25,0.54093
4096,25190,342,0,2560000,0.25,0.322507
4096,25190,343,0,2560000,0.25,0.74514
4096,25190,344,0,2560000,0.25,0.710304
4096,25190,345,0,2560000,0.25,0.586195
4096,25190,346,0,2560000,0.25,0.613722
4096,25190,347,0,2560000,0.25,0.943333
4096,25190,348,0,2560000,0.25,0.422882
4096,25190,349,0,2560000,0.25,0.704937
4096,25190,350,0,2560000,0.25,0.556279
4096,25190,351,0,2560000,0.25,0.986241
4096,25190,352,0,2560000,0.25,0.51305
4096,25190,353,0,2560000,0.25,0.522834
4096,25190,354,0,2560000,0.25,0.909296
4096,25190,355,0,2560000,0.25,0.956942
4096,25190,356,0,2560000,0.25,0.688093
4096,25190,357,0,2560000,0.25,0.569783
4096,25190,358,0,2560000,0.25,1.42653
4096,25190,359,0,2560000,0.25,0.959043
4096,25190,360,0,2560000,0.25,0.948506
4096,25190,361,0,2560000,0.25,0.546683
4096,25190,362,0,2560000,0.25,0.340693
4096,25190,363,0,2560000,0.25,1.02461
4096,25190,364,0,2560000,0.25,0.393895
4096,25190,365,0,2560000,0.25,0.495517
4096,25190,366,0,2560000,0.25,0.546783
4096,25190,367,0,2560000,0.25,0.873711
4096,25190,368,0,2560000,0.25,1.09428
4096,25190,369,0,2560000,0.25,0.349253
4096,25190,370,0,2560000,0.25,0.459531
4096,25190,371,0,2560000,0.25,0.820992
4096,25190,372,0,2560000,0.25,0.467084
4096,25190,373,0,2560000,0.25,1.29145
4096,25190,374,0,2560000,0.25,0.969989
4096,25190,375,0,2560000,0.25,0.689919
4096,25190,376,0,2560000,0.25,1.20377
4096,25190,377,0,2560000,0.25,0.447518
4096,25190,378,0,2560000,0.25,1.18446
4096,25190,379,0,2560000,0.25,0.655803
4096,25190,380,0,2560000,0.25,0.576257
4096,25190,381,0,2560000,0.25,0.597253
4096,25190,382,0,2560000,0.25,0.666574
4096,25190,383,0,2560000,0.25,0.624565
4096,25190,384,0,2560000,0.25,0.689075
4096,25190,385,0,2560000,0.25,0.937358
4096,25190,386,0,2560000,0.25,0.302147
4096,25190,387,0,2560000,0.25,0.501937
4096,25190,388,0,2560000,0.25,1.37373
4096,25190,389,0,2560000,0.25,0.523818
4096,25190,390,0,2560000,0.25,0.515926
4096,25190,391,0,2560000,0.25,0.800132
4096,25190,392,0,2560000,0.25,1.07045
4096,25190,393,0,2560000,0.25,0.386842
4096,25190,394,0,2560000,0.25,0.621749
4096,25190,395,0,2560000,0.25,1.16598
4096,25190,396,0,2560000,0.25,1.26255
4096,25190,397,0,2560000,0.25,0.488713
4096,25190,398,0,2560000,0.25,0.688489
4096,25190,399,0,2560000,0.25,0.891296
4096,25190,400,0,2560000,0.25,0.257564
4096,26010,1,0,2560000,0.25,5.16069
4096,26010,2,0,2560000,0.25,1.51114
4096,26010,3,0,2560000,0.25,2.56513
4096,26010,4,0,2560000,0.25,2.01739
4096,26010,5,0,2560000,0.25,2.44795
4096,26010,6,0,2560000,0.25,4.59651
4096,26010,7,0,2560000,0.25,2.52936
4096,26010,8,0,2560000,0.25,5.42318
4096,26010,9,0,2560000,0.25,5.34309
4096,26010,10,0,2560000,0.25,8.0073
4096,26010,11,0,2560000,0.25,6.48807
4096,26010,12,0,2560000,0.25,3.59336
4096,26010,13,0,2560000,0.25,3.53041
4096,26010,14,0,2560000,0.25,9.84267
4096,26010,15,0,2560000,0.25,5.57982
4096,26010,16,0,2560000,0.25,5.50647
4096,26010,17,0,2560000,0.25,8.32596
4096,26010,18,0,2560000,0.25,5.92791
4096,26010,19,0,2560000,0.25,11.4688
4096,26010,20,0,2560000,0.25,1.90976
4096,26010,21,0,2560000,0.25,8.76252
4096,26010,22,0,2560000,0.25,3.71634
4096,26010,23,0,2560000,0.25,2.8782
4096,26010,24,0,2560000,0.25,3.99505
4096,26010,25,0,2560000,0.25,3.80295
4096,26010,26,0,2560000,0.25,2.18008
4096,26010,27,0,2560000,0.25,5.31269
4096,26010,28,0,2560000,0.25,5.26076
4096,26010,29,0,2560000,0.25,5.67744
4096,26010,30,0,2560000,0.25,6.22828
4096,26010,31,0,2560000,0.25,2.45772
4096,26010,32,0,2560000,0.25,4.04098
4096,26010,33,0,2560000,0.25,3.80668
4096,26010,34,0,2560000,0.25,5.19905
4096,26010,35,0,2560000,0.25,3.82837
4096,26010,36,0,2560000,0.25,6.3927
4096,26010,37,0,2560000,0.25,3.84106
4096,26010,38,0,2560000,0.25,4.71184
4096,26010,39,0,2560000,0.25,4.67819
4096,26010,40,0,2560000,0.25,3.66368
4096,26010,41,0,2560000,0.25,3.69708
4096,26010,42,0,2560000,0.25,2.71341
4096,26010,43,0,2560000,0.25,8.35175
4096,26010,44,0,2560000,0.25,3.93168
4096,26010,45,0,2560000,0.25,4.50771
4096,26010,46,0,2560000,0.25,5.89965
4096,26010,47,0,2560000,0.25,8.59024
4096,26010,48,0,2560000,0.25,3.98856
4096,26010,49,0,2560000,0.25,4.08674
4096,26010,50,0,2560000,0.25,2.52138
4096,26010,51,0,2560000,0.25,3.63924
4096,26010,52,0,2560000,0.25,2.60353
4096,26010,53,0,2560000,0.25,7.41764
4096,26010,54,0,2560000,0.25,3.4233
4096,26010,55,0,2560000,0.25,1.7659
4096,26010,56,0,2560000,0.25,4.99214
4096,26010,57,0,2560000,0.25,5.58971
4096,26010,58,0,2560000,0.25,2.60121
4096,26010,59,0,2560000,0.25,3.05793
4096,26010,60,0,2560000,0.25,5.78866
4096,26010,61,0,2560000,0.25,5.43514
4096,26010,62,0,2560000,0.25,3.68302
4096,26010,63,0,2560000,0.25,3.25682
4096,26010,64,0,2560000,0.25,7.68954
4096,26010,65,0,2560000,0.25,2.31375
4096,26010,66,0,2560000,0.25,3.22131
4096,26010,67,0,2560000,0.25,4.0205
4096,26010,68,0,2560000,0.25,4.32609
4096,26010,69,0,2560000,0.25,4.74193
4096,26010,70,0,2560000,0.25,3.71426
4096,26010,71,0,2560000,0.25,14.022
4096,26010,72,0,2560000,0.25,6.40559
4096,26010,73,0,2560000,0.25,2.05466
4096,26010,74,0,2560000,0.25,8.49267
4096,26010,75,0,2560000,0.25,3.26117
4096,26010,76,0,2560000,0.25,5.88877
4096,26010,77,0,2560000,0.25,6.45761
4096,26010,78,0,2560000,0.25,4.69661
4096,26010,79,0,2560000,0.25,7.35023
4096,26010,80,0,2560000,0.25,5.15838
4096,26010,81,0,2560000,0.25,2.41934
4096,26010,82,0,2560000,0.25,5.93161
4096,26010,83,0,2560000,0.25,3.87967
4096,26010,84,0,2560000,0.25,5.17296
4096,26010,85,0,2560000,0.25,3.61103
4096,26010,86,0,2560000,0.25,4.32102
4096,26010,87,0,2560000,0.25,6.83063
4096,26010,88,0,2560000,0.25,2.88748
4096,26010,89,0,2560000,0.25,4.94291
4096,26010,90,0,2560000,0.25,2.34694
4096,26010,91,0,2560000,0.25,3.3246
4096,26010,92,0,2560000,0.25,5.83718
4096,26010,93,0,2560000,0.25,9.09752
4096,26010,94,0,2560000,0.25,4.96813
4096,26010,95,0,2560000,0.25,3.15335
4096,26010,96,0,2560000,0.25,2.26033
4096,26010,97,0,2560000,0.25,3.13982
4096,26010,98,0,2560000,0.25,7.49039
4096,26010,99,0,2560000,0.25,2.49107
4096,26010,100,0,2560000,0.25,2.98855
4096,26010,101,0,2560000,0.25,3.55247
4096,26010,102,0,2560000,0.25,4.82982
4096,26010,103,0,2560000,0.25,6.94398
4096,26010,104,0,2560000,0.25,7.56998
4096,26010,105,0,2560000,0.25,3.43623
4096,26010,106,0,2560000,0.25,8.79847
4096,26010,107,0,2560000,0.25,4.34044
4096,26010,108,0,2560000,0.25,5.51238
4096,26010,109,0,2560000,0.25,7.60499
4096,26010,110,0,2560000,0.25,11.4597
4096,26010,111,0,2560000,0.25,4.80787
4096,26010,112,0,2560000,0.25,4.21476
4096,26010,113,0,2560000,0.25,4.28746
4096,26010,114,0,2560000,0.25,2.90867
4096,26010,115,0,2560000,0.25,5.61386
4096,26010,116,0,2560000,0.25,3.12696
4096,26010,117,0,2560000,0.25,9.42188
4096,26010,118,0,2560000,0.25,11.0721
4096,26010,119,0,2560000,0.25,3.38797
4096,26010,120,0,2560000,0.25,9.39319
4096,26010,121,0,2560000,0.25,3.00566
4096,26010,122,0,2560000,0.25,4.66698
4096,26010,123,0,2560000,0.25,2.62651
4096,26010,124,0,2560000,0.25,2.28566
4096,26010,125,0,2560000,0.25,4.63914
4096,26010,126,0,2560000,0.25,3.56576
4096,26010,127,0,2560000,0.25,4.40606
4096,26010,128,0,2560000,0.25,2.23198
4096,26010,129,0,2560000,0.25,1.45556
4096,26010,130,0,2560000,0.25,4.94524
4096,26010,131,0,2560000,0.25,4.8979
4096,26010,132,0,2560000,0.25,3.96723
4096,26010,133,0,2560000,0.25,2.10253
4096,26010,134,0,2560000,0.25,3.76284
4096,26010,135,0,2560000,0.25,4.43545
4096,26010,136,0,2560000,0.25,2.76419
4096,26010,137,0,2560000,0.25,2.49259
4096,26010,138,0,2560000,0.25,10.2762
4096,26010,139,0,2560000,0.25,1.44328
4096,26010,140,0,2560000,0.25,6.99088
4096,26010,141,0,2560000,0.25,6.55841
4096,26010,142,0,2560000,0.25,4.79948
4096,26010,143,0,2560000,0.25,2.83324
4096,26010,144,0,2560000,0.25,3.76965
4096,26010,145,0,2560000,0.25,4.51691
4096,26010,146,0,2560000,0.25,4.29226
4096,26010,147,0,2560000,0.25,3.17658
4096,26010,148,0,2560000,0.25,4.01067
4096,26010,149,0,2560000,0.25,3.23281
4096,26010,150,0,2560000,0.25,5.96963
4096,26010,151,0,2560000,0.25,3.2445
4096,26010,152,0,2560000,0.25,4.40172
4096,26010,153,0,2560000,0.25,3.23894
4096,26010,154,0,2560000,0.25,4.85094
4096,26010,155,0,2560000,0.25,5.79584
4096,26010,156,0,2560000,0.25,3.59937
4096,26010,157,0,2560000,0.25,6.79063
4096,26010,158,0,2560000,0.25,4.43016
4096,26010,159,0,2560000,0.25,2.5334
4096,26010,160,0,2560000,0.25,3.03257
4096,26010,161,0,2560000,0.25,3.33672
4096,26010,162,0,2560000,0.25,3.28738
4096,26010,163,0,2560000,0.25,2.81955
4096,26010,164,0,2560000,0.25,4.00922
4096,26010,165,0,2560000,0.25,3.55293
4096,26010,166,0,2560000,0.25,7.1903
4096,26010,167,0,2560000,0.25,3.44238
4096,26010,168,0,2560000,0.25,3.06395
4096,26010,169,0,2560000,0.25,4.89338
4096,26010,170,0,2560000,0.25,3.37369
4096,26010,171,0,2560000,0.25,11.774
4096,26010,172,0,2560000,0.25,2.84814
4096,26010,173,0,2560000,0.25,3.01994
4096,26010,174,0,2560000,0.25,4.14502
4096,26010,175,0,2560000,0.25,5.43673
4096,26010,176,0,2560000,0.25,3.70996
4096,26010,177,0,2560000,0.25,4.64282
4096,26010,178,0,2560000,0.25,4.07395
4096,26010,179,0,2560000,0.25,3.2713
4096,26010,180,0,2560000,0.25,4.45126
4096,26010,181,0,2560000,0.25,3.8056
4096,26010,182,0,2560000,0.25,7.29559
4096,26010,183,0,2560000,0.25,6.16446
4096,26010,184,0,2560000,0.25,1.90816
4096,26010,185,0,2560000,0.25,4.42857
4096,26010,186,0,2560000,0.25,3.63524
4096,26010,187,0,2560000,0.25,7.90028
4096,26010,188,0,2560000,0.25,7.04089
4096,26010,189,0,2560000,0.25,4.25274
4096,26010,190,0,2560000,0.25,2.64926
4096,26010,191,0,2560000,0.25,2.74413
4096,26010,192,0,2560000,0.25,3.33251
4096,26010,193,0,2560000,0.25,4.17382
4096,26010,194,0,2560000,0.25,2.49927
4096,26010,195,0,2560000,0.25,9.87796
4096,26010,196,0,2560000,0.25,3.51723
4096,26010,197,0,2560000,0.25,6.35277
4096,26010,198,0,2560000,0.25,8.71528
4096,26010,199,0,2560000,0.25,4.31866
4096,26010,200,0,2560000,0.25,7.47261
4096,26010,201,0,2560000,0.25,3.97409
4096,26010,202,0,2560000,0.25,5.88375
4096,26010,203,0,2560000,0.25,7.956
4096,26010,204,0,2560000,0.25,4.79971
4096,26010,205,0,2560000,0.25,1.56893
4096,26010,206,0,2560000,0.25,4.25809
4096,26010,207,0,2560000,0.25,3.31887
4096,26010,208,0,2560000,0.25,6.47801
4096,26010,209,0,2560000,0.25,11.6236
4096,26010,210,0,2560000,0.25,1.8876
4096,26010,211,0,2560000,0.25,3.9592
4096,26010,212,0,2560000,0.25,4.92275
4096,26010,213,0,2560000,0.25,3.10959
4096,26010,214,0,2560000,0.25,6.52786
4096,26010,215,0,2560000,0.25,5.12561
4096,26010,216,0,2560000,0.25,1.88234
4096,26010,217,0,2560000,0.25,8.04532
4096,26010,218,0,2560000,0.25,4.098
4096,26010,219,0,2560000,0.25,1.8497
4096,26010,220,0,2560000,0.25,2.90526
4096,26010,221,0,2560000,0.25,1.27405
4096,26010,222,0,2560000,0.25,5.98631
4096,26010,223,0,2560000,0.25,11.9446
4096,26010,224,0,2560000,0.25,3.843
4096,26010,225,0,2560000,0.25,7.16109
4096,26010,226,0,2560000,0.25,2.39271
4096,26010,227,0,2560000,0.25,2.84849
4096,26010,228,0,2560000,0.25,6.33538
4096,26010,229,0,2560000,0.25,4.90407
4096,26010,230,0,2560000,0.25,6.08717
4096,26010,231,0,2560000,0.25,1.55557
4096,26010,232,0,2560000,0.25,8.87408
4096,26010,233,0,2560000,0.25,4.44423
4096,26010,234,0,2560000,0.25,3.49806
4096,26010,235,0,2560000,0.25,4.11734
4096,26010,236,0,2560000,0.25,3.8377
4096,26010,237,0,2560000,0.25,5.84429
4096,26010,238,0,2560000,0.25,4.47135
4096,26010,239,0,2560000,0.25,4.00288
4096,26010,240,0,2560000,0.25,2.81821
4096,26010,241,0,2560000,0.25,8.0965
4096,26010,242,0,2560000,0.25,8.81885
4096,26010,243,0,2560000,0.25,3.79589
4096,26010,244,0,2560000,0.25,1.91753
4096,26010,245,0,2560000,0.25,4.05436
4096,26010,246,0,2560000,0.25,1.98736
4096,26010,247,0,2560000,0.25,7.63864
4096,26010,248,0,2560000,0.25,1.57158
4096,26010,249,0,2560000,0.25,7.20855
4096,26010,250,0,2560000,0.25,2.41322
4096,26010,251,0,2560000,0.25,3.39827
4096,26010,252,0,2560000,0.25,3.86502
4096,26010,253,0,2560000,0.25,2.25117
4096,26010,254,0,2560000,0.25,3.01178
4096,26010,255,0,2560000,0.25,1.39352
4096,26010,256,0,2560000,0.25,5.4473
4096,26010,257,0,2560000,0.25,6.63528
4096,26010,258,0,2560000,0.25,1.10131
4096,26010,259,0,2560000,0.25,3.5578
4096,26010,260,0,2560000,0.25,5.77113
4096,26010,261,0,2560000,0.25,2.33745
4096,26010,262,0,2560000,0.25,1.65156
4096,26010,263,0,2560000,0.25,7.51252
4096,26010,264,0,2560000,0.25,7.77308
4096,26010,265,0,2560000,0.25,6.80354
4096,26010,266,0,2560000,0.25,1.14625
4096,26010,267,0,2560000,0.25,3.27303
4096,26010,268,0,2560000,0.25,5.76854
4096,26010,269,0,2560000,0.25,2.30879
4096,26010,270,0,2560000,0.25,1.24334
4096,26010,271,0,2560000,0.25,4.28706
4096,26010,272,0,2560000,0.25,5.88053
4096,26010,273,0,2560000,0.25,4.79373
4096,26010,274,0,2560000,0.25,4.69006
4096,26010,275,0,2560000,0.25,4.94913
4096,26010,276,0,2560000,0.25,3.65237
4096,26010,277,0,2560000,0.25,4.15747
4096,26010,278,0,2560000,0.25,2.95487
4096,26010,279,0,2560000,0.25,1.5763
4096,26010,280,0,2560000,0.25,10.4207
4096,26010,281,0,2560000,0.25,6.89411
4096,26010,282,0,2560000,0.25,5.41364
4096,26010,283,0,2560000,0.25,3.29394
4096,26010,284,0,2560000,0.25,2.76473
4096,26010,285,0,2560000,0.25,1.50316
4096,26010,286,0,2560000,0.25,3.6547
4096,26010,287,0,2560000,0.25,2.81671
4096,26010,288,0,2560000,0.25,3.79287
4096,26010,289,0,2560000,0.25,2.73518
4096,26010,290,0,2560000,0.25,2.23892
4096,26010,291,0,2560000,0.25,3.73698
4096,26010,292,0,2560000,0.25,6.29357
4096,26010,293,0,2560000,0.25,6.19233
4096,26010,294,0,2560000,0.25,10.3359
4096,26010,295,0,2560000,0.25,6.85597
4096,26010,296,0,2560000,0.25,3.44699
4096,26010,297,0,2560000,0.25,5.65931
4096,26010,298,0,2560000,0.25,6.65892
4096,26010,299,0,2560000,0.25,7.03963
4096,26010,300,0,2560000,0.25,2.67325
4096,26010,301,0,2560000,0.25,4.90457
4096,26010,302,0,2560000,0.25,2.12026
4096,26010,303,0,2560000,0.25,2.6936
4096,26010,304,0,2560000,0.25,4.44195
4096,26010,305,0,2560000,0.25,1.85988
4096,26010,306,0,2560000,0.25,4.47501
4096,26010,307,0,2560000,0.25,6.01205
4096,26010,308,0,2560000,0.25,3.59119
4096,26010,309,0,2560000,0.25,3.41778
4096,26010,310,0,2560000,0.25,3.27994
4096,26010,311,0,2560000,0.25,5.00432
4096,26010,312,0,2560000,0.25,2.62961
4096,26010,313,0,2560000,0.25,4.66864
4096,26010,314,0,2560000,0.25,3.84678
4096,26010,315,0,2560000,0.25,2.76127
4096,26010,316,0,2560000,0.25,4.33615
4096,26010,317,0,2560000,0.25,3.17671
4096,26010,318,0,2560000,0.25,1.89718
4096,26010,319,0,2560000,0.25,1.87708
4096,26010,320,0,2560000,0.25,7.33712
4096,26010,321,0,2560000,0.25,2.08074
4096,26010,322,0,2560000,0.25,1.85033
4096,26010,323,0,2560000,0.25,2.03678
4096,26010,324,0,2560000,0.25,2.46889
4096,26010,325,0,2560000,0.25,3.32026
4096,26010,326,0,2560000,0.25,2.34255
4096,26010,327,0,2560000,0.25,9.87809
4096,26010,328,0,2560000,0.25,5.51003
4096,26010,329,0,2560000,0.25,3.63884
4096,26010,330,0,2560000,0.25,2.8989
4096,26010,331,0,2560000,0.25,4.08636
4096,26010,332,0,2560000,0.25,6.31932
4096,26010,333,0,2560000,0.25,6.61338
4096,26010,334,0,2560000,0.25,5.31869
4096,26010,335,0,2560000,0.25,3.5681
4096,26010,336,0,2560000,0.25,3.4553
4096,26010,337,0,2560000,0.25,7.36859
4096,26010,338,0,2560000,0.25,4.81747
4096,26010,339,0,2560000,0.25,4.69284
4096,26010,340,0,2560000,0.25,4.15329
4096,26010,341,0,2560000,0.25,3.97276
4096,26010,342,0,2560000,0.25,3.64348
4096,26010,343,0,2560000,0.25,3.94164
4096,26010,344,0,2560000,0.25,6.63411
4096,26010,345,0,2560000,0.25,7.11668
4096,26010,346,0,2560000,0.25,3.00624
4096,26010,347,0,2560000,0.25,3.41704
4096,26010,348,0,2560000,0.25,4.31519
4096,26010,349,0,2560000,0.25,6.64324
4096,26010,350,0,2560000,0.25,8.08745
4096,26010,351,0,2560000,0.25,2.68662
4096,26010,352,0,2560000,0.25,2.12139
4096,26010,353,0,2560000,0.25,1.84693
4096,26010,354,0,2560000,0.25,3.36322
4096,26010,355,0,2560000,0.25,2.27201
4096,26010,356,0,2560000,0.25,3.87575
4096,26010,357,0,2560000,0.25,4.39027
4096,26010,358,0,2560000,0.25,2.60636
4096,26010,359,0,2560000,0.25,7.36722
4096,26010,360,0,2560000,0.25,3.38408
4096,26010,361,0,2560000,0.25,6.90561
4096,26010,362,0,2560000,0.25,4.2317
4096,26010,363,0,2560000,0.25,4.69532
4096,26010,364,0,2560000,0.25,4.14581
4096,26010,365,0,2560000,0.25,5.30735
4096,26010,366,0,2560000,0.25,2.11281
4096,26010,367,0,2560000,0.25,11.262
4096,26010,368,0,2560000,0.25,2.044
4096,26010,369,0,2560000,0.25,3.75674
4096,26010,370,0,2560000,0.25,2.63491
4096,26010,371,0,2560000,0.25,7.71658
4096,26010,372,0,2560000,0.25,3.55594
4096,26010,373,0,2560000,0.25,2.72299
4096,26010,374,0,2560000,0.25,3.52264
4096,26010,375,0,2560000,0.25,6.0716
4096,26010,376,0,2560000,0.25,12.2027
4096,26010,377,0,2560000,0.25,4.67198
4096,26010,378,0,2560000,0.25,4.55626
4096,26010,379,0,2560000,0.25,4.51378
4096,26010,380,0,2560000,0.25,10.2296
4096,26010,381,0,2560000,0.25,6.49779
4096,26010,382,0,2560000,0.25,3.30958
4096,26010,383,0,2560000,0.25,5.30703
4096,26010,384,0,2560000,0.25,8.81489
4096,26010,385,0,2560000,0.25,3.16976
4096,26010,386,0,2560000,0.25,6.82341
4096,26010,387,0,2560000,0.25,3.32241
4096,26010,388,0,2560000,0.25,4.33516
4096,26010,389,0,2560000,0.25,4.47946
4096,26010,390,0,2560000,0.25,9.35547
4096,26010,391,0,2560000,0.25,6.34182
4096,26010,392,0,2560000,0.25,3.72133
4096,26010,393,0,2560000,0.25,2.18046
4096,26010,394,0,2560000,0.25,6.55832
4096,26010,395,0,2560000,0.25,5.66048
4096,26010,396,0,2560000,0.25,3.40255
4096,26010,397,0,2560000,0.25,6.78192
4096,26010,398,0,2560000,0.25,1.68896
4096,26010,399,0,2560000,0.25,4.76159
4096,26010,400,0,2560000,0.25,3.75487
4096,26829,1,0,2560000,0.25,164.581
4096,26829,2,0,2560000,0.25,153.797
4096,26829,3,0,2560000,0.25,215.473
4096,26829,4,0,2560000,0.25,164.095
4096,26829,5,0,2560000,0.25,29.9601
4096,26829,6,0,2560000,0.25,139.803
4096,26829,7,0,2560000,0.25,90.6601
4096,26829,8,0,2560000,0.25,114.68
4096,26829,9,0,2560000,0.25,90.3697
4096,26829,10,0,2560000,0.25,149.897
4096,26829,11,0,2560000,0.25,108.815
4096,26829,12,0,2560000,0.25,121.8
4096,26829,13,0,2560000,0.25,287.834
4096,26829,14,0,2560000,0.25,284.509
4096,26829,15,0,2560000,0.25,317.529
4096,26829,16,0,2560000,0.25,587.93
4096,26829,17,0,2560000,0.25,156.698
4096,26829,18,0,2560000,0.25,351.433
4096,26829,19,0,2560000,0.25,263.228
4096,26829,20,0,2560000,0.25,655.388
4096,26829,21,0,2560000,0.25,152.725
4096,26829,22,0,2560000,0.25,289.63
4096,26829,23,0,2560000,0.25,56.053
4096,26829,24,0,2560000,0.25,67.0851
4096,26829,25,0,2560000,0.25,486.989
4096,26829,26,0,2560000,0.25,496.869
4096,26829,27,0,2560000,0.25,151.088
4096,26829,28,0,2560000,0.25,156.812
4096,26829,29,0,2560000,0.25,171.263
4096,26829,30,0,2560000,0.25,246.094
4096,26829,31,0,2560000,0.25,80.9751
4096,26829,32,0,2560000,0.25,162.649
4096,26829,33,0,2560000,0.25,139.065
4096,26829,34,0,2560000,0.25,707.326
4096,26829,35,0,2560000,0.25,310.703
4096,26829,36,0,2560000,0.25,115.371
4096,26829,37,0,2560000,0.25,299.17
4096,26829,38,0,2560000,0.25,161.444
4096,26829,39,0,2560000,0.25,417.583
4096,26829,40,0,2560000,0.25,123.692
4096,26829,41,0,2560000,0.25,19.8192
4096,26829,42,0,2560000,0.25,276.585
4096,26829,43,0,2560000,0.25,27.4343
4096,26829,44,0,2560000,0.25,124.41
4096,26829,45,0,2560000,0.25,149.494
4096,26829,46,0,2560000,0.25,164.497
4096,26829,47,0,2560000,0.25,36.2636
4096,26829,48,0,2560000,0.25,162.76
4096,26829,49,0,2560000,0.25,79.1482
4096,26829,50,0,2560000,0.25,75.0157
4096,26829,51,0,2560000,0.25,108.281
4096,26829,52,0,2560000,0.25,161.434
4096,26829,53,0,2560000,0.25,329.58
4096,26829,54,0,2560000,0.25,480.312
4096,26829,55,0,2560000,0.25,374.422
4096,26829,56,0,2560000,0.25,413.158
4096,26829,57,0,2560000,0.25,1215.33
4096,26829,58,0,2560000,0.25,398.448
4096,26829,59,0,2560000,0.25,64.7099
4096,26829,60,0,2560000,0.25,424.899
4096,26829,61,0,2560000,0.25,339.224
4096,26829,62,0,2560000,0.25,198.214
4096,26829,63,0,2560000,0.25,200.26
4096,26829,64,0,2560000,0.25,546.835
4096,26829,65,0,2560000,0.25,84.2067
4096,26829,66,0,2560000,0.25,415.321
4096,26829,67,0,2560000,0.25,136.419
4096,26829,68,0,2560000,0.25,213.969
4096,26829,69,0,2560000,0.25,148.034
4096,26829,70,0,2560000,0.25,112.115
4096,26829,71,0,2560000,0.25,271.376
4096,26829,72,0,2560000,0.25,281.328
4096,26829,73,0,2560000,0.25,465.393
4096,26829,74,0,2560000,0.25,206.269
4096,26829,75,0,2560000,0.25,192.014
4096,26829,76,0,2560000,0.25,592.258
4096,26829,77,0,2560000,0.25,150.123
4096,26829,78,0,2560000,0.25,455.912
4096,26829,79,0,2560000,0.25,187.148
4096,26829,80,0,2560000,0.25,120.818
4096,26829,81,0,2560000,0.25,193.75
4096,26829,82,0,2560000,0.25,262.656
4096,26829,83,0,2560000,0.25,351.862
4096,26829,84,0,2560000,0.25,268.992
4096,26829,85,0,2560000,0.25,195.301
4096,26829,86,0,2560000,0.25,102.509
4096,26829,87,0,2560000,0.25,102.949
4096,26829,88,0,2560000,0.25,71.3837
4096,26829,89,0,2560000,0.25,65.649
4096,26829,90,0,2560000,0.25,490.079
4096,26829,91,0,2560000,0.25,522.734
4096,26829,92,0,2560000,0.25,176.333
4096,26829,93,0,2560000,0.25,86.2995
4096,26829,94,0,2560000,0.25,245.585
4096,26829,95,0,2560000,0.25,133.82
4096,26829,96,0,2560000,0.25,62.4742
4096,26829,97,0,2560000,0.25,72.8354
4096,26829,98,0,2560000,0.25,282.557
4096,26829,99,0,2560000,0.25,244.252
4096,26829,100,0,2560000,0.25,106.962
4096,26829,101,0,2560000,0.25,1134.79
4096,26829,102,0,2560000,0.25,198.931
4096,26829,103,0,2560000,0.25,170.653
4096,26829,104,0,2560000,0.25,44.0743
4096,26829,105,0,2560000,0.25,346.924
4096,26829,106,0,2560000,0.25,119.485
4096,26829,107,0,2560000,0.25,391.473
4096,26829,108,0,2560000,0.25,1072.8
4096,26829,109,0,2560000,0.25,366.03
4096,26829,110,0,2560000,0.25,47.3278
4096,26829,111,0,2560000,0.25,270.847
4096,26829,112,0,2560000,0.25,118.499
4096,26829,113,0,2560000,0.25,56.3721
4096,26829,114,0,2560000,0.25,84.5916
4096,26829,115,0,2560000,0.25,171.009
4096,26829,116,0,2560000,0.25,220.58
4096,26829,117,0,2560000,0.25,271.193
4096,26829,118,0,2560000,0.25,270.417
4096,26829,119,0,2560000,0.25,106.719
4096,26829,120,0,2560000,0.25,21.2881
4096,26829,121,0,2560000,0.25,317.848
4096,26829,122,0,2560000,0.25,472.772
4096,26829,123,0,2560000,0.25,115.465
4096,26829,124,0,2560000,0.25,511.575
4096,26829,125,0,2560000,0.25,290.713
4096,26829,126,0,2560000,0.25,115.069
4096,26829,127,0,2560000,0.25,840.844
4096,26829,128,0,2560000,0.25,399.772
4096,26829,129,0,2560000,0.25,84.9935
4096,26829,130,0,2560000,0.25,264.76
4096,26829,131,0,2560000,0.25,598.026
4096,26829,132,0,2560000,0.25,297.437
4096,26829,133,0,2560000,0.25,276.331
4096,26829,134,0,2560000,0.25,65.5685
4096,26829,135,0,2560000,0.25,315.389
4096,26829,136,0,2560000,0.25,207.602
4096,26829,137,0,2560000,0.25,263.369
4096,26829,138,0,2560000,0.25,1066.42
4096,26829,139,0,2560000,0.25,593.471
4096,26829,140,0,2560000,0.25,151.423
4096,26829,141,0,2560000,0.25,41.7758
4096,26829,142,0,2560000,0.25,523.442
4096,26829,143,0,2560000,0.25,388.97
4096,26829,144,0,2560000,0.25,369.615
4096,26829,145,0,2560000,0.25,171.094
4096,26829,146,0,2560000,0.25,165.46
4096,26829,147,0,2560000,0.25,404.375
4096,26829,148,0,2560000,0.25,276.536
4096,26829,149,0,2560000,0.25,249.319
4096,26829,150,0,2560000,0.25,1010.35
4096,26829,151,0,2560000,0.25,192.837
4096,26829,152,0,2560000,0.25,247.756
4096,26829,153,0,2560000,0.25,106.878
4096,26829,154,0,2560000,0.25,223.896
4096,26829,155,0,2560000,0.25,257.494
4096,26829,156,0,2560000,0.25,300.233
4096,26829,157,0,2560000,0.25,121.218
4096,26829,158,0,2560000,0.25,402.177
4096,26829,159,0,2560000,0.25,546.96
4096,26829,160,0,2560000,0.25,257.792
4096,26829,161,0,2560000,0.25,373.238
4096,26829,162,0,2560000,0.25,645.788
4096,26829,163,0,2560000,0.25,136.357
4096,26829,164,0,2560000,0.25,307.913
4096,26829,165,0,2560000,0.25,677.86
4096,26829,166,0,2560000,0.25,122.247
4096,26829,167,0,2560000,0.25,159.38
4096,26829,168,0,2560000,0.25,102.46
4096,26829,169,0,2560000,0.25,154.591
4096,26829,170,0,2560000,0.25,119.961
4096,26829,171,0,2560000,0.25,296.999
4096,26829,172,0,2560000,0.25,532.509
4096,26829,173,0,2560000,0.25,60.4319
4096,26829,174,0,2560000,0.25,467.142
4096,26829,175,0,2560000,0.25,325.882
4096,26829,176,0,2560000,0.25,120.136
4096,26829,177,0,2560000,0.25,208.597
4096,26829,178,0,2560000,0.25,226.717
4096,26829,179,0,2560000,0.25,330.872
4096,26829,180,0,2560000,0.25,115.705
4096,26829,181,0,2560000,0.25,317.812
4096,26829,182,0,2560000,0.25,357.036
4096,26829,183,0,2560000,0.25,1148.95
4096,26829,184,0,2560000,0.25,72.9236
4096,26829,185,0,2560000,0.25,295.653
4096,26829,186,0,2560000,0.25,266.958
4096,26829,187,0,2560000,0.25,64.4575
4096,26829,188,0,2560000,0.25,308.977
4096,26829,189,0,2560000,0.25,775.022
4096,26829,190,0,2560000,0.25,289.7
4096,26829,191,0,2560000,0.25,364.909
4096,26829,192,0,2560000,0.25,670.692
4096,26829,193,0,2560000,0.25,814.453
4096,26829,194,0,2560000,0.25,393.917
4096,26829,195,0,2560000,0.25,310.347
4096,26829,196,0,2560000,0.25,561.702
4096,26829,197,0,2560000,0.25,143.842
4096,26829,198,0,2560000,0.25,75.7228
4096,26829,199,0,2560000,0.25,47.0869
4096,26829,200,0,2560000,0.25,535.654
4096,26829,201,0,2560000,0.25,368.469
4096,26829,202,0,2560000,0.25,22.105
4096,26829,203,0,2560000,0.25,69.6292
4096,26829,204,0,2560000,0.25,209.61
4096,26829,205,0,2560000,0.25,102.914
4096,26829,206,0,2560000,0.25,88.5821
4096,26829,207,0,2560000,0.25,76.2434
4096,26829,208,0,2560000,0.25,333.615
4096,26829,209,0,2560000,0.25,313.325
4096,26829,210,0,2560000,0.25,562.374
4096,26829,211,0,2560000,0.25,359.836
4096,26829,212,0,2560000,0.25,161.243
4096,26829,213,0,2560000,0.25,71.2998
4096,26829,214,0,2560000,0.25,160.713
4096,26829,215,0,2560000,0.25,99.2979
4096,26829,216,0,2560000,0.25,165.827
4096,26829,217,0,2560000,0.25,734.957
4096,26829,218,0,2560000,0.25,455.379
4096,26829,219,0,2560000,0.25,225.477
4096,26829,220,0,2560000,0.25,394.17
4096,26829,221,0,2560000,0.25,183.489
4096,26829,222,0,2560000,0.25,77.8846
4096,26829,223,0,2560000,0.25,124.113
4096,26829,224,0,2560000,0.25,342.326
4096,26829,225,0,2560000,0.25,49.1962
4096,26829,226,0,2560000,0.25,34.2044
4096,26829,227,0,2560000,0.25,194.882
4096,26829,228,0,2560000,0.25,435.742
4096,26829,229,0,2560000,0.25,230.581
4096,26829,230,0,2560000,0.25,181.415
4096,26829,231,0,2560000,0.25,134.947
4096,26829,232,0,2560000,0.25,186.374
4096,26829,233,0,2560000,0.25,113.716
4096,26829,234,0,2560000,0.25,119.855
4096,26829,235,0,2560000,0.25,133.456
4096,26829,236,0,2560000,0.25,373.337
4096,26829,237,0,2560000,0.25,88.8034
4096,26829,238,0,2560000,0.25,144.964
4096,26829,239,0,2560000,0.25,380.93
4096,26829,240,0,2560000,0.25,226.963
4096,26829,241,0,2560000,0.25,59.7132
4096,26829,242,0,2560000,0.25,341.017
4096,26829,243,0,2560000,0.25,649.493
4096,26829,244,0,2560000,0.25,133.132
4096,26829,245,0,2560000,0.25,340.58
4096,26829,246,0,2560000,0.25,113.733
4096,26829,247,0,2560000,0.25,309.87
4096,26829,248,0,2560000,0.25,132.039
4096,26829,249,0,2560000,0.25,125.556
4096,26829,250,0,2560000,0.25,101.846
4096,26829,251,0,2560000,0.25,207.542
4096,26829,252,0,2560000,0.25,219.439
4096,26829,253,0,2560000,0.25,141.236
4096,26829,254,0,2560000,0.25,458.497
4096,26829,255,0,2560000,0.25,231.647
4096,26829,256,0,2560000,0.25,163.993
4096,26829,257,0,2560000,0.25,662.304
4096,26829,258,0,2560000,0.25,42.9105
4096,26829,259,0,2560000,0.25,488.97
4096,26829,260,0,2560000,0.25,712.708
4096,26829,261,0,2560000,0.25,187.449
4096,26829,262,0,2560000,0.25,222.51
4096,26829,263,0,2560000,0.25,716.261
4096,26829,264,0,2560000,0.25,543.738
4096,26829,265,0,2560000,0.25,196.901
4096,26829,266,0,2560000,0.25,38.8479
4096,26829,267,0,2560000,0.25,988.889
4096,26829,268,0,2560000,0.25,526.142
4096,26829,269,0,2560000,0.25,115.859
4096,26829,270,0,2560000,0.25,311.785
4096,26829,271,0,2560000,0.25,144.321
4096,26829,272,0,2560000,0.25,227.529
4096,26829,273,0,2560000,0.25,397.081
4096,26829,274,0,2560000,0.25,464.185
4096,26829,275,0,2560000,0.25,263.526
4096,26829,276,0,2560000,0.25,101.65
4096,26829,277,0,2560000,0.25,68.6162
4096,26829,278,0,2560000,0.25,423.24
4096,26829,279,0,2560000,0.25,226.126
4096,26829,280,0,2560000,0.25,237.655
4096,26829,281,0,2560000,0.25,104.731
4096,26829,282,0,2560000,0.25,619.424
4096,26829,283,0,2560000,0.25,107.644
4096,26829,284,0,2560000,0.25,192.186
4096,26829,285,0,2560000,0.25,287.649
4096,26829,286,0,2560000,0.25,898.122
4096,26829,287,0,2560000,0.25,735.802
4096,26829,288,0,2560000,0.25,226.127
4096,26829,289,0,2560000,0.25,136.315
4096,26829,290,0,2560000,0.25,375.72
4096,26829,291,0,2560000,0.25,195.179
4096,26829,292,0,2560000,0.25,167.909
4096,26829,293,0,2560000,0.25,301.839
4096,26829,294,0,2560000,0.25,44.0961
4096,26829,295,0,2560000,0.25,372.486
4096,26829,296,0,2560000,0.25,699.747
4096,26829,297,0,2560000,0.25,104.684
4096,26829,298,0,2560000,0.25,140.978
4096,26829,299,0,2560000,0.25,135.5
4096,26829,300,0,2560000,0.25,410.166
4096,26829,301,0,2560000,0.25,199.973
4096,26829,302,0,2560000,0.25,447.749
4096,26829,303,0,2560000,0.25,331.42
4096,26829,304,0,2560000,0.25,31.3447
4096,26829,305,0,2560000,0.25,431.952
4096,26829,306,0,2560000,0.25,636.952
4096,26829,307,0,2560000,0.25,460.532
4096,26829,308,0,2560000,0.25,687.771
4096,26829,309,0,2560000,0.25,207.502
4096,26829,310,0,2560000,0.25,251.84
4096,26829,311,0,2560000,0.25,193.627
4096,26829,312,0,2560000,0.25,138.539
4096,26829,313,0,2560000,0.25,127.029
4096,26829,314,0,2560000,0.25,435.899
4096,26829,315,0,2560000,0.25,291.895
4096,26829,316,0,2560000,0.25,170.401
4096,26829,317,0,2560000,0.25,445.588
4096,26829,318,0,2560000,0.25,157.423
4096,26829,319,0,2560000,0.25,62.5376
4096,26829,320,0,2560000,0.25,428.538
4096,26829,321,0,2560000,0.25,140.666
4096,26829,322,0,2560000,0.25,505.84
4096,26829,323,0,2560000,0.25,91.3368
4096,26829,324,0,2560000,0.25,86.1194
4096,26829,325,0,2560000,0.25,239.579
4096,26829,326,0,2560000,0.25,140.363
4096,26829,327,0,2560000,0.25,144.561
4096,26829,328,0,2560000,0.25,355.387
4096,26829,329,0,2560000,0.25,98.8245
4096,26829,330,0,2560000,0.25,109.202
4096,26829,331,0,2560000,0.25,131.826
4096,26829,332,0,2560000,0.25,216.714
4096,26829,333,0,2560000,0.25,269.088
4096,26829,334,0,2560000,0.25,51.7746
4096,26829,335,0,2560000,0.25,224.236
4096,26829,336,0,2560000,0.25,226.471
4096,26829,337,0,2560000,0.25,380.236
4096,26829,338,0,2560000,0.25,52.3246
4096,26829,339,0,2560000,0.25,97.4464
4096,26829,340,0,2560000,0.25,188.519
4096,26829,341,0,2560000,0.25,258.553
4096,26829,342,0,2560000,0.25,74.0367
4096,26829,343,0,2560000,0.25,858.751
4096,26829,344,0,2560000,0.25,121.874
4096,26829,345,0,2560000,0.25,540.776
4096,26829,346,0,2560000,0.25,320.171
4096,26829,347,0,2560000,0.25,631.58
4096,26829,348,0,2560000,0.25,235.755
4096,26829,349,0,2560000,0.25,107.352
4096,26829,350,0,2560000,0.25,603.623
4096,26829,351,0,2560000,0.25,157.913
4096,26829,352,0,2560000,0.25,457.745
4096,26829,353,0,2560000,0.25,818.693
4096,26829,354,0,2560000,0.25,277.3
4096,26829,355,0,2560000,0.25,176.336
4096,26829,356,0,2560000,0.25,83.3263
4096,26829,357,0,2560000,0.25,126.158
4096,26829,358,0,2560000,0.25,222.939
4096,26829,359,0,2560000,0.25,386.816
4096,26829,360,0,2560000,0.25,330.68
4096,26829,361,0,2560000,0.25,206.738
4096,26829,362,0,2560000,0.25,200.504
4096,26829,363,0,2560000,0.25,1250.14
4096,26829,364,0,2560000,0.25,105.181
4096,26829,365,0,2560000,0.25,319.213
4096,26829,366,0,2560000,0.25,710.73
4096,26829,367,0,2560000,0.25,118.415
4096,26829,368,0,2560000,0.25,364.331
4096,26829,369,0,2560000,0.25,24.5667
4096,26829,370,0,2560000,0.25,285.102
4096,26829,371,0,2560000,0.25,187.187
4096,26829,372,0,2560000,0.25,44.5822
4096,26829,373,0,2560000,0.25,79.5771
4096,26829,374,0,2560000,0.25,543.526
4096,26829,375,0,2560000,0.25,185.437
4096,26829,376,0,2560000,0.25,114.911
4096,26829,377,0,2560000,0.25,114.324
4096,26829,378,0,2560000,0.25,654.79
4096,26829,379,0,2560000,0.25,75.4548
4096,26829,380,0,2560000,0.25,1509.67
4096,26829,381,0,2560000,0.25,151.405
4096,26829,382,0,2560000,0.25,52.2708
4096,26829,383,0,2560000,0.25,530.582
4096,26829,384,0,2560000,0.25,862.131
4096,26829,385,0,2560000,0.25,707.851
4096,26829,386,0,2560000,0.25,628.257
4096,26829,387,0,2560000,0.25,218.287
4096,26829,388,0,2560000,0.25,306.492
4096,26829,389,0,2560000,0.25,277.951
4096,26829,390,0,2560000,0.25,61.1577
4096,26829,391,0,2560000,0.25,40.2065
4096,26829,392,0,2560000,0.25,218.897
4096,26829,393,0,2560000,0.25,203.458
4096,26829,394,0,2560000,0.25,227.87
4096,26829,395,0,2560000,0.25,281.295
4096,26829,396,0,2560000,0.25,179.21
4096,26829,397,0,2560000,0.25,863.895
4096,26829,398,0,2560000,0.25,272.915
4096,26829,399,0,2560000,0.25,115.525
4096,26829,400,0,2560000,0.25,306.256
4096,27648,1,22,2560000,0.25,1695.44
4096,27648,2,16,2560000,0.25,1688.8
4096,27648,3,24,2560000,0.25,1695.83
4096,27648,4,22,2560000,0.25,1690.69
4096,27648,5,19,2560000,0.25,1689.86
4096,27648,6,23,2560000,0.25,1695.98
4096,27648,7,16,2560000,0.25,1698.34
4096,27648,8,21,2560000,0.25,1694.15
4096,27648,9,20,2560000,0.25,1701.54
4096,27648,10,24,2560000,0.25,1704.88
4096,27648,11,16,2560000,0.25,1691.14
4096,27648,12,24,2560000,0.25,1696.52
4096,27648,13,22,2560000,0.25,1690.46
4096,27648,14,19,2560000,0.25,1693.35
4096,27648,15,22,2560000,0.25,1697.15
4096,27648,16,22,2560000,0.25,1696.95
4096,27648,17,18,2560000,0.25,1690.7
4096,27648,18,18,2560000,0.25,1705.82
4096,27648,19,21,2560000,0.25,1699.03
4096,27648,20,20,2560000,0.25,1692.65
4096,27648,21,26,2560000,0.25,1713.22
4096,27648,22,16,2560000,0.25,1682.39
4096,27648,23,24,2560000,0.25,1708.0
4096,27648,24,26,2560000,0.25,1692.05
4096,27648,25,26,2560000,0.25,1701.22
4096,27648,26,25,2560000,0.25,1696.49
4096,27648,27,19,2560000,0.25,1697.05
4096,27648,28,21,2560000,0.25,1698.57
4096,27648,29,21,2560000,0.25,1702.55
4096,27648,30,25,2560000,0.25,1692.87
4096,27648,31,22,2560000,0.25,1690.55
4096,27648,32,20,2560000,0.25,1685.12
4096,27648,33,29,2560000,0.25,1700.58
4096,27648,34,18,2560000,0.25,1678.0
4096,27648,35,21,2560000,0.25,1696.05
4096,27648,36,24,2560000,0.25,1703.45
4096,27648,37,22,2560000,0.25,1713.79
4096,27648,38,25,2560000,0.25,1710.12
4096,27648,39,17,2560000,0.25,1686.55
4096,27648,40,21,2560000,0.25,1699.67
4096,27648,41,23,2560000,0.25,1693.61
4096,27648,42,17,2560000,0.25,1708.32
4096,27648,43,22,2560000,0.25,1691.65
4096,27648,44,22,2560000,0.25,1697.64
4096,27648,45,21,2560000,0.25,1690.14
4096,27648,46,20,2560000,0.25,1694.0
4096,27648,47,17,2560000,0.25,1687.76
4096,27648,48,21,2560000,0.25,1688.7
4096,27648,49,22,2560000,0.25,1693.81
4096,27648,50,23,2560000,0.25,1690.27
4096,27648,51,22,2560000,0.25,1691.03
4096,27648,52,28,2560000,0.25,1698.86
4096,27648,53,22,2560000,0.25,1690.92
4096,27648,54,23,2560000,0.25,1693.18
4096,27648,55,31,2560000,0.25,1713.7
4096,27648,56,25,2560000,0.25,1698.54
4096,27648,57,27,2560000,0.25,1712.01
4096,27648,58,18,2560000,0.25,1677.39
4096,27648,59,19,2560000,0.25,1702.8
4096,27648,60,23,2560000,0.25,1694.05
4096,27648,61,18,2560000,0.25,1697.97
4096,27648,62,26,2560000,0.25,1696.8
4096,27648,63,24,2560000,0.25,1695.69
4096,27648,64,23,2560000,0.25,1698.99
4096,27648,65,17,2560000,0.25,1693.57
4096,27648,66,27,2560000,0.25,1697.3
4096,27648,67,27,2560000,0.25,1700.91
4096,27648,68,18,2560000,0.25,1699.97
4096,27648,69,23,2560000,0.25,1692.75
4096,27648,70,19,2560000,0.25,1690.99
4096,27648,71,20,2560000,0.25,1697.15
4096,27648,72,21,2560000,0.25,1701.79
4096,27648,73,18,2560000,0.25,1689.13
4096,27648,74,23,2560000,0.25,1693.68
4096,27648,75,20,2560000,0.25,1685.55
4096,27648,76,22,2560000,0.25,1687.67
4096,27648,77,21,2560000,0.25,1692.7
4096,27648,78,18,2560000,0.25,1693.39
4096,27648,79,25,2560000,0.25,1691.7
4096,27648,80,25,2560000,0.25,1709.4
4096,27648,81,21,2560000,0.25,1705.05
4096,27648,82,18,2560000,0.25,1687.61
4096,27648,83,15,2560000,0.25,1698.69
4096,27648,84,22,2560000,0.25,1697.56
4096,27648,85,24,2560000,0.25,1708.81
4096,27648,86,18,2560000,0.25,1689.64
4096,27648,87,20,2560000,0.25,1706.23
4096,27648,88,26,2560000,0.25,1696.37
4096,27648,89,18,2560000,0.25,1691.01
4096,27648,90,18,2560000,0.25,1674.81
4096,27648,91,24,2560000,0.25,1700.58
4096,27648,92,18,2560000,0.25,1692.69
4096,27648,93,26,2560000,0.25,1692.83
4096,27648,94,20,2560000,0.25,1698.35
4096,27648,95,19,2560000,0.25,1695.02
4096,27648,96,23,2560000,0.25,1699.57
4096,27648,97,20,2560000,0.25,1703.31
4096,27648,98,18,2560000,0.25,1686.14
4096,27648,99,27,2560000,0.25,1694.7
4096,27648,100,19,2560000,0.25,1695.38
4096,27648,101,20,2560000,0.25,1712.89
4096,27648,102,20,2560000,0.25,1690.68
4096,27648,103,24,2560000,0.25,1695.88
4096,27648,104,23,2560000,0.25,1691.02
4096,27648,105,18,2560000,0.25,1687.93
4096,27648,106,13,2560000,0.25,1685.21
4096,27648,107,22,2560000,0.25,1695.66
4096,27648,108,20,2560000,0.25,1691.66
4096,27648,109,20,2560000,0.25,1687.52
4096,27648,110,21,2560000,0.25,1693.1
4096,27648,111,18,2560000,0.25,1698.16
4096,27648,112,21,2560000,0.25,1692.46
4096,27648,113,21,2560000,0.25,1715.05
4096,27648,114,18,2560000,0.25,1688.98
4096,27648,115,22,2560000,0.25,1690.82
4096,27648,116,20,2560000,0.25,1696.0
4096,27648,117,27,2560000,0.25,1698.0
4096,27648,118,22,2560000,0.25,1701.84
4096,27648,119,24,2560000,0.25,1692.64
4096,27648,120,18,2560000,0.25,1685.63
4096,27648,121,18,2560000,0.25,1683.46
4096,27648,122,20,2560000,0.25,1710.48
4096,27648,123,21,2560000,0.25,1691.61
4096,27648,124,24,2560000,0.25,1720.7
4096,27648,125,17,2560000,0.25,1687.08
4096,27648,126,19,2560000,0.25,1705.16
4096,27648,127,22,2560000,0.25,1694.03
4096,27648,128,18,2560000,0.25,1707.76
4096,27648,129,22,2560000,0.25,1692.96
4096,27648,130,19,2560000,0.25,1688.18
4096,27648,131,23,2560000,0.25,1696.12
4096,27648,132,18,2560000,0.25,1706.05
4096,27648,133,18,2560000,0.25,1701.59
4096,27648,134,21,2560000,0.25,1695.68
4096,27648,135,18,2560000,0.25,1687.11
4096,27648,136,21,2560000,0.25,1696.45
4096,27648,137,26,2560000,0.25,1692.38
4096,27648,138,24,2560000,0.25,1696.8
4096,27648,139,25,2560000,0.25,1694.59
4096,27648,140,20,2560000,0.25,1689.74
4096,27648,141,21,2560000,0.25,1696.94
4096,27648,142,28,2560000,0.25,1701.76
4096,27648,143,22,2560000,0.25,1696.21
4096,27648,144,25,2560000,0.25,1704.95
4096,27648,145,21,2560000,0.25,1687.27
4096,27648,146,22,2560000,0.25,1688.56
4096,27648,147,22,2560000,0.25,1699.26
4096,27648,148,22,2560000,0.25,1693.46
4096,27648,149,19,2560000,0.25,1710.57
4096,27648,150,15,2560000,0.25,1689.1
4096,27648,151,19,2560000,0.25,1686.29
4096,27648,152,25,2560000,0.25,1698.29
4096,27648,153,18,2560000,0.25,1700.47
4096,27648,154,19,2560000,0.25,1708.13
4096,27648,155,18,2560000,0.25,1697.72
4096,27648,156,17,2560000,0.25,1689.39
4096,27648,157,24,2560000,0.25,1694.93
4096,27648,158,21,2560000,0.25,1700.63
4096,27648,159,21,2560000,0.25,1696.43
4096,27648,160,25,2560000,0.25,1695.21
4096,27648,161,16,2560000,0.25,1686.21
4096,27648,162,23,2560000,0.25,1697.12
4096,27648,163,15,2560000,0.25,1715.17
4096,27648,164,20,2560000,0.25,1687.03
4096,27648,165,21,2560000,0.25,1694.17
4096,27648,166,20,2560000,0.25,1698.26
4096,27648,167,25,2560000,0.25,1695.56
4096,27648,168,23,2560000,0.25,1698.81
4096,27648,169,16,2560000,0.25,1692.76
4096,27648,170,24,2560000,0.25,1689.03
4096,27648,171,27,2560000,0.25,1707.82
4096,27648,172,27,2560000,0.25,1701.47
4096,27648,173,25,2560000,0.25,1688.24
4096,27648,174,16,2560000,0.25,1696.48
4096,27648,175,25,2560000,0.25,1697.29
4096,27648,176,25,2560000,0.25,1710.5
4096,27648,177,23,2560000,0.25,1688.51
4096,27648,178,18,2560000,0.25,1687.75
4096,27648,179,17,2560000,0.25,1682.62
4096,27648,180,21,2560000,0.25,1694.72
4096,27648,181,17,2560000,0.25,1685.08
4096,27648,182,26,2560000,0.25,1699.71
4096,27648,183,19,2560000,0.25,1692.67
4096,27648,184,17,2560000,0.25,1689.76
4096,27648,185,27,2560000,0.25,1695.15
4096,27648,186,26,2560000,0.25,1696.91
4096,27648,187,20,2560000,0.25,1700.0
4096,27648,188,27,2560000,0.25,1701.87
4096,27648,189,20,2560000,0.25,1680.44
4096,27648,190,23,2560000,0.25,1716.38
4096,27648,191,23,2560000,0.25,1694.87
4096,27648,192,27,2560000,0.25,1694.37
4096,27648,193,24,2560000,0.25,1709.17
4096,27648,194,28,2560000,0.25,1697.09
4096,27648,195,20,2560000,0.25,1707.47
4096,27648,196,22,2560000,0.25,1695.77
4096,27648,197,22,2560000,0.25,1694.77
4096,27648,198,15,2560000,0.25,1689.93
4096,27648,199,15,2560000,0.25,1690.96
4096,27648,200,19,2560000,0.25,1704.52
4096,27648,201,18,2560000,0.25,1698.15
4096,27648,202,27,2560000,0.25,1709.4
4096,27648,203,26,2560000,0.25,1707.65
4096,27648,204,19,2560000,0.25,1688.99
4096,27648,205,22,2560000,0.25,1690.55
4096,27648,206,21,2560000,0.25,1691.58
4096,27648,207,23,2560000,0.25,1698.81
4096,27648,208,23,2560000,0.25,1699.81
4096,27648,209,18,2560000,0.25,1695.98
4096,27648,210,24,2560000,0.25,1691.97
4096,27648,211,18,2560000,0.25,1690.71
4096,27648,212,20,2560000,0.25,1692.3
4096,27648,213,23,2560000,0.25,1697.0
4096,27648,214,26,2560000,0.25,1692.98
4096,27648,215,18,2560000,0.25,1695.32
4096,27648,216,22,2560000,0.25,1700.97
4096,27648,217,23,2560000,0.25,1691.58
4096,27648,218,23,2560000,0.25,1690.77
4096,27648,219,19,2560000,0.25,1694.02
4096,27648,220,18,2560000,0.25,1697.44
4096,27648,221,19,2560000,0.25,1684.26
4096,27648,222,18,2560000,0.25,1685.31
4096,27648,223,19,2560000,0.25,1688.52
4096,27648,224,23,2560000,0.25,1693.95
4096,27648,225,22,2560000,0.25,1686.46
4096,27648,226,19,2560000,0.25,1691.03
4096,27648,227,21,2560000,0.25,1701.49
4096,27648,228,23,2560000,0.25,1696.7
4096,27648,229,22,2560000,0.25,1685.89
4096,27648,230,22,2560000,0.25,1694.91
4096,27648,231,24,2560000,0.25,1699.41
4096,27648,232,22,2560000,0.25,1695.51
4096,27648,233,23,2560000,0.25,1691.72
4096,27648,234,21,2560000,0.25,1690.65
4096,27648,235,16,2560000,0.25,1684.13
4096,27648,236,19,2560000,0.25,1692.97
4096,27648,237,19,2560000,0.25,1694.45
4096,27648,238,21,2560000,0.25,1690.69
4096,27648,239,23,2560000,0.25,1706.7
4096,27648,240,25,2560000,0.25,1698.03
4096,27648,241,17,2560000,0.25,1676.48
4096,27648,242,24,2560000,0.25,1710.58
4096,27648,243,24,2560000,0.25,1702.61
4096,27648,244,27,2560000,0.25,1700.1
4096,27648,245,18,2560000,0.25,1684.39
4096,27648,246,21,2560000,0.25,1690.91
4096,27648,247,22,2560000,0.25,1692.68
4096,27648,248,19,2560000,0.25,1691.42
4096,27648,249,16,2560000,0.25,1691.93
4096,27648,250,15,2560000,0.25,1671.88
4096,27648,251,19,2560000,0.25,1687.53
4096,27648,252,24,2560000,0.25,1700.22
4096,27648,253,27,2560000,0.25,1697.71
4096,27648,254,19,2560000,0.25,1689.67
4096,27648,255,28,2560000,0.25,1694.65
4096,27648,256,15,2560000,0.25,1708.43
4096,27648,257,16,2560000,0.25,1704.2
4096,27648,258,16,2560000,0.25,1693.3
4096,27648,259,19,2560000,0.25,1702.41
4096,27648,260,24,2560000,0.25,1691.22
4096,27648,261,21,2560000,0.25,1691.3
4096,27648,262,12,2560000,0.25,1679.82
4096,27648,263,23,2560000,0.25,1691.72
4096,27648,264,30,2560000,0.25,1706.67
4096,27648,265,28,2560000,0.25,1693.23
4096,27648,266,28,2560000,0.25,1696.34
4096,27648,267,22,2560000,0.25,1692.27
4096,27648,268,23,2560000,0.25,1695.68
4096,27648,269,28,2560000,0.25,1693.41
4096,27648,270,15,2560000,0.25,1687.57
4096,27648,271,21,2560000,0.25,1691.83
4096,27648,272,26,2560000,0.25,1692.51
4096,27648,273,23,2560000,0.25,1694.21
4096,27648,274,25,2560000,0.25,1709.77
4096,27648,275,19,2560000,0.25,1688.77
4096,27648,276,18,2560000,0.25,1680.18
4096,27648,277,18,2560000,0.25,1696.07
4096,27648,278,27,2560000,0.25,1695.0
4096,27648,279,23,2560000,0.25,1692.99
4096,27648,280,20,2560000,0.25,1696.26
4096,27648,281,24,2560000,0.25,1690.71
4096,27648,282,24,2560000,0.25,1700.55
4096,27648,283,21,2560000,0.25,1709.99
4096,27648,284,23,2560000,0.25,1694.91
4096,27648,285,24,2560000,0.25,1693.31
4096,27648,286,19,2560000,0.25,1708.33
4096,27648,287,25,2560000,0.25,1694.53
4096,27648,288,23,2560000,0.25,1688.51
4096,27648,289,27,2560000,0.25,1692.57
4096,27648,290,15,2560000,0.25,1681.52
4096,27648,291,22,2560000,0.25,1690.1
4096,27648,292,22,2560000,0.25,1699.99
4096,27648,293,20,2560000,0.25,1692.97
4096,27648,294,23,2560000,0.25,1700.68
4096,27648,295,26,2560000,0.25,1692.86
4096,27648,296,21,2560000,0.25,1699.99
4096,27648,297,25,2560000,0.25,1694.3
4096,27648,298,21,2560000,0.25,1691.16
4096,27648,299,21,2560000,0.25,1692.47
4096,27648,300,18,2560000,0.25,1693.62
4096,27648,301,19,2560000,0.25,1705.93
4096,27648,302,21,2560000,0.25,1695.89
4096,27648,303,22,2560000,0.25,1694.95
4096,27648,304,21,2560000,0.25,1691.0
4096,27648,305,24,2560000,0.25,1697.73
4096,27648,306,19,2560000,0.25,1695.43
4096,27648,307,24,2560000,0.25,1706.87
4096,27648,308,15,2560000,0.25,1690.75
4096,27648,309,14,2560000,0.25,1682.06
4096,27648,310,16,2560000,0.25,1709.2
4096,27648,311,17,2560000,0.25,1680.64
4096,27648,312,25,2560000,0.25,1700.05
4096,27648,313,23,2560000,0.25,1693.03
4096,27648,314,20,2560000,0.25,1694.66
4096,27648,315,23,2560000,0.25,1695.05
4096,27648,316,21,2560000,0.25,1695.17
4096,27648,317,25,2560000,0.25,1696.66
4096,27648,318,26,2560000,0.25,1696.62
4096,27648,319,24,2560000,0.25,1692.72
4096,27648,320,23,2560000,0.25,1690.59
4096,27648,321,23,2560000,0.25,1700.12
4096,27648,322,16,2560000,0.25,1688.18
4096,27648,323,18,2560000,0.25,1698.58
4096,27648,324,21,2560000,0.25,1698.44
4096,27648,325,24,2560000,0.25,1696.66
4096,27648,326,26,2560000,0.25,1708.06
4096,27648,327,20,2560000,0.25,1693.3
4096,27648,328,25,2560000,0.25,1696.51
4096,27648,329,27,2560000,0.25,1697.0
4096,27648,330,20,2560000,0.25,1686.76
4096,27648,331,21,2560000,0.25,1692.3
4096,27648,332,20,2560000,0.25,1697.13
4096,27648,333,23,2560000,0.25,1707.41
4096,27648,334,20,2560000,0.25,1692.04
4096,27648,335,21,2560000,0.25,1702.55
4096,27648,336,22,2560000,0.25,1695.8
4096,27648,337,21,2560000,0.25,1687.7
4096,27648,338,12,2560000,0.25,1692.12
4096,27648,339,18,2560000,0.25,1690.23
4096,27648,340,16,2560000,0.25,1682.31
4096,27648,341,28,2560000,0.25,1703.15
4096,27648,342,18,2560000,0.25,1687.77
4096,27648,343,25,2560000,0.25,1705.34
4096,27648,344,18,2560000,0.25,1692.29
4096,27648,345,20,2560000,0.25,1698.64
4096,27648,346,24,2560000,0.25,1696.04
4096,27648,347,18,2560000,0.25,1686.95
4096,27648,348,25,2560000,0.25,1699.53
4096,27648,349,19,2560000,0.25,1695.83
4096,27648,350,24,2560000,0.25,1697.22
4096,27648,351,24,2560000,0.25,1706.89
4096,27648,352,17,2560000,0.25,1686.13
4096,27648,353,26,2560000,0.25,1697.92
4096,27648,354,22,2560000,0.25,1690.43
4096,27648,355,23,2560000,0.25,1694.6
4096,27648,356,25,2560000,0.25,1697.62
4096,27648,357,19,2560000,0.25,1679.08
4096,27648,358,18,2560000,0.25,1692.2
4096,27648,359,16,2560000,0.25,1685.87
4096,27648,360,22,2560000,0.25,1699.39
4096,27648,361,24,2560000,0.25,1694.29
4096,27648,362,21,2560000,0.25,1693.39
4096,27648,363,24,2560000,0.25,1692.95
4096,27648,364,16,2560000,0.25,1699.12
4096,27648,365,15,2560000,0.25,1696.06
4096,27648,366,26,2560000,0.25,1695.22
4096,27648,367,25,2560000,0.25,1695.79
4096,27648,368,19,2560000,0.25,1686.98
4096,27648,369,18,2560000,0.25,1692.63
4096,27648,370,19,2560000,0.25,1687.22
4096,27648,371,21,2560000,0.25,1693.24
4096,27648,372,18,2560000,0.25,1687.93
4096,27648,373,19,2560000,0.25,1708.81
4096,27648,374,18,2560000,0.25,1694.23
4096,27648,375,21,2560000,0.25,1683.34
4096,27648,376,18,2560000,0.25,1691.67
4096,27648,377,17,2560000,0.25,1691.31
4096,27648,378,25,2560000,0.25,1695.53
4096,27648,379,19,2560000,0.25,1688.63
4096,27648,380,21,2560000,0.25,1694.84
4096,27648,381,21,2560000,0.25,1692.96
4096,27648,382,21,2560000,0.25,1695.72
4096,27648,383,24,2560000,0.25,1690.16
4096,27648,384,24,2560000,0.25,1691.37
4096,27648,385,23,2560000,0.25,1691.04
4096,27648,386,17,2560000,0.25,1706.56
4096,27648,387,22,2560000,0.25,1690.58
4096,27648,388,20,2560000,0.25,1689.63
4096,27648,389,16,2560000,0.25,1688.34
4096,27648,390,25,2560000,0.25,1692.06
4096,27648,391,22,2560000,0.25,1700.59
4096,27648,392,20,2560000,0.25,1692.24
4096,27648,393,26,2560000,0.25,1691.59
4096,27648,394,22,2560000,0.25,1690.5
4096,27648,395,20,2560000,0.25,1694.16
4096,27648,396,13,2560000,0.25,1690.56
4096,27648,397,19,2560000,0.25,1706.35
4096,27648,398,12,2560000,0.25,1693.14
4096,27648,399,23,2560000,0.25,1687.94
4096,27648,400,24,2560000,0.25,1715.01
8192,40550,1,0,5120000,0.25,0.02885
8192,40550,2,0,5120000,0.25,0.038516
8192,40550,3,0,5120000,0.25,0.037461
8192,40550,4,0,5120000,0.25,0.040828
8192,40550,5,0,5120000,0.25,0.03888
8192,40550,6,0,5120000,0.25,0.040758
8192,40550,7,0,5120000,0.25,0.042186
8192,40550,8,0,5120000,0.25,0.039704
8192,40550,9,0,5120000,0.25,0.037429
8192,40550,10,0,5120000,0.25,0.038133
8192,40550,11,0,5120000,0.25,0.040229
8192,40550,12,0,5120000,0.25,0.037034
8192,40550,13,0,5120000,0.25,0.040057
8192,40550,14,0,5120000,0.25,0.037601
8192,40550,15,0,5120000,0.25,0.038402
8192,40550,16,0,5120000,0.25,0.041427
8192,40550,17,0,5120000,0.25,0.032496
8192,40550,18,0,5120000,0.25,0.038221
8192,40550,19,0,5120000,0.25,0.036858
8192,40550,20,0,5120000,0.25,0.037373
8192,40550,21,0,5120000,0.25,0.036941
8192,40550,22,0,5120000,0.25,0.039896
8192,40550,23,0,5120000,0.25,0.037256
8192,40550,24,0,5120000,0.25,0.042496
8192,40550,25,0,5120000,0.25,0.039944
8192,40550,26,0,5120000,0.25,0.037144
8192,40550,27,0,5120000,0.25,0.036948
8192,40550,28,0,5120000,0.25,0.037086
8192,40550,29,0,5120000,0.25,0.040107
8192,40550,30,0,5120000,0.25,0.039853
8192,40550,31,0,5120000,0.25,0.05109
8192,40550,32,0,5120000,0.25,0.03551
8192,40550,33,0,5120000,0.25,0.035706
8192,40550,34,0,5120000,0.25,0.039079
8192,40550,35,0,5120000,0.25,0.040518
8192,40550,36,0,5120000,0.25,0.036012
8192,40550,37,0,5120000,0.25,0.039529
8192,40550,38,0,5120000,0.25,0.038385
8192,40550,39,0,5120000,0.25,0.037216
8192,40550,40,0,5120000,0.25,0.039983
8192,40550,41,0,5120000,0.25,0.037906
8192,40550,42,0,5120000,0.25,0.035086
8192,40550,43,0,5120000,0.25,0.039624
8192,40550,44,0,5120000,0.25,0.04247
8192,40550,45,0,5120000,0.25,0.041987
8192,40550,46,0,5120000,0.25,0.037602
8192,40550,47,0,5120000,0.25,0.037883
8192,40550,48,0,5120000,0.25,0.040512
8192,40550,49,0,5120000,0.25,0.038348
8192,40550,50,0,5120000,0.25,0.038813
8192,40550,51,0,5120000,0.25,0.039422
8192,40550,52,0,5120000,0.25,0.03727
8192,40550,53,0,5120000,0.25,0.038141
8192,40550,54,0,5120000,0.25,0.039903
8192,40550,55,0,5120000,0.25,0.042022
8192,40550,56,0,5120000,0.25,0.040083
8192,40550,57,0,5120000,0.25,0.037157
8192,40550,58,0,5120000,0.25,0.039645
8192,40550,59,0,5120000,0.25,0.038402
8192,40550,60,0,5120000,0.25,0.039502
8192,40550,61,0,5120000,0.25,0.040311
8192,40550,62,0,5120000,0.25,0.039765
8192,40550,63,0,5120000,0.25,0.038925
8192,40550,64,0,5120000,0.25,0.038206
8192,40550,65,0,5120000,0.25,0.035656
8192,40550,66,0,5120000,0.25,0.037892
8192,40550,67,0,5120000,0.25,0.040361
8192,40550,68,0,5120000,0.25,0.039031
8192,40550,69,0,5120000,0.25,0.040397
8192,40550,70,0,5120000,0.25,0.041774
8192,40550,71,0,5120000,0.25,0.043317
8192,40550,72,0,5120000,0.25,0.039915
8192,40550,73,0,5120000,0.25,0.03704
8192,40550,74,0,5120000,0.25,0.039487
8192,40550,75,0,5120000,0.25,0.038547
8192,40550,76,0,5120000,0.25,0.03852
8192,40550,77,0,5120000,0.25,0.044267
8192,40550,78,0,5120000,0.25,0.03969
8192,40550,79,0,5120000,0.25,0.035718
8192,40550,80,0,5120000,0.25,0.039542
8192,40550,81,0,5120000,0.25,0.03259
8192,40550,82,0,5120000,0.25,0.037129
8192,40550,83,0,5120000,0.25,0.038848
8192,40550,84,0,5120000,0.25,0.039884
8192,40550,85,0,5120000,0.25,0.037206
8192,40550,86,0,5120000,0.25,0.039951
8192,40550,87,0,5120000,0.25,0.038697
8192,40550,88,0,5120000,0.25,0.037221
8192,40550,89,0,5120000,0.25,0.038165
8192,40550,90,0,5120000,0.25,0.039011
8192,40550,91,0,5120000,0.25,0.036755
8192,40550,92,0,5120000,0.25,0.036641
8192,40550,93,0,5120000,0.25,0.037706
8192,40550,94,0,5120000,0.25,0.036562
8192,40550,95,0,5120000,0.25,0.037196
8192,40550,96,0,5120000,0.25,0.037551
8192,40550,97,0,5120000,0.25,0.039939
8192,40550,98,0,5120000,0.25,0.038435
8192,40550,99,0,5120000,0.25,0.041324
8192,40550,100,0,5120000,0.25,0.031779
8192,40550,101,0,5120000,0.25,0.036943
8192,40550,102,0,5120000,0.25,0.035074
8192,40550,103,0,5120000,0.25,0.037511
8192,40550,104,0,5120000,0.25,0.035632
8192,40550,105,0,5120000,0.25,0.037441
8192,40550,106,0,5120000,0.25,0.039021
8192,40550,107,0,5120000,0.25,0.037734
8192,40550,108,0,5120000,0.25,0.039766
8192,40550,109,0,5120000,0.25,0.040634
8192,40550,110,0,5120000,0.25,0.03951
8192,40550,111,0,5120000,0.25,0.038394
8192,40550,112,0,5120000,0.25,0.04063
8192,40550,113,0,5120000,0.25,0.036175
8192,40550,114,0,5120000,0.25,0.041307
8192,40550,115,0,5120000,0.25,0.040352
8192,40550,116,0,5120000,0.25,0.034763
8192,40550,117,0,5120000,0.25,0.038311
8192,40550,118,0,5120000,0.25,0.036777
8192,40550,119,0,5120000,0.25,0.03942
8192,40550,120,0,5120000,0.25,0.038877
8192,40550,121,0,5120000,0.25,0.039503
8192,40550,122,0,5120000,0.25,0.039537
8192,40550,123,0,5120000,0.25,0.038864
8192,40550,124,0,5120000,0.25,0.035914
8192,40550,125,0,5120000,0.25,0.042316
8192,40550,126,0,5120000,0.25,0.038281
8192,40550,127,0,5120000,0.25,0.038087
8192,40550,128,0,5120000,0.25,0.03758
8192,40550,129,0,5120000,0.25,0.031872
8192,40550,130,0,5120000,0.25,0.036562
8192,40550,131,0,5120000,0.25,0.038196
8192,40550,132,0,5120000,0.25,0.039698
8192,40550,133,0,5120000,0.25,0.037736
8192,40550,134,0,5120000,0.25,0.039775
8192,40550,135,0,5120000,0.25,0.036187
8192,40550,136,0,5120000,0.25,0.038758
8192,40550,137,0,5120000,0.25,0.028325
8192,40550,138,0,5120000,0.25,0.039536
8192,40550,139,0,5120000,0.25,0.043253
8192,40550,140,0,5120000,0.25,0.037388
8192,40550,141,0,5120000,0.25,0.037835
8192,40550,142,0,5120000,0.25,0.038713
8192,40550,143,0,5120000,0.25,0.038932
8192,40550,144,0,5120000,0.25,0.041822
8192,40550,145,0,5120000,0.25,0.030846
8192,40550,146,0,5120000,0.25,0.03688
8192,40550,147,0,5120000,0.25,0.037599
8192,40550,148,0,5120000,0.25,0.039904
8192,40550,149,0,5120000,0.25,0.038235
8192,40550,150,0,5120000,0.25,0.036681
8192,40550,151,0,5120000,0.25,0.039134
8192,40550,152,0,5120000,0.25,0.039416
8192,40550,153,0,5120000,0.25,0.038397
8192,40550,154,0,5120000,0.25,0.0434
8192,40550,155,0,5120000,0.25,0.039494
8192,40550,156,0,5120000,0.25,0.042532
8192,40550,157,0,5120000,0.25,0.040075
8192,40550,158,0,5120000,0.25,0.03798
8192,40550,159,0,5120000,0.25,0.036712
8192,40550,160,0,5120000,0.25,0.03224
8192,40550,161,0,5120000,0.25,0.031476
8192,40550,162,0,5120000,0.25,0.036901
8192,40550,163,0,5120000,0.25,0.036917
8192,40550,164,0,5120000,0.25,0.035402
8192,40550,165,0,5120000,0.25,0.040028
8192,40550,166,0,5120000,0.25,0.042976
8192,40550,167,0,5120000,0.25,0.037835
8192,40550,168,0,5120000,0.25,0.039725
8192,40550,169,0,5120000,0.25,0.042836
8192,40550,170,0,5120000,0.25,0.041257
8192,40550,171,0,5120000,0.25,0.043184
8192,40550,172,0,5120000,0.25,0.038604
8192,40550,173,0,5120000,0.25,0.039836
8192,40550,174,0,5120000,0.25,0.039597
8192,40550,175,0,5120000,0.25,0.040513
8192,40550,176,0,5120000,0.25,0.037739
8192,40550,177,0,5120000,0.25,0.03075
8192,40550,178,0,5120000,0.25,0.035131
8192,40550,179,0,5120000,0.25,0.040721
8192,40550,180,0,5120000,0.25,0.04066
8192,40550,181,0,5120000,0.25,0.036889
8192,40550,182,0,5120000,0.25,0.038087
8192,40550,183,0,5120000,0.25,0.039995
8192,40550,184,0,5120000,0.25,0.037866
8192,40550,185,0,5120000,0.25,0.036904
8192,40550,186,0,5120000,0.25,0.038948
8192,40550,187,0,5120000,0.25,0.03793
8192,40550,188,0,5120000,0.25,0.038332
8192,40550,189,0,5120000,0.25,0.042769
8192,40550,190,0,5120000,0.25,0.037041
8192,40550,191,0,5120000,0.25,0.036889
8192,40550,192,0,5120000,0.25,0.038043
8192,40550,193,0,5120000,0.25,0.034073
8192,40550,194,0,5120000,0.25,0.040477
8192,40550,195,0,5120000,0.25,0.038967
8192,40550,196,0,5120000,0.25,0.038345
8192,40550,197,0,5120000,0.25,0.042412
8192,40550,198,0,5120000,0.25,0.037336
8192,40550,199,0,5120000,0.25,0.039394
8192,40550,200,0,5120000,0.25,0.037165
8192,40550,201,0,5120000,0.25,0.036619
8192,40550,202,0,5120000,0.25,0.037511
8192,40550,203,0,5120000,0.25,0.040004
8192,40550,204,0,5120000,0.25,0.037215
8192,40550,205,0,5120000,0.25,0.038365
8192,40550,206,0,5120000,0.25,0.035232
8192,40550,207,0,5120000,0.25,0.037429
8192,40550,208,0,5120000,0.25,0.040789
8192,40550,209,0,5120000,0.25,0.031804
8192,40550,210,0,5120000,0.25,0.037714
8192,40550,211,0,5120000,0.25,0.036884
8192,40550,212,0,5120000,0.25,0.038127
8192,40550,213,0,5120000,0.25,0.036785
8192,40550,214,0,5120000,0.25,0.039652
8192,40550,215,0,5120000,0.25,0.038264
8192,40550,216,0,5120000,0.25,0.043611
8192,40550,217,0,5120000,0.25,0.039302
8192,40550,218,0,5120000,0.25,0.035271
8192,40550,219,0,5120000,0.25,0.038841
8192,40550,220,0,5120000,0.25,0.04113
8192,40550,221,0,5120000,0.25,0.03056
8192,40550,222,0,5120000,0.25,0.029778
8192,40550,223,0,5120000,0.25,0.037026
8192,40550,224,0,5120000,0.25,0.040978
8192,40550,225,0,5120000,0.25,0.02829
8192,40550,226,0,5120000,0.25,0.037788
8192,40550,227,0,5120000,0.25,0.039692
8192,40550,228,0,5120000,0.25,0.038317
8192,40550,229,0,5120000,0.25,0.039237
8192,40550,230,0,5120000,0.25,0.039841
8192,40550,231,0,5120000,0.25,0.037192
8192,40550,232,0,5120000,0.25,0.037693
8192,40550,233,0,5120000,0.25,0.039414
8192,40550,234,0,5120000,0.25,0.039694
8192,40550,235,0,5120000,0.25,0.040063
8192,40550,236,0,5120000,0.25,0.035112
8192,40550,237,0,5120000,0.25,0.038546
8192,40550,238,0,5120000,0.25,0.03702
8192,40550,239,0,5120000,0.25,0.040087
8192,40550,240,0,5120000,0.25,0.038715
8192,40550,241,0,5120000,0.25,0.033926
8192,40550,242,0,5120000,0.25,0.038292
8192,40550,243,0,5120000,0.25,0.038107
8192,40550,244,0,5120000,0.25,0.040846
8192,40550,245,0,5120000,0.25,0.036861
8192,40550,246,0,5120000,0.25,0.038178
8192,40550,247,0,5120000,0.25,0.039309
8192,40550,248,0,5120000,0.25,0.040163
8192,40550,249,0,5120000,0.25,0.037922
8192,40550,250,0,5120000,0.25,0.042693
8192,40550,251,0,5120000,0.25,0.040399
8192,40550,252,0,5120000,0.25,0.039703
8192,40550,253,0,5120000,0.25,0.037089
8192,40550,254,0,5120000,0.25,0.032425
8192,40550,255,0,5120000,0.25,0.030445
8192,40550,256,0,5120000,0.25,0.037886
8192,40550,257,0,5120000,0.25,0.030918
8192,40550,258,0,5120000,0.25,0.033025
8192,40550,259,0,5120000,0.25,0.039222
8192,40550,260,0,5120000,0.25,0.03991
8192,40550,261,0,5120000,0.25,0.038647
8192,40550,262,0,5120000,0.25,0.03781
8192,40550,263,0,5120000,0.25,0.04354
8192,40550,264,0,5120000,0.25,0.040512
8192,40550,265,0,5120000,0.25,0.038482
8192,40550,266,0,5120000,0.25,0.039126
8192,40550,267,0,5120000,0.25,0.038992
8192,40550,268,0,5120000,0.25,0.038007
8192,40550,269,0,5120000,0.25,0.034436
8192,40550,270,0,5120000,0.25,0.042604
8192,40550,271,0,5120000,0.25,0.039404
8192,40550,272,0,5120000,0.25,0.039814
8192,40550,273,0,5120000,0.25,0.032827
8192,40550,274,0,5120000,0.25,0.040504
8192,40550,275,0,5120000,0.25,0.040347
8192,40550,276,0,5120000,0.25,0.038413
8192,40550,277,0,5120000,0.25,0.038198
8192,40550,278,0,5120000,0.25,0.042411
8192,40550,279,0,5120000,0.25,0.039729
8192,40550,280,0,5120000,0.25,0.038833
8192,40550,281,0,5120000,0.25,0.037296
8192,40550,282,0,5120000,0.25,0.039842
8192,40550,283,0,5120000,0.25,0.037723
8192,40550,284,0,5120000,0.25,0.036396
8192,40550,285,0,5120000,0.25,0.038498
8192,40550,286,0,5120000,0.25,0.037949
8192,40550,287,0,5120000,0.25,0.035725
8192,40550,288,0,5120000,0.25,0.037711
8192,40550,289,0,5120000,0.25,0.037168
8192,40550,290,0,5120000,0.25,0.038549
8192,40550,291,0,5120000,0.25,0.037732
8192,40550,292,0,5120000,0.25,0.039936
8192,40550,293,0,5120000,0.25,0.03942
8192,40550,294,0,5120000,0.25,0.039308
8192,40550,295,0,5120000,0.25,0.039003
8192,40550,296,0,5120000,0.25,0.038507
8192,40550,297,0,5120000,0.25,0.040816
8192,40550,298,0,5120000,0.25,0.034639
8192,40550,299,0,5120000,0.25,0.038628
8192,40550,300,0,5120000,0.25,0.037982
8192,40550,301,0,5120000,0.25,0.036304
8192,40550,302,0,5120000,0.25,0.039467
8192,40550,303,0,5120000,0.25,0.039815
8192,40550,304,0,5120000,0.25,0.037932
8192,40550,305,0,5120000,0.25,0.031613
8192,40550,306,0,5120000,0.25,0.038822
8192,40550,307,0,5120000,0.25,0.037745
8192,40550,308,0,5120000,0.25,0.039346
8192,40550,309,0,5120000,0.25,0.039904
8192,40550,310,0,5120000,0.25,0.036987
8192,40550,311,0,5120000,0.25,0.038858
8192,40550,312,0,5120000,0.25,0.039921
8192,40550,313,0,5120000,0.25,0.040085
8192,40550,314,0,5120000,0.25,0.041197
8192,40550,315,0,5120000,0.25,0.03798
8192,40550,316,0,5120000,0.25,0.039447
8192,40550,317,0,5120000,0.25,0.039371
8192,40550,318,0,5120000,0.25,0.039294
8192,40550,319,0,5120000,0.25,0.041475
8192,40550,320,0,5120000,0.25,0.037446
8192,40550,321,0,5120000,0.25,0.036955
8192,40550,322,0,5120000,0.25,0.038069
8192,40550,323,0,5120000,0.25,0.042954
8192,40550,324,0,5120000,0.25,0.03942
8192,40550,325,0,5120000,0.25,0.040651
8192,40550,326,0,5120000,0.25,0.037963
8192,40550,327,0,5120000,0.25,0.034798
8192,40550,328,0,5120000,0.25,0.037205
8192,40550,329,0,5120000,0.25,0.039744
8192,40550,330,0,5120000,0.25,0.037318
8192,40550,331,0,5120000,0.25,0.04042
8192,40550,332,0,5120000,0.25,0.035508
8192,40550,333,0,5120000,0.25,0.039237
8192,40550,334,0,5120000,0.25,0.040672
8192,40550,335,0,5120000,0.25,0.03706
8192,40550,336,0,5120000,0.25,0.047799
8192,40550,337,0,5120000,0.25,0.036347
8192,40550,338,0,5120000,0.25,0.042434
8192,40550,339,0,5120000,0.25,0.041929
8192,40550,340,0,5120000,0.25,0.040949
8192,40550,341,0,5120000,0.25,0.038895
8192,40550,342,0,5120000,0.25,0.041214
8192,40550,343,0,5120000,0.25,0.041282
8192,40550,344,0,5120000,0.25,0.042722
8192,40550,345,0,5120000,0.25,0.039834
8192,40550,346,0,5120000,0.25,0.040307
8192,40550,347,0,5120000,0.25,0.040324
8192,40550,348,0,5120000,0.25,0.040781
8192,40550,349,0,5120000,0.25,0.037689
8192,40550,350,0,5120000,0.25,0.040277
8192,40550,351,0,5120000,0.25,0.039785
8192,40550,352,0,5120000,0.25,0.036939
8192,40550,353,0,5120000,0.25,0.031299
8192,40550,354,0,5120000,0.25,0.038474
8192,40550,355,0,5120000,0.25,0.038749
8192,40550,356,0,5120000,0.25,0.039336
8192,40550,357,0,5120000,0.25,0.040128
8192,40550,358,0,5120000,0.25,0.040775
8192,40550,359,0,5120000,0.25,0.041766
8192,40550,360,0,5120000,0.25,0.040127
8192,40550,361,0,5120000,0.25,0.040753
8192,40550,362,0,5120000,0.25,0.036664
8192,40550,363,0,5120000,0.25,0.037427
8192,40550,364,0,5120000,0.25,0.039555
8192,40550,365,0,5120000,0.25,0.03864
8192,40550,366,0,5120000,0.25,0.038506
8192,40550,367,0,5120000,0.25,0.040865
8192,40550,368,0,5120000,0.25,0.036613
8192,40550,369,0,5120000,0.25,0.03789
8192,40550,370,0,5120000,0.25,0.036697
8192,40550,371,0,5120000,0.25,0.039495
8192,40550,372,0,5120000,0.25,0.039182
8192,40550,373,0,5120000,0.25,0.041274
8192,40550,374,0,5120000,0.25,0.038102
8192,40550,375,0,5120000,0.25,0.03541
8192,40550,376,0,5120000,0.25,0.038082
8192,40550,377,0,5120000,0.25,0.037924
8192,40550,378,0,5120000,0.25,0.039784
8192,40550,379,0,5120000,0.25,0.038053
8192,40550,380,0,5120000,0.25,0.038583
8192,40550,381,0,5120000,0.25,0.031132
8192,40550,382,0,5120000,0.25,0.038896
8192,40550,383,0,5120000,0.25,0.042546
8192,40550,384,0,5120000,0.25,0.037711
8192,40550,385,0,5120000,0.25,0.033068
8192,40550,386,0,5120000,0.25,0.047591
8192,40550,387,0,5120000,0.25,0.036515
8192,40550,388,0,5120000,0.25,0.038452
8192,40550,389,0,5120000,0.25,0.041081
8192,40550,390,0,5120000,0.25,0.036607
8192,40550,391,0,5120000,0.25,0.037068
8192,40550,392,0,5120000,0.25,0.03434
8192,40550,393,0,5120000,0.25,0.041577
8192,40550,394,0,5120000,0.25,0.040628
8192,40550,395,0,5120000,0.25,0.037879
8192,40550,396,0,5120000,0.25,0.037864
8192,40550,397,0,5120000,0.25,0.037968
8192,40550,398,0,5120000,0.25,0.042371
8192,40550,399,0,5120000,0.25,0.039533
8192,40550,400,0,5120000,0.25,0.03532
8192,42189,1,0,5120000,0.25,0.045963
8192,42189,2,0,5120000,0.25,0.052127
8192,42189,3,0,5120000,0.25,0.052339
8192,42189,4,0,5120000,0.25,0.046149
8192,42189,5,0,5120000,0.25,0.049404
8192,42189,6,0,5120000,0.25,0.058725
8192,42189,7,0,5120000,0.25,0.048191
8192,42189,8,0,5120000,0.25,0.049533
8192,42189,9,0,5120000,0.25,0.051237
8192,42189,10,0,5120000,0.25,0.053059
8192,42189,11,0,5120000,0.25,0.049717
8192,42189,12,0,5120000,0.25,0.043395
8192,42189,13,0,5120000,0.25,0.053347
8192,42189,14,0,5120000,0.25,0.053856
8192,42189,15,0,5120000,0.25,0.046316
8192,42189,16,0,5120000,0.25,0.053892
8192,42189,17,0,5120000,0.25,0.041732
8192,42189,18,0,5120000,0.25,0.05035
8192,42189,19,0,5120000,0.25,0.046979
8192,42189,20,0,5120000,0.25,0.049282
8192,42189,21,0,5120000,0.25,0.052588
8192,42189,22,0,5120000,0.25,0.052589
8192,42189,23,0,5120000,0.25,0.049926
8192,42189,24,0,5120000,0.25,0.049644
8192,42189,25,0,5120000,0.25,0.044873
8192,42189,26,0,5120000,0.25,0.048947
8192,42189,27,0,5120000,0.25,0.046452
8192,42189,28,0,5120000,0.25,0.047198
8192,42189,29,0,5120000,0.25,0.046915
8192,42189,30,0,5120000,0.25,0.045607
8192,42189,31,0,5120000,0.25,0.044649
8192,42189,32,0,5120000,0.25,0.057846
8192,42189,33,0,5120000,0.25,0.054924
8192,42189,34,0,5120000,0.25,0.05
8192,42189,35,0,5120000,0.25,0.050586
8192,42189,36,0,5120000,0.25,0.046977
8192,42189,37,0,5120000,0.25,0.044814
8192,42189,38,0,5120000,0.25,0.046441
8192,42189,39,0,5120000,0.25,0.05625
8192,42189,40,0,5120000,0.25,0.049725
8192,42189,41,0,5120000,0.25,0.04925
8192,42189,42,0,5120000,0.25,0.04758
8192,42189,43,0,5120000,0.25,0.052356
8192,42189,44,0,5120000,0.25,0.048543
8192,42189,45,0,5120000,0.25,0.046425
8192,42189,46,0,5120000,0.25,0.051864
8192,42189,47,0,5120000,0.25,0.048116
8192,42189,48,0,5120000,0.25,0.04563
8192,42189,49,0,5120000,0.25,0.051264
8192,42189,50,0,5120000,0.25,0.055333
8192,42189,51,0,5120000,0.25,0.045577
8192,42189,52,0,5120000,0.25,0.051274
8192,42189,53,0,5120000,0.25,0.047431
8192,42189,54,0,5120000,0.25,0.04747
8192,42189,55,0,5120000,0.25,0.046439
8192,42189,56,0,5120000,0.25,0.047239
8192,42189,57,0,5120000,0.25,0.04884
8192,42189,58,0,5120000,0.25,0.045773
8192,42189,59,0,5120000,0.25,0.050349
8192,42189,60,0,5120000,0.25,0.054154
8192,42189,61,0,5120000,0.25,0.048444
8192,42189,62,0,5120000,0.25,0.05189
8192,42189,63,0,5120000,0.25,0.050477
8192,42189,64,0,5120000,0.25,0.046248
8192,42189,65,0,5120000,0.25,0.054442
8192,42189,66,0,5120000,0.25,0.050372
8192,42189,67,0,5120000,0.25,0.047812
8192,42189,68,0,5120000,0.25,0.042397
8192,42189,69,0,5120000,0.25,0.055195
8192,42189,70,0,5120000,0.25,0.052934
8192,42189,71,0,5120000,0.25,0.050425
8192,42189,72,0,5120000,0.25,0.051
8192,42189,73,0,5120000,0.25,0.048836
8192,42189,74,0,5120000,0.25,0.049355
8192,42189,75,0,5120000,0.25,0.05082
8192,42189,76,0,5120000,0.25,0.056859
8192,42189,77,0,5120000,0.25,0.048279
8192,42189,78,0,5120000,0.25,0.049892
8192,42189,79,0,5120000,0.25,0.045601
8192,42189,80,0,5120000,0.25,0.048636
8192,42189,81,0,5120000,0.25,0.046286
8192,42189,82,0,5120000,0.25,0.04766
8192,42189,83,0,5120000,0.25,0.049194
8192,42189,84,0,5120000,0.25,0.047369
8192,42189,85,0,5120000,0.25,0.045955
8192,42189,86,0,5120000,0.25,0.039257
8192,42189,87,0,5120000,0.25,0.053833
8192,42189,88,0,5120000,0.25,0.047467
8192,42189,89,0,5120000,0.25,0.047743
8192,42189,90,0,5120000,0.25,0.051409
8192,42189,91,0,5120000,0.25,0.04351
8192,42189,92,0,5120000,0.25,0.045914
8192,42189,93,0,5120000,0.25,0.047602
8192,42189,94,0,5120000,0.25,0.055144
8192,42189,95,0,5120000,0.25,0.047995
8192,42189,96,0,5120000,0.25,0.048735
8192,42189,97,0,5120000,0.25,0.050409
8192,42189,98,0,5120000,0.25,0.048726
8192,42189,99,0,5120000,0.25,0.048549
8192,42189,100,0,5120000,0.25,0.05621
8192,42189,101,0,5120000,0.25,0.045808
8192,42189,102,0,5120000,0.25,0.047458
8192,42189,103,0,5120000,0.25,0.049392
8192,42189,104,0,5120000,0.25,0.049264
8192,42189,105,0,5120000,0.25,0.048089
8192,42189,106,0,5120000,0.25,0.050398
8192,42189,107,0,5120000,0.25,0.052263
8192,42189,108,0,5120000,0.25,0.045636
8192,42189,109,0,5120000,0.25,0.046913
8192,42189,110,0,5120000,0.25,0.053943
8192,42189,111,0,5120000,0.25,0.045064
8192,42189,112,0,5120000,0.25,0.053369
8192,42189,113,0,5120000,0.25,0.042569
8192,42189,114,0,5120000,0.25,0.049554
8192,42189,115,0,5120000,0.25,0.050143
8192,42189,116,0,5120000,0.25,0.046799
8192,42189,117,0,5120000,0.25,0.049688
8192,42189,118,0,5120000,0.25,0.052766
8192,42189,119,0,5120000,0.25,0.052858
8192,42189,120,0,5120000,0.25,0.054654
8192,42189,121,0,5120000,0.25,0.047255
8192,42189,122,0,5120000,0.25,0.048142
8192,42189,123,0,5120000,0.25,0.054222
8192,42189,124,0,5120000,0.25,0.044462
8192,42189,125,0,5120000,0.25,0.041692
8192,42189,126,0,5120000,0.25,0.044623
8192,42189,127,0,5120000,0.25,0.043742
8192,42189,128,0,5120000,0.25,0.051411
8192,42189,129,0,5120000,0.25,0.046191
8192,42189,130,0,5120000,0.25,0.053745
8192,42189,131,0,5120000,0.25,0.049807
8192,42189,132,0,5120000,0.25,0.050929
8192,42189,133,0,5120000,0.25,0.04855
8192,42189,134,0,5120000,0.25,0.051828
8192,42189,135,0,5120000,0.25,0.051646
8192,42189,136,0,5120000,0.25,0.051039
8192,42189,137,0,5120000,0.25,0.048634
8192,42189,138,0,5120000,0.25,0.050841
8192,42189,139,0,5120000,0.25,0.049814
8192,42189,140,0,5120000,0.25,0.048024
8192,42189,141,0,5120000,0.25,0.050782
8192,42189,142,0,5120000,0.25,0.046029
8192,42189,143,0,5120000,0.25,0.049447
8192,42189,144,0,5120000,0.25,0.052538
8192,42189,145,0,5120000,0.25,0.050803
8192,42189,146,0,5120000,0.25,0.053279
8192,42189,147,0,5120000,0.25,0.0467
8192,42189,148,0,5120000,0.25,0.048418
8192,42189,149,0,5120000,0.25,0.054849
8192,42189,150,0,5120000,0.25,0.046064
8192,42189,151,0,5120000,0.25,0.044113
8192,42189,152,0,5120000,0.25,0.049035
8192,42189,153,0,5120000,0.25,0.054648
8192,42189,154,0,5120000,0.25,0.050306
8192,42189,155,0,5120000,0.25,0.053239
8192,42189,156,0,5120000,0.25,0.049099
8192,42189,157,0,5120000,0.25,0.038088
8192,42189,158,0,5120000,0.25,0.048281
8192,42189,159,0,5120000,0.25,0.052296
8192,42189,160,0,5120000,0.25,0.054259
8192,42189,161,0,5120000,0.25,0.053738
8192,42189,162,0,5120000,0.25,0.053197
8192,42189,163,0,5120000,0.25,0.056313
8192,42189,164,0,5120000,0.25,0.050937
8192,42189,165,0,5120000,0.25,0.048323
8192,42189,166,0,5120000,0.25,0.045097
8192,42189,167,0,5120000,0.25,0.051434
8192,42189,168,0,5120000,0.25,0.054384
8192,42189,169,0,5120000,0.25,0.047585
8192,42189,170,0,5120000,0.25,0.048957
8192,42189,171,0,5120000,0.25,0.049001
8192,42189,172,0,5120000,0.25,0.047057
8192,42189,173,0,5120000,0.25,0.050383
8192,42189,174,0,5120000,0.25,0.050109
8192,42189,175,0,5120000,0.25,0.050381
8192,42189,176,0,5120000,0.25,0.044735
8192,42189,177,0,5120000,0.25,0.049236
8192,42189,178,0,5120000,0.25,0.049014
8192,42189,179,0,5120000,0.25,0.050715
8192,42189,180,0,5120000,0.25,0.051191
8192,42189,181,0,5120000,0.25,0.052054
8192,42189,182,0,5120000,0.25,0.047068
8192,42189,183,0,5120000,0.25,0.046986
8192,42189,184,0,5120000,0.25,0.047423
8192,42189,185,0,5120000,0.25,0.053414
8192,42189,186,0,5120000,0.25,0.051184
8192,42189,187,0,5120000,0.25,0.05354
8192,42189,188,0,5120000,0.25,0.045515
8192,42189,189,0,5120000,0.25,0.049664
8192,42189,190,0,5120000,0.25,0.050288
8192,42189,191,0,5120000,0.25,0.045091
8192,42189,192,0,5120000,0.25,0.050849
8192,42189,193,0,5120000,0.25,0.049188
8192,42189,194,0,5120000,0.25,0.051443
8192,42189,195,0,5120000,0.25,0.050221
8192,42189,196,0,5120000,0.25,0.050872
8192,42189,197,0,5120000,0.25,0.047466
8192,42189,198,0,5120000,0.25,0.052545
8192,42189,199,0,5120000,0.25,0.054245
8192,42189,200,0,5120000,0.25,0.046016
8192,42189,201,0,5120000,0.25,0.047581
8192,42189,202,0,5120000,0.25,0.050475
8192,42189,203,0,5120000,0.25,0.045154
8192,42189,204,0,5120000,0.25,0.046013
8192,42189,205,0,5120000,0.25,0.055876
8192,42189,206,0,5120000,0.25,0.046612
8192,42189,207,0,5120000,0.25,0.050122
8192,42189,208,0,5120000,0.25,0.062839
8192,42189,209,0,5120000,0.25,0.049424
8192,42189,210,0,5120000,0.25,0.053379
8192,42189,211,0,5120000,0.25,0.047869
8192,42189,212,0,5120000,0.25,0.051289
8192,42189,213,0,5120000,0.25,0.052201
8192,42189,214,0,5120000,0.25,0.047727
8192,42189,215,0,5120000,0.25,0.046786
8192,42189,216,0,5120000,0.25,0.052433
8192,42189,217,0,5120000,0.25,0.058614
8192,42189,218,0,5120000,0.25,0.048324
8192,42189,219,0,5120000,0.25,0.052237
8192,42189,220,0,5120000,0.25,0.042841
8192,42189,221,0,5120000,0.25,0.053194
8192,42189,222,0,5120000,0.25,0.054321
8192,42189,223,0,5120000,0.25,0.049671
8192,42189,224,0,5120000,0.25,0.050647
8192,42189,225,0,5120000,0.25,0.04631
8192,42189,226,0,5120000,0.25,0.053188
8192,42189,227,0,5120000,0.25,0.047872
8192,42189,228,0,5120000,0.25,0.048825
8192,42189,229,0,5120000,0.25,0.04923
8192,42189,230,0,5120000,0.25,0.048252
8192,42189,231,0,5120000,0.25,0.050274
8192,42189,232,0,5120000,0.25,0.048963
8192,42189,233,0,5120000,0.25,0.05064
8192,42189,234,0,5120000,0.25,0.048802
8192,42189,235,0,5120000,0.25,0.05042
8192,42189,236,0,5120000,0.25,0.050193
8192,42189,237,0,5120000,0.25,0.044093
8192,42189,238,0,5120000,0.25,0.048667
8192,42189,239,0,5120000,0.25,0.05703
8192,42189,240,0,5120000,0.25,0.049198
8192,42189,241,0,5120000,0.25,0.051078
8192,42189,242,0,5120000,0.25,0.05483
8192,42189,243,0,5120000,0.25,0.046802
8192,42189,244,0,5120000,0.25,0.048097
8192,42189,245,0,5120000,0.25,0.05124
8192,42189,246,0,5120000,0.25,0.048407
8192,42189,247,0,5120000,0.25,0.053073
8192,42189,248,0,5120000,0.25,0.047248
8192,42189,249,0,5120000,0.25,0.054045
8192,42189,250,0,5120000,0.25,0.047937
8192,42189,251,0,5120000,0.25,0.053099
8192,42189,252,0,5120000,0.25,0.043931
8192,42189,253,0,5120000,0.25,0.040682
8192,42189,254,0,5120000,0.25,0.042775
8192,42189,255,0,5120000,0.25,0.048695
8192,42189,256,0,5120000,0.25,0.049589
8192,42189,257,0,5120000,0.25,0.053455
8192,42189,258,0,5120000,0.25,0.050021
8192,42189,259,0,5120000,0.25,0.055002
8192,42189,260,0,5120000,0.25,0.045887
8192,42189,261,0,5120000,0.25,0.046443
8192,42189,262,0,5120000,0.25,0.050158
8192,42189,263,0,5120000,0.25,0.053479
8192,42189,264,0,5120000,0.25,0.047583
8192,42189,265,0,5120000,0.25,0.046037
8192,42189,266,0,5120000,0.25,0.044806
8192,42189,267,0,5120000,0.25,0.049869
8192,42189,268,0,5120000,0.25,0.047828
8192,42189,269,0,5120000,0.25,0.056736
8192,42189,270,0,5120000,0.25,0.054217
8192,42189,271,0,5120000,0.25,0.048358
8192,42189,272,0,5120000,0.25,0.049221
8192,42189,273,0,5120000,0.25,0.045812
8192,42189,274,0,5120000,0.25,0.054534
8192,42189,275,0,5120000,0.25,0.04458
8192,42189,276,0,5120000,0.25,0.046109
8192,42189,277,0,5120000,0.25,0.050858
8192,42189,278,0,5120000,0.25,0.045812
8192,42189,279,0,5120000,0.25,0.049156
8192,42189,280,0,5120000,0.25,0.050408
8192,42189,281,0,5120000,0.25,0.05069
8192,42189,282,0,5120000,0.25,0.056771
8192,42189,283,0,5120000,0.25,0.045747
8192,42189,284,0,5120000,0.25,0.04558
8192,42189,285,0,5120000,0.25,0.054146
8192,42189,286,0,5120000,0.25,0.047946
8192,42189,287,0,5120000,0.25,0.050478
8192,42189,288,0,5120000,0.25,0.047948
8192,42189,289,0,5120000,0.25,0.043403
8192,42189,290,0,5120000,0.25,0.052316
8192,42189,291,0,5120000,0.25,0.049423
8192,42189,292,0,5120000,0.25,0.055212
8192,42189,293,0,5120000,0.25,0.052648
8192,42189,294,0,5120000,0.25,0.048652
8192,42189,295,0,5120000,0.25,0.050692
8192,42189,296,0,5120000,0.25,0.046711
8192,42189,297,0,5120000,0.25,0.04489
8192,42189,298,0,5120000,0.25,0.05252
8192,42189,299,0,5120000,0.25,0.050732
8192,42189,300,0,5120000,0.25,0.042034
8192,42189,301,0,5120000,0.25,0.039203
8192,42189,302,0,5120000,0.25,0.052603
8192,42189,303,0,5120000,0.25,0.047451
8192,42189,304,0,5120000,0.25,0.05335
8192,42189,305,0,5120000,0.25,0.049332
8192,42189,306,0,5120000,0.25,0.048763
8192,42189,307,0,5120000,0.25,0.049825
8192,42189,308,0,5120000,0.25,0.053552
8192,42189,309,0,5120000,0.25,0.052062
8192,42189,310,0,5120000,0.25,0.050061
8192,42189,311,0,5120000,0.25,0.051946
8192,42189,312,0,5120000,0.25,0.05063
8192,42189,313,0,5120000,0.25,0.054373
8192,42189,314,0,5120000,0.25,0.050501
8192,42189,315,0,5120000,0.25,0.047379
8192,42189,316,0,5120000,0.25,0.049434
8192,42189,317,0,5120000,0.25,0.04526
8192,42189,318,0,5120000,0.25,0.044702
8192,42189,319,0,5120000,0.25,0.048045
8192,42189,320,0,5120000,0.25,0.052457
8192,42189,321,0,5120000,0.25,0.0484
8192,42189,322,0,5120000,0.25,0.052042
8192,42189,323,0,5120000,0.25,0.051796
8192,42189,324,0,5120000,0.25,0.047787
8192,42189,325,0,5120000,0.25,0.050787
8192,42189,326,0,5120000,0.25,0.049332
8192,42189,327,0,5120000,0.25,0.051359
8192,42189,328,0,5120000,0.25,0.049322
8192,42189,329,0,5120000,0.25,0.046734
8192,42189,330,0,5120000,0.25,0.049844
8192,42189,331,0,5120000,0.25,0.047265
8192,42189,332,0,5120000,0.25,0.049265
8192,42189,333,0,5120000,0.25,0.055074
8192,42189,334,0,5120000,0.25,0.04773
8192,42189,335,0,5120000,0.25,0.049918
8192,42189,336,0,5120000,0.25,0.049296
8192,42189,337,0,5120000,0.25,0.055328
8192,42189,338,0,5120000,0.25,0.049514
8192,42189,339,0,5120000,0.25,0.048482
8192,42189,340,0,5120000,0.25,0.051282
8192,42189,341,0,5120000,0.25,0.051579
8192,42189,342,0,5120000,0.25,0.050828
8192,42189,343,0,5120000,0.25,0.047721
8192,42189,344,0,5120000,0.25,0.050585
8192,42189,345,0,5120000,0.25,0.050253
8192,42189,346,0,5120000,0.25,0.054308
8192,42189,347,0,5120000,0.25,0.052497
8192,42189,348,0,5120000,0.25,0.050206
8192,42189,349,0,5120000,0.25,0.048136
8192,42189,350,0,5120000,0.25,0.046645
8192,42189,351,0,5120000,0.25,0.05233
8192,42189,352,0,5120000,0.25,0.048788
8192,42189,353,0,5120000,0.25,0.045358
8192,42189,354,0,5120000,0.25,0.049593
8192,42189,355,0,5120000,0.25,0.046003
8192,42189,356,0,5120000,0.25,0.049691
8192,42189,357,0,5120000,0.25,0.049863
8192,42189,358,0,5120000,0.25,0.048201
8192,42189,359,0,5120000,0.25,0.050238
8192,42189,360,0,5120000,0.25,0.043313
8192,42189,361,0,5120000,0.25,0.050483
8192,42189,362,0,5120000,0.25,0.047696
8192,42189,363,0,5120000,0.25,0.060862
8192,42189,364,0,5120000,0.25,0.048362
8192,42189,365,0,5120000,0.25,0.047071
8192,42189,366,0,5120000,0.25,0.042637
8192,42189,367,0,5120000,0.25,0.043396
8192,42189,368,0,5120000,0.25,0.051985
8192,42189,369,0,5120000,0.25,0.045412
8192,42189,370,0,5120000,0.25,0.047116
8192,42189,371,0,5120000,0.25,0.054834
8192,42189,372,0,5120000,0.25,0.050304
8192,42189,373,0,5120000,0.25,0.057411
8192,42189,374,0,5120000,0.25,0.045923
8192,42189,375,0,5120000,0.25,0.050868
8192,42189,376,0,5120000,0.25,0.047947
8192,42189,377,0,5120000,0.25,0.04809
8192,42189,378,0,5120000,0.25,0.051416
8192,42189,379,0,5120000,0.25,0.048606
8192,42189,380,0,5120000,0.25,0.056394
8192,42189,381,0,5120000,0.25,0.054682
8192,42189,382,0,5120000,0.25,0.048789
8192,42189,383,0,5120000,0.25,0.049495
8192,42189,384,0,5120000,0.25,0.048614
8192,42189,385,0,5120000,0.25,0.049032
8192,42189,386,0,5120000,0.25,0.04424
8192,42189,387,0,5120000,0.25,0.053846
8192,42189,388,0,5120000,0.25,0.049124
8192,42189,389,0,5120000,0.25,0.04792
8192,42189,390,0,5120000,0.25,0.049033
8192,42189,391,0,5120000,0.25,0.047169
8192,42189,392,0,5120000,0.25,0.056458
8192,42189,393,0,5120000,0.25,0.049173
8192,42189,394,0,5120000,0.25,0.046108
8192,42189,395,0,5120000,0.25,0.044952
8192,42189,396,0,5120000,0.25,0.05155
8192,42189,397,0,5120000,0.25,0.052144
8192,42189,398,0,5120000,0.25,0.04601
8192,42189,399,0,5120000,0.25,0.044224
8192,42189,400,0,5120000,0.25,0.048706
8192,43827,1,0,5120000,0.25,0.081238
8192,43827,2,0,5120000,0.25,0.064164
8192,43827,3,0,5120000,0.25,0.071412
8192,43827,4,0,5120000,0.25,0.066755
8192,43827,5,0,5120000,0.25,0.066707
8192,43827,6,0,5120000,0.25,0.068818
8192,43827,7,0,5120000,0.25,0.077004
8192,43827,8,0,5120000,0.25,0.074819
8192,43827,9,0,5120000,0.25,0.071135
8192,43827,10,0,5120000,0.25,0.080432
8192,43827,11,0,5120000,0.25,0.064055
8192,43827,12,0,5120000,0.25,0.078178
8192,43827,13,0,5120000,0.25,0.063373
8192,43827,14,0,5120000,0.25,0.073532
8192,43827,15,0,5120000,0.25,0.071954
8192,43827,16,0,5120000,0.25,0.068579
8192,43827,17,0,5120000,0.25,0.066774
8192,43827,18,0,5120000,0.25,0.070731
8192,43827,19,0,5120000,0.25,0.062083
8192,43827,20,0,5120000,0.25,0.073289
8192,43827,21,0,5120000,0.25,0.074208
8192,43827,22,0,5120000,0.25,0.069071
8192,43827,23,0,5120000,0.25,0.071458
8192,43827,24,0,5120000,0.25,0.067863
8192,43827,25,0,5120000,0.25,0.085348
8192,43827,26,0,5120000,0.25,0.0615
8192,43827,27,0,5120000,0.25,0.070627
8192,43827,28,0,5120000,0.25,0.071785
8192,43827,29,0,5120000,0.25,0.071115
8192,43827,30,0,5120000,0.25,0.066248
8192,43827,31,0,5120000,0.25,0.086095
8192,43827,32,0,5120000,0.25,0.059944
8192,43827,33,0,5120000,0.25,0.069324
8192,43827,34,0,5120000,0.25,0.067006
8192,43827,35,0,5120000,0.25,0.088338
8192,43827,36,0,5120000,0.25,0.066772
8192,43827,37,0,5120000,0.25,0.065178
8192,43827,38,0,5120000,0.25,0.072157
8192,43827,39,0,5120000,0.25,0.083484
8192,43827,40,0,5120000,0.25,0.069816
8192,43827,41,0,5120000,0.25,0.070778
8192,43827,42,0,5120000,0.25,0.076989
8192,43827,43,0,5120000,0.25,0.065348
8192,43827,44,0,5120000,0.25,0.070861
8192,43827,45,0,5120000,0.25,0.062837
8192,43827,46,0,5120000,0.25,0.071186
8192,43827,47,0,5120000,0.25,0.059155
8192,43827,48,0,5120000,0.25,0.071011
8192,43827,49,0,5120000,0.25,0.062849
8192,43827,50,0,5120000,0.25,0.073288
8192,43827,51,0,5120000,0.25,0.068408
8192,43827,52,0,5120000,0.25,0.068323
8192,43827,53,0,5120000,0.25,0.070174
8192,43827,54,0,5120000,0.25,0.062934
8192,43827,55,0,5120000,0.25,0.065466
8192,43827,56,0,5120000,0.25,0.062122
8192,43827,57,0,5120000,0.25,0.074005
8192,43827,58,0,5120000,0.25,0.058536
8192,43827,59,0,5120000,0.25,0.073449
8192,43827,60,0,5120000,0.25,0.070259
8192,43827,61,0,5120000,0.25,0.069761
8192,43827,62,0,5120000,0.25,0.06994
8192,43827,63,0,5120000,0.25,0.062149
8192,43827,64,0,5120000,0.25,0.068391
8192,43827,65,0,5120000,0.25,0.067653
8192,43827,66,0,5120000,0.25,0.072096
8192,43827,67,0,5120000,0.25,0.076815
8192,43827,68,0,5120000,0.25,0.071577
8192,43827,69,0,5120000,0.25,0.071841
8192,43827,70,0,5120000,0.25,0.062661
8192,43827,71,0,5120000,0.25,0.066481
8192,43827,72,0,5120000,0.25,0.073478
8192,43827,73,0,5120000,0.25,0.084172
8192,43827,74,0,5120000,0.25,0.070978
8192,43827,75,0,5120000,0.25,0.064895
8192,43827,76,0,5120000,0.25,0.081288
8192,43827,77,0,5120000,0.25,0.075555
8192,43827,78,0,5120000,0.25,0.069427
8192,43827,79,0,5120000,0.25,0.077913
8192,43827,80,0,5120000,0.25,0.062813
8192,43827,81,0,5120000,0.25,0.066545
8192,43827,82,0,5120000,0.25,0.071639
8192,43827,83,0,5120000,0.25,0.074619
8192,43827,84,0,5120000,0.25,0.071519
8192,43827,85,0,5120000,0.25,0.069196
8192,43827,86,0,5120000,0.25,0.07158
8192,43827,87,0,5120000,0.25,0.064117
8192,43827,88,0,5120000,0.25,0.066654
8192,43827,89,0,5120000,0.25,0.069223
8192,43827,90,0,5120000,0.25,0.073147
8192,43827,91,0,5120000,0.25,0.053108
8192,43827,92,0,5120000,0.25,0.051489
8192,43827,93,0,5120000,0.25,0.067479
8192,43827,94,0,5120000,0.25,0.057488
8192,43827,95,0,5120000,0.25,0.065363
8192,43827,96,0,5120000,0.25,0.073042
8192,43827,97,0,5120000,0.25,0.068541
8192,43827,98,0,5120000,0.25,0.068225
8192,43827,99,0,5120000,0.25,0.076725
8192,43827,100,0,5120000,0.25,0.073073
8192,43827,101,0,5120000,0.25,0.07065
8192,43827,102,0,5120000,0.25,0.071505
8192,43827,103,0,5120000,0.25,0.076623
8192,43827,104,0,5120000,0.25,0.070945
8192,43827,105,0,5120000,0.25,0.065078
8192,43827,106,0,5120000,0.25,0.058109
8192,43827,107,0,5120000,0.25,0.068334
8192,43827,108,0,5120000,0.25,0.067634
8192,43827,109,0,5120000,0.25,0.067784
8192,43827,110,0,5120000,0.25,0.07066
8192,43827,111,0,5120000,0.25,0.071842
8192,43827,112,0,5120000,0.25,0.066431
8192,43827,113,0,5120000,0.25,0.066681
8192,43827,114,0,5120000,0.25,0.068809
8192,43827,115,0,5120000,0.25,0.069069
8192,43827,116,0,5120000,0.25,0.066811
8192,43827,117,0,5120000,0.25,0.075306
8192,43827,118,0,5120000,0.25,0.068112
8192,43827,119,0,5120000,0.25,0.081308
8192,43827,120,0,5120000,0.25,0.073913
8192,43827,121,0,5120000,0.25,0.072935
8192,43827,122,0,5120000,0.25,0.067329
8192,43827,123,0,5120000,0.25,0.059556
8192,43827,124,0,5120000,0.25,0.067109
8192,43827,125,0,5120000,0.25,0.069533
8192,43827,126,0,5120000,0.25,0.073375
8192,43827,127,0,5120000,0.25,0.066087
8192,43827,128,0,5120000,0.25,0.066106
8192,43827,129,0,5120000,0.25,0.065709
8192,43827,130,0,5120000,0.25,0.067615
8192,43827,131,0,5120000,0.25,0.068838
8192,43827,132,0,5120000,0.25,0.066638
8192,43827,133,0,5120000,0.25,0.069888
8192,43827,134,0,5120000,0.25,0.068109
8192,43827,135,0,5120000,0.25,0.063245
8192,43827,136,0,5120000,0.25,0.069682
8192,43827,137,0,5120000,0.25,0.078788
8192,43827,138,0,5120000,0.25,0.062816
8192,43827,139,0,5120000,0.25,0.067493
8192,43827,140,0,5120000,0.25,0.066577
8192,43827,141,0,5120000,0.25,0.059514
8192,43827,142,0,5120000,0.25,0.067929
8192,43827,143,0,5120000,0.25,0.074561
8192,43827,144,0,5120000,0.25,0.0747
8192,43827,145,0,5120000,0.25,0.063515
8192,43827,146,0,5120000,0.25,0.065719
8192,43827,147,0,5120000,0.25,0.066146
8192,43827,148,0,5120000,0.25,0.081336
8192,43827,149,0,5120000,0.25,0.068085
8192,43827,150,0,5120000,0.25,0.063796
8192,43827,151,0,5120000,0.25,0.062754
8192,43827,152,0,5120000,0.25,0.066756
8192,43827,153,0,5120000,0.25,0.068082
8192,43827,154,0,5120000,0.25,0.072481
8192,43827,155,0,5120000,0.25,0.076261
8192,43827,156,0,5120000,0.25,0.07475
8192,43827,157,0,5120000,0.25,0.075352
8192,43827,158,0,5120000,0.25,0.072901
8192,43827,159,0,5120000,0.25,0.072388
8192,43827,160,0,5120000,0.25,0.070998
8192,43827,161,0,5120000,0.25,0.070517
8192,43827,162,0,5120000,0.25,0.063665
8192,43827,163,0,5120000,0.25,0.063127
8192,43827,164,0,5120000,0.25,0.073329
8192,43827,165,0,5120000,0.25,0.076924
8192,43827,166,0,5120000,0.25,0.073873
8192,43827,167,0,5120000,0.25,0.064923
8192,43827,168,0,5120000,0.25,0.072401
8192,43827,169,0,5120000,0.25,0.066943
8192,43827,170,0,5120000,0.25,0.075047
8192,43827,171,0,5120000,0.25,0.073804
8192,43827,172,0,5120000,0.25,0.070331
8192,43827,173,0,5120000,0.25,0.068639
8192,43827,174,0,5120000,0.25,0.065955
8192,43827,175,0,5120000,0.25,0.073149
8192,43827,176,0,5120000,0.25,0.077863
8192,43827,177,0,5120000,0.25,0.072922
8192,43827,178,0,5120000,0.25,0.064399
8192,43827,179,0,5120000,0.25,0.066482
8192,43827,180,0,5120000,0.25,0.073138
8192,43827,181,0,5120000,0.25,0.073557
8192,43827,182,0,5120000,0.25,0.064889
8192,43827,183,0,5120000,0.25,0.060252
8192,43827,184,0,5120000,0.25,0.086272
8192,43827,185,0,5120000,0.25,0.076179
8192,43827,186,0,5120000,0.25,0.081198
8192,43827,187,0,5120000,0.25,0.06495
8192,43827,188,0,5120000,0.25,0.052822
8192,43827,189,0,5120000,0.25,0.069193
8192,43827,190,0,5120000,0.25,0.073499
8192,43827,191,0,5120000,0.25,0.075788
8192,43827,192,0,5120000,0.25,0.058679
8192,43827,193,0,5120000,0.25,0.071633
8192,43827,194,0,5120000,0.25,0.061397
8192,43827,195,0,5120000,0.25,0.072503
8192,43827,196,0,5120000,0.25,0.065214
8192,43827,197,0,5120000,0.25,0.074885
8192,43827,198,0,5120000,0.25,0.072122
8192,43827,199,0,5120000,0.25,0.065884
8192,43827,200,0,5120000,0.25,0.074361
8192,43827,201,0,5120000,0.25,0.06421
8192,43827,202,0,5120000,0.25,0.085723
8192,43827,203,0,5120000,0.25,0.077078
8192,43827,204,0,5120000,0.25,0.07852
8192,43827,205,0,5120000,0.25,0.06146
8192,43827,206,0,5120000,0.25,0.081316
8192,43827,207,0,5120000,0.25,0.066812
8192,43827,208,0,5120000,0.25,0.075954
8192,43827,209,0,5120000,0.25,0.065296
8192,43827,210,0,5120000,0.25,0.067556
8192,43827,211,0,5120000,0.25,0.072534
8192,43827,212,0,5120000,0.25,0.067247
8192,43827,213,0,5120000,0.25,0.06917
8192,43827,214,0,5120000,0.25,0.072318
8192,43827,215,0,5120000,0.25,0.07511
8192,43827,216,0,5120000,0.25,0.07554
8192,43827,217,0,5120000,0.25,0.07446
8192,43827,218,0,5120000,0.25,0.076407
8192,43827,219,0,5120000,0.25,0.078722
8192,43827,220,0,5120000,0.25,0.073432
8192,43827,221,0,5120000,0.25,0.070825
8192,43827,222,0,5120000,0.25,0.080672
8192,43827,223,0,5120000,0.25,0.062153
8192,43827,224,0,5120000,0.25,0.066318
8192,43827,225,0,5120000,0.25,0.067088
8192,43827,226,0,5120000,0.25,0.065645
8192,43827,227,0,5120000,0.25,0.069244
8192,43827,228,0,5120000,0.25,0.066631
8192,43827,229,0,5120000,0.25,0.064478
8192,43827,230,0,5120000,0.25,0.069419
8192,43827,231,0,5120000,0.25,0.077783
8192,43827,232,0,5120000,0.25,0.064618
8192,43827,233,0,5120000,0.25,0.07001
8192,43827,234,0,5120000,0.25,0.074023
8192,43827,235,0,5120000,0.25,0.069055
8192,43827,236,0,5120000,0.25,0.069657
8192,43827,237,0,5120000,0.25,0.062957
8192,43827,238,0,5120000,0.25,0.071703
8192,43827,239,0,5120000,0.25,0.066881
8192,43827,240,0,5120000,0.25,0.082111
8192,43827,241,0,5120000,0.25,0.062579
8192,43827,242,0,5120000,0.25,0.061742
8192,43827,243,0,5120000,0.25,0.065623
8192,43827,244,0,5120000,0.25,0.06594
8192,43827,245,0,5120000,0.25,0.07651
8192,43827,246,0,5120000,0.25,0.066776
8192,43827,247,0,5120000,0.25,0.068333
8192,43827,248,0,5120000,0.25,0.063274
8192,43827,249,0,5120000,0.25,0.061325
8192,43827,250,0,5120000,0.25,0.068754
8192,43827,251,0,5120000,0.25,0.062292
8192,43827,252,0,5120000,0.25,0.070715
8192,43827,253,0,5120000,0.25,0.070073
8192,43827,254,0,5120000,0.25,0.082214
8192,43827,255,0,5120000,0.25,0.069387
8192,43827,256,0,5120000,0.25,0.077813
8192,43827,257,0,5120000,0.25,0.074767
8192,43827,258,0,5120000,0.25,0.06842
8192,43827,259,0,5120000,0.25,0.073372
8192,43827,260,0,5120000,0.25,0.065737
8192,43827,261,0,5120000,0.25,0.072527
8192,43827,262,0,5120000,0.25,0.069529
8192,43827,263,0,5120000,0.25,0.063612
8192,43827,264,0,5120000,0.25,0.069616
8192,43827,265,0,5120000,0.25,0.075517
8192,43827,266,0,5120000,0.25,0.059022
8192,43827,267,0,5120000,0.25,0.07319
8192,43827,268,0,5120000,0.25,0.093736
8192,43827,269,0,5120000,0.25,0.07781
8192,43827,270,0,5120000,0.25,0.067326
8192,43827,271,0,5120000,0.25,0.073206
8192,43827,272,0,5120000,0.25,0.064368
8192,43827,273,0,5120000,0.25,0.059395
8192,43827,274,0,5120000,0.25,0.069437
8192,43827,275,0,5120000,0.25,0.073864
8192,43827,276,0,5120000,0.25,0.074656
8192,43827,277,0,5120000,0.25,0.058904
8192,43827,278,0,5120000,0.25,0.060878
8192,43827,279,0,5120000,0.25,0.070465
8192,43827,280,0,5120000,0.25,0.070251
8192,43827,281,0,5120000,0.25,0.071823
8192,43827,282,0,5120000,0.25,0.065645
8192,43827,283,0,5120000,0.25,0.071268
8192,43827,284,0,5120000,0.25,0.061693
8192,43827,285,0,5120000,0.25,0.064855
8192,43827,286,0,5120000,0.25,0.074774
8192,43827,287,0,5120000,0.25,0.076989
8192,43827,288,0,5120000,0.25,0.06012
8192,43827,289,0,5120000,0.25,0.063928
8192,43827,290,0,5120000,0.25,0.069516
8192,43827,291,0,5120000,0.25,0.078567
8192,43827,292,0,5120000,0.25,0.080401
8192,43827,293,0,5120000,0.25,0.069153
8192,43827,294,0,5120000,0.25,0.066925
8192,43827,295,0,5120000,0.25,0.075477
8192,43827,296,0,5120000,0.25,0.077572
8192,43827,297,0,5120000,0.25,0.067281
8192,43827,298,0,5120000,0.25,0.069448
8192,43827,299,0,5120000,0.25,0.065827
8192,43827,300,0,5120000,0.25,0.071396
8192,43827,301,0,5120000,0.25,0.065122
8192,43827,302,0,5120000,0.25,0.071792
8192,43827,303,0,5120000,0.25,0.076034
8192,43827,304,0,5120000,0.25,0.061205
8192,43827,305,0,5120000,0.25,0.061685
8192,43827,306,0,5120000,0.25,0.069631
8192,43827,307,0,5120000,0.25,0.078286
8192,43827,308,0,5120000,0.25,0.074009
8192,43827,309,0,5120000,0.25,0.078712
8192,43827,310,0,5120000,0.25,0.062412
8192,43827,311,0,5120000,0.25,0.068703
8192,43827,312,0,5120000,0.25,0.084708
8192,43827,313,0,5120000,0.25,0.068192
8192,43827,314,0,5120000,0.25,0.063209
8192,43827,315,0,5120000,0.25,0.066524
8192,43827,316,0,5120000,0.25,0.058817
8192,43827,317,0,5120000,0.25,0.073435
8192,43827,318,0,5120000,0.25,0.068676
8192,43827,319,0,5120000,0.25,0.070339
8192,43827,320,0,5120000,0.25,0.064835
8192,43827,321,0,5120000,0.25,0.061603
8192,43827,322,0,5120000,0.25,0.059145
8192,43827,323,0,5120000,0.25,0.065743
8192,43827,324,0,5120000,0.25,0.080897
8192,43827,325,0,5120000,0.25,0.071424
8192,43827,326,0,5120000,0.25,0.073348
8192,43827,327,0,5120000,0.25,0.065438
8192,43827,328,0,5120000,0.25,0.068746
8192,43827,329,0,5120000,0.25,0.066643
8192,43827,330,0,5120000,0.25,0.072829
8192,43827,331,0,5120000,0.25,0.071819
8192,43827,332,0,5120000,0.25,0.072133
8192,43827,333,0,5120000,0.25,0.075576
8192,43827,334,0,5120000,0.25,0.058337
8192,43827,335,0,5120000,0.25,0.068488
8192,43827,336,0,5120000,0.25,0.068673
8192,43827,337,0,5120000,0.25,0.063148
8192,43827,338,0,5120000,0.25,0.076536
8192,43827,339,0,5120000,0.25,0.067685
8192,43827,340,0,5120000,0.25,0.080247
8192,43827,341,0,5120000,0.25,0.067605
8192,43827,342,0,5120000,0.25,0.064753
8192,43827,343,0,5120000,0.25,0.071776
8192,43827,344,0,5120000,0.25,0.068252
8192,43827,345,0,5120000,0.25,0.0694
8192,43827,346,0,5120000,0.25,0.083355
8192,43827,347,0,5120000,0.25,0.064203
8192,43827,348,0,5120000,0.25,0.079996
8192,43827,349,0,5120000,0.25,0.077302
8192,43827,350,0,5120000,0.25,0.06742
8192,43827,351,0,5120000,0.25,0.064839
8192,43827,352,0,5120000,0.25,0.065407
8192,43827,353,0,5120000,0.25,0.065023
8192,43827,354,0,5120000,0.25,0.078948
8192,43827,355,0,5120000,0.25,0.069119
8192,43827,356,0,5120000,0.25,0.077428
8192,43827,357,0,5120000,0.25,0.072798
8192,43827,358,0,5120000,0.25,0.070686
8192,43827,359,0,5120000,0.25,0.066962
8192,43827,360,0,5120000,0.25,0.087783
8192,43827,361,0,5120000,0.25,0.05918
8192,43827,362,0,5120000,0.25,0.064836
8192,43827,363,0,5120000,0.25,0.072554
8192,43827,364,0,5120000,0.25,0.066949
8192,43827,365,0,5120000,0.25,0.061542
8192,43827,366,0,5120000,0.25,0.073774
8192,43827,367,0,5120000,0.25,0.074017
8192,43827,368,0,5120000,0.25,0.082808
8192,43827,369,0,5120000,0.25,0.06131
8192,43827,370,0,5120000,0.25,0.067162
8192,43827,371,0,5120000,0.25,0.09202
8192,43827,372,0,5120000,0.25,0.065335
8192,43827,373,0,5120000,0.25,0.067983
8192,43827,374,0,5120000,0.25,0.070585
8192,43827,375,0,5120000,0.25,0.07647
8192,43827,376,0,5120000,0.25,0.076183
8192,43827,377,0,5120000,0.25,0.084942
8192,43827,378,0,5120000,0.25,0.073978
8192,43827,379,0,5120000,0.25,0.077202
8192,43827,380,0,5120000,0.25,0.063864
8192,43827,381,0,5120000,0.25,0.067271
8192,43827,382,0,5120000,0.25,0.062687
8192,43827,383,0,5120000,0.25,0.061561
8192,43827,384,0,5120000,0.25,0.070771
8192,43827,385,0,5120000,0.25,0.068479
8192,43827,386,0,5120000,0.25,0.079358
8192,43827,387,0,5120000,0.25,0.061354
8192,43827,388,0,5120000,0.25,0.054207
8192,43827,389,0,5120000,0.25,0.07922
8192,43827,390,0,5120000,0.25,0.06749
8192,43827,391,0,5120000,0.25,0.063982
8192,43827,392,0,5120000,0.25,0.072496
8192,43827,393,0,5120000,0.25,0.057848
8192,43827,394,0,5120000,0.25,0.073389
8192,43827,395,0,5120000,0.25,0.067455
8192,43827,396,0,5120000,0.25,0.070181
8192,43827,397,0,5120000,0.25,0.069533
8192,43827,398,0,5120000,0.25,0.06763
8192,43827,399,0,5120000,0.25,0.066036
8192,43827,400,0,5120000,0.25,0.078479
8192,45466,1,0,5120000,0.25,0.114941
8192,45466,2,0,5120000,0.25,0.104299
8192,45466,3,0,5120000,0.25,0.111221
8192,45466,4,0,5120000,0.25,0.116371
8192,45466,5,0,5120000,0.25,0.097674
8192,45466,6,0,5120000,0.25,0.114994
8192,45466,7,0,5120000,0.25,0.124094
8192,45466,8,0,5120000,0.25,0.128493
8192,45466,9,0,5120000,0.25,0.100553
8192,45466,10,0,5120000,0.25,0.117355
8192,45466,11,0,5120000,0.25,0.149493
8192,45466,12,0,5120000,0.25,0.096989
8192,45466,13,0,5120000,0.25,0.096845
8192,45466,14,0,5120000,0.25,0.116464
8192,45466,15,0,5120000,0.25,0.103655
8192,45466,16,0,5120000,0.25,0.12234
8192,45466,17,0,5120000,0.25,0.104896
8192,45466,18,0,5120000,0.25,0.114065
8192,45466,19,0,5120000,0.25,0.101791
8192,45466,20,0,5120000,0.25,0.130564
8192,45466,21,0,5120000,0.25,0.111349
8192,45466,22,0,5120000,0.25,0.162929
8192,45466,23,0,5120000,0.25,0.088843
8192,45466,24,0,5120000,0.25,0.092226
8192,45466,25,0,5120000,0.25,0.09527
8192,45466,26,0,5120000,0.25,0.131531
8192,45466,27,0,5120000,0.25,0.104663
8192,45466,28,0,5120000,0.25,0.090969
8192,45466,29,0,5120000,0.25,0.107728
8192,45466,30,0,5120000,0.25,0.113345
8192,45466,31,0,5120000,0.25,0.109375
8192,45466,32,0,5120000,0.25,0.102882
8192,45466,33,0,5120000,0.25,0.102974
8192,45466,34,0,5120000,0.25,0.109857
8192,45466,35,0,5120000,0.25,0.117541
8192,45466,36,0,5120000,0.25,0.111078
8192,45466,37,0,5120000,0.25,0.124563
8192,45466,38,0,5120000,0.25,0.102076
8192,45466,39,0,5120000,0.25,0.110961
8192,45466,40,0,5120000,0.25,0.101072
8192,45466,41,0,5120000,0.25,0.119535
8192,45466,42,0,5120000,0.25,0.124653
8192,45466,43,0,5120000,0.25,0.125921
8192,45466,44,0,5120000,0.25,0.09675
8192,45466,45,0,5120000,0.25,0.10691
8192,45466,46,0,5120000,0.25,0.103242
8192,45466,47,0,5120000,0.25,0.094826
8192,45466,48,0,5120000,0.25,0.114573
8192,45466,49,0,5120000,0.25,0.113624
8192,45466,50,0,5120000,0.25,0.106165
8192,45466,51,0,5120000,0.25,0.128763
8192,45466,52,0,5120000,0.25,0.084298
8192,45466,53,0,5120000,0.25,0.112322
8192,45466,54,0,5120000,0.25,0.097934
8192,45466,55,0,5120000,0.25,0.109772
8192,45466,56,0,5120000,0.25,0.119747
8192,45466,57,0,5120000,0.25,0.127564
8192,45466,58,0,5120000,0.25,0.103472
8192,45466,59,0,5120000,0.25,0.09694
8192,45466,60,0,5120000,0.25,0.09863
8192,45466,61,0,5120000,0.25,0.11462
8192,45466,62,0,5120000,0.25,0.14078
8192,45466,63,0,5120000,0.25,0.107675
8192,45466,64,0,5120000,0.25,0.106811
8192,45466,65,0,5120000,0.25,0.116898
8192,45466,66,0,5120000,0.25,0.109266
8192,45466,67,0,5120000,0.25,0.135599
8192,45466,68,0,5120000,0.25,0.110262
8192,45466,69,0,5120000,0.25,0.119276
8192,45466,70,0,5120000,0.25,0.100038
8192,45466,71,0,5120000,0.25,0.122674
8192,45466,72,0,5120000,0.25,0.118014
8192,45466,73,0,5120000,0.25,0.091102
8192,45466,74,0,5120000,0.25,0.127789
8192,45466,75,0,5120000,0.25,0.120394
8192,45466,76,0,5120000,0.25,0.12019
8192,45466,77,0,5120000,0.25,0.08839
8192,45466,78,0,5120000,0.25,0.107118
8192,45466,79,0,5120000,0.25,0.10581
8192,45466,80,0,5120000,0.25,0.144187
8192,45466,81,0,5120000,0.25,0.112772
8192,45466,82,0,5120000,0.25,0.136703
8192,45466,83,0,5120000,0.25,0.137481
8192,45466,84,0,5120000,0.25,0.103888
8192,45466,85,0,5120000,0.25,0.081961
8192,45466,86,0,5120000,0.25,0.107893
8192,45466,87,0,5120000,0.25,0.130773
8192,45466,88,0,5120000,0.25,0.149871
8192,45466,89,0,5120000,0.25,0.124462
8192,45466,90,0,5120000,0.25,0.098495
8192,45466,91,0,5120000,0.25,0.091993
8192,45466,92,0,5120000,0.25,0.11036
8192,45466,93,0,5120000,0.25,0.106604
8192,45466,94,0,5120000,0.25,0.094217
8192,45466,95,0,5120000,0.25,0.147426
8192,45466,96,0,5120000,0.25,0.125158
8192,45466,97,0,5120000,0.25,0.115616
8192,45466,98,0,5120000,0.25,0.109372
8192,45466,99,0,5120000,0.25,0.132957
8192,45466,100,0,5120000,0.25,0.102305
8192,45466,101,0,5120000,0.25,0.173814
8192,45466,102,0,5120000,0.25,0.101267
8192,45466,103,0,5120000,0.25,0.101795
8192,45466,104,0,5120000,0.25,0.11472
8192,45466,105,0,5120000,0.25,0.094221
8192,45466,106,0,5120000,0.25,0.110209
8192,45466,107,0,5120000,0.25,0.118266
8192,45466,108,0,5120000,0.25,0.110266
8192,45466,109,0,5120000,0.25,0.101816
8192,45466,110,0,5120000,0.25,0.092423
8192,45466,111,0,5120000,0.25,0.094966
8192,45466,112,0,5120000,0.25,0.107992
8192,45466,113,0,5120000,0.25,0.100107
8192,45466,114,0,5120000,0.25,0.097329
8192,45466,115,0,5120000,0.25,0.102699
8192,45466,116,0,5120000,0.25,0.128293
8192,45466,117,0,5120000,0.25,0.101455
8192,45466,118,0,5120000,0.25,0.111956
8192,45466,119,0,5120000,0.25,0.124554
8192,45466,120,0,5120000,0.25,0.118162
8192,45466,121,0,5120000,0.25,0.104673
8192,45466,122,0,5120000,0.25,0.104638
8192,45466,123,0,5120000,0.25,0.107701
8192,45466,124,0,5120000,0.25,0.11748
8192,45466,125,0,5120000,0.25,0.112889
8192,45466,126,0,5120000,0.25,0.099332
8192,45466,127,0,5120000,0.25,0.130447
8192,45466,128,0,5120000,0.25,0.11345
8192,45466,129,0,5120000,0.25,0.093951
8192,45466,130,0,5120000,0.25,0.107788
8192,45466,131,0,5120000,0.25,0.105037
8192,45466,132,0,5120000,0.25,0.117678
8192,45466,133,0,5120000,0.25,0.114975
8192,45466,134,0,5120000,0.25,0.105385
8192,45466,135,0,5120000,0.25,0.107328
8192,45466,136,0,5120000,0.25,0.129458
8192,45466,137,0,5120000,0.25,0.127859
8192,45466,138,0,5120000,0.25,0.095103
8192,45466,139,0,5120000,0.25,0.1133
8192,45466,140,0,5120000,0.25,0.129648
8192,45466,141,0,5120000,0.25,0.106118
8192,45466,142,0,5120000,0.25,0.109734
8192,45466,143,0,5120000,0.25,0.104689
8192,45466,144,0,5120000,0.25,0.122776
8192,45466,145,0,5120000,0.25,0.09413
8192,45466,146,0,5120000,0.25,0.110132
8192,45466,147,0,5120000,0.25,0.128838
8192,45466,148,0,5120000,0.25,0.117023
8192,45466,149,0,5120000,0.25,0.119211
8192,45466,150,0,5120000,0.25,0.122332
8192,45466,151,0,5120000,0.25,0.12979
8192,45466,152,0,5120000,0.25,0.108423
8192,45466,153,0,5120000,0.25,0.085894
8192,45466,154,0,5120000,0.25,0.115589
8192,45466,155,0,5120000,0.25,0.102091
8192,45466,156,0,5120000,0.25,0.122901
8192,45466,157,0,5120000,0.25,0.123091
8192,45466,158,0,5120000,0.25,0.127897
8192,45466,159,0,5120000,0.25,0.103771
8192,45466,160,0,5120000,0.25,0.111029
8192,45466,161,0,5120000,0.25,0.11073
8192,45466,162,0,5120000,0.25,0.127441
8192,45466,163,0,5120000,0.25,0.130036
8192,45466,164,0,5120000,0.25,0.114936
8192,45466,165,0,5120000,0.25,0.106342
8192,45466,166,0,5120000,0.25,0.112654
8192,45466,167,0,5120000,0.25,0.106077
8192,45466,168,0,5120000,0.25,0.118887
8192,45466,169,0,5120000,0.25,0.109181
8192,45466,170,0,5120000,0.25,0.121342
8192,45466,171,0,5120000,0.25,0.097238
8192,45466,172,0,5120000,0.25,0.114872
8192,45466,173,0,5120000,0.25,0.130616
8192,45466,174,0,5120000,0.25,0.123206
8192,45466,175,0,5120000,0.25,0.100907
8192,45466,176,0,5120000,0.25,0.114062
8192,45466,177,0,5120000,0.25,0.117055
8192,45466,178,0,5120000,0.25,0.120037
8192,45466,179,0,5120000,0.25,0.104105
8192,45466,180,0,5120000,0.25,0.118567
8192,45466,181,0,5120000,0.25,0.117794
8192,45466,182,0,5120000,0.25,0.104207
8192,45466,183,0,5120000,0.25,0.113092
8192,45466,184,0,5120000,0.25,0.1387
8192,45466,185,0,5120000,0.25,0.103158
8192,45466,186,0,5120000,0.25,0.098942
8192,45466,187,0,5120000,0.25,0.105621
8192,45466,188,0,5120000,0.25,0.117223
8192,45466,189,0,5120000,0.25,0.110716
8192,45466,190,0,5120000,0.25,0.104454
8192,45466,191,0,5120000,0.25,0.115128
8192,45466,192,0,5120000,0.25,0.100074
8192,45466,193,0,5120000,0.25,0.107729
8192,45466,194,0,5120000,0.25,0.095143
8192,45466,195,0,5120000,0.25,0.132206
8192,45466,196,0,5120000,0.25,0.118724
8192,45466,197,0,5120000,0.25,0.105099
8192,45466,198,0,5120000,0.25,0.12073
8192,45466,199,0,5120000,0.25,0.096809
8192,45466,200,0,5120000,0.25,0.102468
8192,45466,201,0,5120000,0.25,0.114008
8192,45466,202,0,5120000,0.25,0.104054
8192,45466,203,0,5120000,0.25,0.131955
8192,45466,204,0,5120000,0.25,0.113097
8192,45466,205,0,5120000,0.25,0.106115
8192,45466,206,0,5120000,0.25,0.09658
8192,45466,207,0,5120000,0.25,0.115552
8192,45466,208,0,5120000,0.25,0.110708
8192,45466,209,0,5120000,0.25,0.107069
8192,45466,210,0,5120000,0.25,0.107324
8192,45466,211,0,5120000,0.25,0.116295
8192,45466,212,0,5120000,0.25,0.105022
8192,45466,213,0,5120000,0.25,0.108531
8192,45466,214,0,5120000,0.25,0.108698
8192,45466,215,0,5120000,0.25,0.110098
8192,45466,216,0,5120000,0.25,0.145706
8192,45466,217,0,5120000,0.25,0.090526
8192,45466,218,0,5120000,0.25,0.103402
8192,45466,219,0,5120000,0.25,0.127868
8192,45466,220,0,5120000,0.25,0.104492
8192,45466,221,0,5120000,0.25,0.112395
8192,45466,222,0,5120000,0.25,0.116196
8192,45466,223,0,5120000,0.25,0.101919
8192,45466,224,0,5120000,0.25,0.104876
8192,45466,225,0,5120000,0.25,0.088687
8192,45466,226,0,5120000,0.25,0.1196
8192,45466,227,0,5120000,0.25,0.10615
8192,45466,228,0,5120000,0.25,0.115068
8192,45466,229,0,5120000,0.25,0.116369
8192,45466,230,0,5120000,0.25,0.103798
8192,45466,231,0,5120000,0.25,0.119407
8192,45466,232,0,5120000,0.25,0.102428
8192,45466,233,0,5120000,0.25,0.107773
8192,45466,234,0,5120000,0.25,0.105695
8192,45466,235,0,5120000,0.25,0.101511
8192,45466,236,0,5120000,0.25,0.107311
8192,45466,237,0,5120000,0.25,0.150961
8192,45466,238,0,5120000,0.25,0.134426
8192,45466,239,0,5120000,0.25,0.122901
8192,45466,240,0,5120000,0.25,0.102333
8192,45466,241,0,5120000,0.25,0.137287
8192,45466,242,0,5120000,0.25,0.112757
8192,45466,243,0,5120000,0.25,0.108599
8192,45466,244,0,5120000,0.25,0.110151
8192,45466,245,0,5120000,0.25,0.106681
8192,45466,246,0,5120000,0.25,0.130836
8192,45466,247,0,5120000,0.25,0.095181
8192,45466,248,0,5120000,0.25,0.110653
8192,45466,249,0,5120000,0.25,0.125534
8192,45466,250,0,5120000,0.25,0.123745
8192,45466,251,0,5120000,0.25,0.111674
8192,45466,252,0,5120000,0.25,0.113313
8192,45466,253,0,5120000,0.25,0.111808
8192,45466,254,0,5120000,0.25,0.131158
8192,45466,255,0,5120000,0.25,0.105391
8192,45466,256,0,5120000,0.25,0.099963
8192,45466,257,0,5120000,0.25,0.121208
8192,45466,258,0,5120000,0.25,0.103582
8192,45466,259,0,5120000,0.25,0.099039
8192,45466,260,0,5120000,0.25,0.119508
8192,45466,261,0,5120000,0.25,0.111174
8192,45466,262,0,5120000,0.25,0.106656
8192,45466,263,0,5120000,0.25,0.124785
8192,45466,264,0,5120000,0.25,0.095608
8192,45466,265,0,5120000,0.25,0.122372
8192,45466,266,0,5120000,0.25,0.09541
8192,45466,267,0,5120000,0.25,0.124121
8192,45466,268,0,5120000,0.25,0.092977
8192,45466,269,0,5120000,0.25,0.09959
8192,45466,270,0,5120000,0.25,0.134985
8192,45466,271,0,5120000,0.25,0.114411
8192,45466,272,0,5120000,0.25,0.11715
8192,45466,273,0,5120000,0.25,0.119261
8192,45466,274,0,5120000,0.25,0.113843
8192,45466,275,0,5120000,0.25,0.121005
8192,45466,276,0,5120000,0.25,0.102277
8192,45466,277,0,5120000,0.25,0.102103
8192,45466,278,0,5120000,0.25,0.127542
8192,45466,279,0,5120000,0.25,0.134323
8192,45466,280,0,5120000,0.25,0.106734
8192,45466,281,0,5120000,0.25,0.144252
8192,45466,282,0,5120000,0.25,0.106622
8192,45466,283,0,5120000,0.25,0.129337
8192,45466,284,0,5120000,0.25,0.138056
8192,45466,285,0,5120000,0.25,0.116732
8192,45466,286,0,5120000,0.25,0.143246
8192,45466,287,0,5120000,0.25,0.123627
8192,45466,288,0,5120000,0.25,0.103912
8192,45466,289,0,5120000,0.25,0.131724
8192,45466,290,0,5120000,0.25,0.111197
8192,45466,291,0,5120000,0.25,0.098521
8192,45466,292,0,5120000,0.25,0.096092
8192,45466,293,0,5120000,0.25,0.111617
8192,45466,294,0,5120000,0.25,0.115565
8192,45466,295,0,5120000,0.25,0.116562
8192,45466,296,0,5120000,0.25,0.139152
8192,45466,297,0,5120000,0.25,0.113122
8192,45466,298,0,5120000,0.25,0.130407
8192,45466,299,0,5120000,0.25,0.114867
8192,45466,300,0,5120000,0.25,0.112826
8192,45466,301,0,5120000,0.25,0.091337
8192,45466,302,0,5120000,0.25,0.115444
8192,45466,303,0,5120000,0.25,0.115657
8192,45466,304,0,5120000,0.25,0.127227
8192,45466,305,0,5120000,0.25,0.111388
8192,45466,306,0,5120000,0.25,0.111527
8192,45466,307,0,5120000,0.25,0.089752
8192,45466,308,0,5120000,0.25,0.115378
8192,45466,309,0,5120000,0.25,0.128266
8192,45466,310,0,5120000,0.25,0.109046
8192,45466,311,0,5120000,0.25,0.093973
8192,45466,312,0,5120000,0.25,0.101559
8192,45466,313,0,5120000,0.25,0.094085
8192,45466,314,0,5120000,0.25,0.143702
8192,45466,315,0,5120000,0.25,0.094513
8192,45466,316,0,5120000,0.25,0.108927
8192,45466,317,0,5120000,0.25,0.13044
8192,45466,318,0,5120000,0.25,0.119152
8192,45466,319,0,5120000,0.25,0.096918
8192,45466,320,0,5120000,0.25,0.119654
8192,45466,321,0,5120000,0.25,0.104559
8192,45466,322,0,5120000,0.25,0.107603
8192,45466,323,0,5120000,0.25,0.113333
8192,45466,324,0,5120000,0.25,0.132566
8192,45466,325,0,5120000,0.25,0.122059
8192,45466,326,0,5120000,0.25,0.104132
8192,45466,327,0,5120000,0.25,0.092388
8192,45466,328,0,5120000,0.25,0.118981
8192,45466,329,0,5120000,0.25,0.099205
8192,45466,330,0,5120000,0.25,0.11871
8192,45466,331,0,5120000,0.25,0.107793
8192,45466,332,0,5120000,0.25,0.142904
8192,45466,333,0,5120000,0.25,0.105287
8192,45466,334,0,5120000,0.25,0.140885
8192,45466,335,0,5120000,0.25,0.119061
8192,45466,336,0,5120000,0.25,0.107927
8192,45466,337,0,5120000,0.25,0.092834
8192,45466,338,0,5120000,0.25,0.102855
8192,45466,339,0,5120000,0.25,0.126736
8192,45466,340,0,5120000,0.25,0.108636
8192,45466,341,0,5120000,0.25,0.092495
8192,45466,342,0,5120000,0.25,0.123511
8192,45466,343,0,5120000,0.25,0.124787
8192,45466,344,0,5120000,0.25,0.092568
8192,45466,345,0,5120000,0.25,0.130755
8192,45466,346,0,5120000,0.25,0.115042
8192,45466,347,0,5120000,0.25,0.105827
8192,45466,348,0,5120000,0.25,0.104702
8192,45466,349,0,5120000,0.25,0.091174
8192,45466,350,0,5120000,0.25,0.121453
8192,45466,351,0,5120000,0.25,0.10987
8192,45466,352,0,5120000,0.25,0.102055
8192,45466,353,0,5120000,0.25,0.101709
8192,45466,354,0,5120000,0.25,0.109931
8192,45466,355,0,5120000,0.25,0.101229
8192,45466,356,0,5120000,0.25,0.131725
8192,45466,357,0,5120000,0.25,0.105079
8192,45466,358,0,5120000,0.25,0.107335
8192,45466,359,0,5120000,0.25,0.102942
8192,45466,360,0,5120000,0.25,0.108507
8192,45466,361,0,5120000,0.25,0.124545
8192,45466,362,0,5120000,0.25,0.114581
8192,45466,363,0,5120000,0.25,0.103616
8192,45466,364,0,5120000,0.25,0.099159
8192,45466,365,0,5120000,0.25,0.091889
8192,45466,366,0,5120000,0.25,0.105312
8192,45466,367,0,5120000,0.25,0.107201
8192,45466,368,0,5120000,0.25,0.093807
8192,45466,369,0,5120000,0.25,0.10457
8192,45466,370,0,5120000,0.25,0.10494
8192,45466,371,0,5120000,0.25,0.117033
8192,45466,372,0,5120000,0.25,0.134879
8192,45466,373,0,5120000,0.25,0.103025
8192,45466,374,0,5120000,0.25,0.09823
8192,45466,375,0,5120000,0.25,0.126665
8192,45466,376,0,5120000,0.25,0.148526
8192,45466,377,0,5120000,0.25,0.117162
8192,45466,378,0,5120000,0.25,0.111477
8192,45466,379,0,5120000,0.25,0.10646
8192,45466,380,0,5120000,0.25,0.105298
8192,45466,381,0,5120000,0.25,0.094983
8192,45466,382,0,5120000,0.25,0.103327
8192,45466,383,0,5120000,0.25,0.100901
8192,45466,384,0,5120000,0.25,0.108199
8192,45466,385,0,5120000,0.25,0.108479
8192,45466,386,0,5120000,0.25,0.088784
8192,45466,387,0,5120000,0.25,0.09794
8192,45466,388,0,5120000,0.25,0.11364
8192,45466,389,0,5120000,0.25,0.111155
8192,45466,390,0,5120000,0.25,0.11392
8192,45466,391,0,5120000,0.25,0.12784
8192,45466,392,0,5120000,0.25,0.093833
8192,45466,393,0,5120000,0.25,0.106707
8192,45466,394,0,5120000,0.25,0.097818
8192,45466,395,0,5120000,0.25,0.120692
8192,45466,396,0,5120000,0.25,0.122492
8192,45466,397,0,5120000,0.25,0.111132
8192,45466,398,0,5120000,0.25,0.106789
8192,45466,399,0,5120000,0.25,0.102295
8192,45466,400,0,5120000,0.25,0.104211
8192,47104,1,0,5120000,0.25,0.218286
8192,47104,2,0,5120000,0.25,0.183577
8192,47104,3,0,5120000,0.25,0.222449
8192,47104,4,0,5120000,0.25,0.189332
8192,47104,5,0,5120000,0.25,0.243811
8192,47104,6,0,5120000,0.25,0.162463
8192,47104,7,0,5120000,0.25,0.239126
8192,47104,8,0,5120000,0.25,0.203397
8192,47104,9,0,5120000,0.25,0.250421
8192,47104,10,0,5120000,0.25,0.182675
8192,47104,11,0,5120000,0.25,0.205792
8192,47104,12,0,5120000,0.25,0.1734
8192,47104,13,0,5120000,0.25,0.180968
8192,47104,14,0,5120000,0.25,0.236418
8192,47104,15,0,5120000,0.25,0.26456
8192,47104,16,0,5120000,0.25,0.236409
8192,47104,17,0,5120000,0.25,0.252532
8192,47104,18,0,5120000,0.25,0.224878
8192,47104,19,0,5120000,0.25,0.292284
8192,47104,20,0,5120000,0.25,0.214037
8192,47104,21,0,5120000,0.25,0.183953
8192,47104,22,0,5120000,0.25,0.238736
8192,47104,23,0,5120000,0.25,0.227397
8192,47104,24,0,5120000,0.25,0.284724
8192,47104,25,0,5120000,0.25,0.1639
8192,47104,26,0,5120000,0.25,0.218944
8192,47104,27,0,5120000,0.25,0.209857
8192,47104,28,0,5120000,0.25,0.280668
8192,47104,29,0,5120000,0.25,0.16875
8192,47104,30,0,5120000,0.25,0.275076
8192,47104,31,0,5120000,0.25,0.246802
8192,47104,32,0,5120000,0.25,0.248124
8192,47104,33,0,5120000,0.25,0.17197
8192,47104,34,0,5120000,0.25,0.244061
8192,47104,35,0,5120000,0.25,0.191402
8192,47104,36,0,5120000,0.25,0.192809
8192,47104,37,0,5120000,0.25,0.293766
8192,47104,38,0,5120000,0.25,0.264747
8192,47104,39,0,5120000,0.25,0.209254
8192,47104,40,0,5120000,0.25,0.238068
8192,47104,41,0,5120000,0.25,0.223586
8192,47104,42,0,5120000,0.25,0.210514
8192,47104,43,0,5120000,0.25,0.175352
8192,47104,44,0,5120000,0.25,0.216323
8192,47104,45,0,5120000,0.25,0.198246
8192,47104,46,0,5120000,0.25,0.19127
8192,47104,47,0,5120000,0.25,0.180711
8192,47104,48,0,5120000,0.25,0.183771
8192,47104,49,0,5120000,0.25,0.187805
8192,47104,50,0,5120000,0.25,0.219968
8192,47104,51,0,5120000,0.25,0.185676
8192,47104,52,0,5120000,0.25,0.170613
8192,47104,53,0,5120000,0.25,0.181975
8192,47104,54,0,5120000,0.25,0.222281
8192,47104,55,0,5120000,0.25,0.194609
8192,47104,56,0,5120000,0.25,0.174774
8192,47104,57,0,5120000,0.25,0.289504
8192,47104,58,0,5120000,0.25,0.211412
8192,47104,59,0,5120000,0.25,0.229879
8192,47104,60,0,5120000,0.25,0.235368
8192,47104,61,0,5120000,0.25,0.225252
8192,47104,62,0,5120000,0.25,0.186165
8192,47104,63,0,5120000,0.25,0.23691
8192,47104,64,0,5120000,0.25,0.271531
8192,47104,65,0,5120000,0.25,0.175892
8192,47104,66,0,5120000,0.25,0.212699
8192,47104,67,0,5120000,0.25,0.257181
8192,47104,68,0,5120000,0.25,0.279005
8192,47104,69,0,5120000,0.25,0.22093
8192,47104,70,0,5120000,0.25,0.332491
8192,47104,71,0,5120000,0.25,0.234365
8192,47104,72,0,5120000,0.25,0.190446
8192,47104,73,0,5120000,0.25,0.289054
8192,47104,74,0,5120000,0.25,0.261621
8192,47104,75,0,5120000,0.25,0.200538
8192,47104,76,0,5120000,0.25,0.23144
8192,47104,77,0,5120000,0.25,0.276443
8192,47104,78,0,5120000,0.25,0.228951
8192,47104,79,0,5120000,0.25,0.216227
8192,47104,80,0,5120000,0.25,0.203017
8192,47104,81,0,5120000,0.25,0.185652
8192,47104,82,0,5120000,0.25,0.17746
8192,47104,83,0,5120000,0.25,0.226393
8192,47104,84,0,5120000,0.25,0.242227
8192,47104,85,0,5120000,0.25,0.157508
8192,47104,86,0,5120000,0.25,0.171474
8192,47104,87,0,5120000,0.25,0.21209
8192,47104,88,0,5120000,0.25,0.210963
8192,47104,89,0,5120000,0.25,0.20425
8192,47104,90,0,5120000,0.25,0.216895
8192,47104,91,0,5120000,0.25,0.235175
8192,47104,92,0,5120000,0.25,0.211045
8192,47104,93,0,5120000,0.25,0.244074
8192,47104,94,0,5120000,0.25,0.189633
8192,47104,95,0,5120000,0.25,0.233468
8192,47104,96,0,5120000,0.25,0.257883
8192,47104,97,0,5120000,0.25,0.259523
8192,47104,98,0,5120000,0.25,0.2214
8192,47104,99,0,5120000,0.25,0.311587
8192,47104,100,0,5120000,0.25,0.175701
8192,47104,101,0,5120000,0.25,0.180032
8192,47104,102,0,5120000,0.25,0.243526
8192,47104,103,0,5120000,0.25,0.204032
8192,47104,104,0,5120000,0.25,0.250076
8192,47104,105,0,5120000,0.25,0.226351
8192,47104,106,0,5120000,0.25,0.179497
8192,47104,107,0,5120000,0.25,0.188505
8192,47104,108,0,5120000,0.25,0.220273
8192,47104,109,0,5120000,0.25,0.23797
8192,47104,110,0,5120000,0.25,0.132718
8192,47104,111,0,5120000,0.25,0.18304
8192,47104,112,0,5120000,0.25,0.175184
8192,47104,113,0,5120000,0.25,0.190016
8192,47104,114,0,5120000,0.25,0.195316
8192,47104,115,0,5120000,0.25,0.233626
8192,47104,116,0,5120000,0.25,0.180455
8192,47104,117,0,5120000,0.25,0.248583
8192,47104,118,0,5120000,0.25,0.161446
8192,47104,119,0,5120000,0.25,0.1694
8192,47104,120,0,5120000,0.25,0.246803
8192,47104,121,0,5120000,0.25,0.280846
8192,47104,122,0,5120000,0.25,0.180974
8192,47104,123,0,5120000,0.25,0.263555
8192,47104,124,0,5120000,0.25,0.171867
8192,47104,125,0,5120000,0.25,0.264534
8192,47104,126,0,5120000,0.25,0.257928
8192,47104,127,0,5120000,0.25,0.191907
8192,47104,128,0,5120000,0.25,0.160391
8192,47104,129,0,5120000,0.25,0.26907
8192,47104,130,0,5120000,0.25,0.146926
8192,47104,131,0,5120000,0.25,0.243295
8192,47104,132,0,5120000,0.25,0.262548
8192,47104,133,0,5120000,0.25,0.185185
8192,47104,134,0,5120000,0.25,0.229087
8192,47104,135,0,5120000,0.25,0.195389
8192,47104,136,0,5120000,0.25,0.247987
8192,47104,137,0,5120000,0.25,0.21024
8192,47104,138,0,5120000,0.25,0.224225
8192,47104,139,0,5120000,0.25,0.183379
8192,47104,140,0,5120000,0.25,0.178123
8192,47104,141,0,5120000,0.25,0.240114
8192,47104,142,0,5120000,0.25,0.170938
8192,47104,143,0,5120000,0.25,0.237671
8192,47104,144,0,5120000,0.25,0.243096
8192,47104,145,0,5120000,0.25,0.196048
8192,47104,146,0,5120000,0.25,0.20627
8192,47104,147,0,5120000,0.25,0.180577
8192,47104,148,0,5120000,0.25,0.160696
8192,47104,149,0,5120000,0.25,0.201994
8192,47104,150,0,5120000,0.25,0.266172
8192,47104,151,0,5120000,0.25,0.182756
8192,47104,152,0,5120000,0.25,0.202453
8192,47104,153,0,5120000,0.25,0.188646
8192,47104,154,0,5120000,0.25,0.190202
8192,47104,155,0,5120000,0.25,0.214995
8192,47104,156,0,5120000,0.25,0.229736
8192,47104,157,0,5120000,0.25,0.32287
8192,47104,158,0,5120000,0.25,0.247864
8192,47104,159,0,5120000,0.25,0.216219
8192,47104,160,0,5120000,0.25,0.218085
8192,47104,161,0,5120000,0.25,0.234648
8192,47104,162,0,5120000,0.25,0.251424
8192,47104,163,0,5120000,0.25,0.199728
8192,47104,164,0,5120000,0.25,0.261123
8192,47104,165,0,5120000,0.25,0.176321
8192,47104,166,0,5120000,0.25,0.175101
8192,47104,167,0,5120000,0.25,0.195406
8192,47104,168,0,5120000,0.25,0.227112
8192,47104,169,0,5120000,0.25,0.167598
8192,47104,170,0,5120000,0.25,0.259158
8192,47104,171,0,5120000,0.25,0.240823
8192,47104,172,0,5120000,0.25,0.161382
8192,47104,173,0,5120000,0.25,0.237981
8192,47104,174,0,5120000,0.25,0.182917
8192,47104,175,0,5120000,0.25,0.29044
8192,47104,176,0,5120000,0.25,0.199234
8192,47104,177,0,5120000,0.25,0.153921
8192,47104,178,0,5120000,0.25,0.190967
8192,47104,179,0,5120000,0.25,0.203516
8192,47104,180,0,5120000,0.25,0.222208
8192,47104,181,0,5120000,0.25,0.204546
8192,47104,182,0,5120000,0.25,0.245142
8192,47104,183,0,5120000,0.25,0.203985
8192,47104,184,0,5120000,0.25,0.18764
8192,47104,185,0,5120000,0.25,0.230222
8192,47104,186,0,5120000,0.25,0.187955
8192,47104,187,0,5120000,0.25,0.205185
8192,47104,188,0,5120000,0.25,0.239555
8192,47104,189,0,5120000,0.25,0.14468
8192,47104,190,0,5120000,0.25,0.202167
8192,47104,191,0,5120000,0.25,0.18615
8192,47104,192,0,5120000,0.25,0.263657
8192,47104,193,0,5120000,0.25,0.190118
8192,47104,194,0,5120000,0.25,0.234683
8192,47104,195,0,5120000,0.25,0.173955
8192,47104,196,0,5120000,0.25,0.276726
8192,47104,197,0,5120000,0.25,0.195196
8192,47104,198,0,5120000,0.25,0.190327
8192,47104,199,0,5120000,0.25,0.19218
8192,47104,200,0,5120000,0.25,0.178782
8192,47104,201,0,5120000,0.25,0.23246
8192,47104,202,0,5120000,0.25,0.20221
8192,47104,203,0,5120000,0.25,0.210399
8192,47104,204,0,5120000,0.25,0.190472
8192,47104,205,0,5120000,0.25,0.247038
8192,47104,206,0,5120000,0.25,0.174444
8192,47104,207,0,5120000,0.25,0.246451
8192,47104,208,0,5120000,0.25,0.207847
8192,47104,209,0,5120000,0.25,0.196509
8192,47104,210,0,5120000,0.25,0.248128
8192,47104,211,0,5120000,0.25,0.228067
8192,47104,212,0,5120000,0.25,0.134778
8192,47104,213,0,5120000,0.25,0.204707
8192,47104,214,0,5120000,0.25,0.203557
8192,47104,215,0,5120000,0.25,0.186027
8192,47104,216,0,5120000,0.25,0.204871
8192,47104,217,0,5120000,0.25,0.178106
8192,47104,218,0,5120000,0.25,0.233865
8192,47104,219,0,5120000,0.25,0.195746
8192,47104,220,0,5120000,0.25,0.197133
8192,47104,221,0,5120000,0.25,0.170656
8192,47104,222,0,5120000,0.25,0.228764
8192,47104,223,0,5120000,0.25,0.229221
8192,47104,224,0,5120000,0.25,0.253621
8192,47104,225,0,5120000,0.25,0.248276
8192,47104,226,0,5120000,0.25,0.196113
8192,47104,227,0,5120000,0.25,0.222456
8192,47104,228,0,5120000,0.25,0.15265
8192,47104,229,0,5120000,0.25,0.179847
8192,47104,230,0,5120000,0.25,0.228517
8192,47104,231,0,5120000,0.25,0.202657
8192,47104,232,0,5120000,0.25,0.173243
8192,47104,233,0,5120000,0.25,0.189154
8192,47104,234,0,5120000,0.25,0.185374
8192,47104,235,0,5120000,0.25,0.20746
8192,47104,236,0,5120000,0.25,0.261639
8192,47104,237,0,5120000,0.25,0.183148
8192,47104,238,0,5120000,0.25,0.244562
8192,47104,239,0,5120000,0.25,0.157571
8192,47104,240,0,5120000,0.25,0.236543
8192,47104,241,0,5120000,0.25,0.182501
8192,47104,242,0,5120000,0.25,0.21587
8192,47104,243,0,5120000,0.25,0.162034
8192,47104,244,0,5120000,0.25,0.204542
8192,47104,245,0,5120000,0.25,0.188074
8192,47104,246,0,5120000,0.25,0.233994
8192,47104,247,0,5120000,0.25,0.188215
8192,47104,248,0,5120000,0.25,0.176267
8192,47104,249,0,5120000,0.25,0.246202
8192,47104,250,0,5120000,0.25,0.232949
8192,47104,251,0,5120000,0.25,0.195752
8192,47104,252,0,5120000,0.25,0.21221
8192,47104,253,0,5120000,0.25,0.194541
8192,47104,254,0,5120000,0.25,0.200983
8192,47104,255,0,5120000,0.25,0.237252
8192,47104,256,0,5120000,0.25,0.235026
8192,47104,257,0,5120000,0.25,0.16464
8192,47104,258,0,5120000,0.25,0.180462
8192,47104,259,0,5120000,0.25,0.187535
8192,47104,260,0,5120000,0.25,0.22247
8192,47104,261,0,5120000,0.25,0.164404
8192,47104,262,0,5120000,0.25,0.244828
8192,47104,263,0,5120000,0.25,0.184144
8192,47104,264,0,5120000,0.25,0.286154
8192,47104,265,0,5120000,0.25,0.15617
8192,47104,266,0,5120000,0.25,0.276329
8192,47104,267,0,5120000,0.25,0.207379
8192,47104,268,0,5120000,0.25,0.186356
8192,47104,269,0,5120000,0.25,0.184268
8192,47104,270,0,5120000,0.25,0.20157
8192,47104,271,0,5120000,0.25,0.193579
8192,47104,272,0,5120000,0.25,0.147383
8192,47104,273,0,5120000,0.25,0.308569
8192,47104,274,0,5120000,0.25,0.214566
8192,47104,275,0,5120000,0.25,0.182366
8192,47104,276,0,5120000,0.25,0.261155
8192,47104,277,0,5120000,0.25,0.216356
8192,47104,278,0,5120000,0.25,0.16762
8192,47104,279,0,5120000,0.25,0.175154
8192,47104,280,0,5120000,0.25,0.171176
8192,47104,281,0,5120000,0.25,0.20435
8192,47104,282,0,5120000,0.25,0.155087
8192,47104,283,0,5120000,0.25,0.233306
8192,47104,284,0,5120000,0.25,0.252788
8192,47104,285,0,5120000,0.25,0.273547
8192,47104,286,0,5120000,0.25,0.194556
8192,47104,287,0,5120000,0.25,0.217316
8192,47104,288,0,5120000,0.25,0.221829
8192,47104,289,0,5120000,0.25,0.250995
8192,47104,290,0,5120000,0.25,0.188914
8192,47104,291,0,5120000,0.25,0.183481
8192,47104,292,0,5120000,0.25,0.199359
8192,47104,293,0,5120000,0.25,0.219382
8192,47104,294,0,5120000,0.25,0.256395
8192,47104,295,0,5120000,0.25,0.197768
8192,47104,296,0,5120000,0.25,0.198055
8192,47104,297,0,5120000,0.25,0.21845
8192,47104,298,0,5120000,0.25,0.186795
8192,47104,299,0,5120000,0.25,0.173269
8192,47104,300,0,5120000,0.25,0.155337
8192,47104,301,0,5120000,0.25,0.18387
8192,47104,302,0,5120000,0.25,0.169382
8192,47104,303,0,5120000,0.25,0.221605
8192,47104,304,0,5120000,0.25,0.276034
8192,47104,305,0,5120000,0.25,0.158647
8192,47104,306,0,5120000,0.25,0.208373
8192,47104,307,0,5120000,0.25,0.23523
8192,47104,308,0,5120000,0.25,0.177905
8192,47104,309,0,5120000,0.25,0.193222
8192,47104,310,0,5120000,0.25,0.254651
8192,47104,311,0,5120000,0.25,0.177445
8192,47104,312,0,5120000,0.25,0.245381
8192,47104,313,0,5120000,0.25,0.222172
8192,47104,314,0,5120000,0.25,0.2394
8192,47104,315,0,5120000,0.25,0.185107
8192,47104,316,0,5120000,0.25,0.183665
8192,47104,317,0,5120000,0.25,0.170645
8192,47104,318,0,5120000,0.25,0.217892
8192,47104,319,0,5120000,0.25,0.230562
8192,47104,320,0,5120000,0.25,0.241837
8192,47104,321,0,5120000,0.25,0.241696
8192,47104,322,0,5120000,0.25,0.201065
8192,47104,323,0,5120000,0.25,0.249294
8192,47104,324,0,5120000,0.25,0.192923
8192,47104,325,0,5120000,0.25,0.197661
8192,47104,326,0,5120000,0.25,0.175577
8192,47104,327,0,5120000,0.25,0.198029
8192,47104,328,0,5120000,0.25,0.266956
8192,47104,329,0,5120000,0.25,0.232421
8192,47104,330,0,5120000,0.25,0.177434
8192,47104,331,0,5120000,0.25,0.184175
8192,47104,332,0,5120000,0.25,0.13851
8192,47104,333,0,5120000,0.25,0.236504
8192,47104,334,0,5120000,0.25,0.170753
8192,47104,335,0,5120000,0.25,0.16348
8192,47104,336,0,5120000,0.25,0.260876
8192,47104,337,0,5120000,0.25,0.288117
8192,47104,338,0,5120000,0.25,0.209342
8192,47104,339,0,5120000,0.25,0.287825
8192,47104,340,0,5120000,0.25,0.200824
8192,47104,341,0,5120000,0.25,0.177796
8192,47104,342,0,5120000,0.25,0.253806
8192,47104,343,0,5120000,0.25,0.231208
8192,47104,344,0,5120000,0.25,0.257736
8192,47104,345,0,5120000,0.25,0.233456
8192,47104,346,0,5120000,0.25,0.201231
8192,47104,347,0,5120000,0.25,0.184765
8192,47104,348,0,5120000,0.25,0.185462
8192,47104,349,0,5120000,0.25,0.223857
8192,47104,350,0,5120000,0.25,0.205026
8192,47104,351,0,5120000,0.25,0.207824
8192,47104,352,0,5120000,0.25,0.229086
8192,47104,353,0,5120000,0.25,0.224475
8192,47104,354,0,5120000,0.25,0.178128
8192,47104,355,0,5120000,0.25,0.214729
8192,47104,356,0,5120000,0.25,0.187207
8192,47104,357,0,5120000,0.25,0.196837
8192,47104,358,0,5120000,0.25,0.216819
8192,47104,359,0,5120000,0.25,0.197619
8192,47104,360,0,5120000,0.25,0.213064
8192,47104,361,0,5120000,0.25,0.196359
8192,47104,362,0,5120000,0.25,0.20872
8192,47104,363,0,5120000,0.25,0.193833
8192,47104,364,0,5120000,0.25,0.178004
8192,47104,365,0,5120000,0.25,0.208896
8192,47104,366,0,5120000,0.25,0.194765
8192,47104,367,0,5120000,0.25,0.240711
8192,47104,368,0,5120000,0.25,0.226883
8192,47104,369,0,5120000,0.25,0.283344
8192,47104,370,0,5120000,0.25,0.271764
8192,47104,371,0,5120000,0.25,0.184765
8192,47104,372,0,5120000,0.25,0.178489
8192,47104,373,0,5120000,0.25,0.237337
8192,47104,374,0,5120000,0.25,0.198472
8192,47104,375,0,5120000,0.25,0.281611
8192,47104,376,0,5120000,0.25,0.240014
8192,47104,377,0,5120000,0.25,0.169469
8192,47104,378,0,5120000,0.25,0.23784
8192,47104,379,0,5120000,0.25,0.284677
8192,47104,380,0,5120000,0.25,0.166327
8192,47104,381,0,5120000,0.25,0.246908
8192,47104,382,0,5120000,0.25,0.252934
8192,47104,383,0,5120000,0.25,0.159148
8192,47104,384,0,5120000,0.25,0.215824
8192,47104,385,0,5120000,0.25,0.174037
8192,47104,386,0,5120000,0.25,0.187288
8192,47104,387,0,5120000,0.25,0.193432
8192,47104,388,0,5120000,0.25,0.216073
8192,47104,389,0,5120000,0.25,0.219943
8192,47104,390,0,5120000,0.25,0.233946
8192,47104,391,0,5120000,0.25,0.208289
8192,47104,392,0,5120000,0.25,0.188964
8192,47104,393,0,5120000,0.25,0.265646
8192,47104,394,0,5120000,0.25,0.160089
8192,47104,395,0,5120000,0.25,0.172295
8192,47104,396,0,5120000,0.25,0.248848
8192,47104,397,0,5120000,0.25,0.221
8192,47104,398,0,5120000,0.25,0.247094
8192,47104,399,0,5120000,0.25,0.161786
8192,47104,400,0,5120000,0.25,0.210957
8192,48742,1,0,5120000,0.25,0.497386
8192,48742,2,0,5120000,0.25,0.411624
8192,48742,3,0,5120000,0.25,0.294124
8192,48742,4,0,5120000,0.25,0.483351
8192,48742,5,0,5120000,0.25,0.341476
8192,48742,6,0,5120000,0.25,0.459478
8192,48742,7,0,5120000,0.25,0.444534
8192,48742,8,0,5120000,0.25,0.363782
8192,48742,9,0,5120000,0.25,0.671351
8192,48742,10,0,5120000,0.25,0.552579
8192,48742,11,0,5120000,0.25,0.402118
8192,48742,12,0,5120000,0.25,0.692429
8192,48742,13,0,5120000,0.25,0.53135
8192,48742,14,0,5120000,0.25,0.615674
8192,48742,15,0,5120000,0.25,0.434458
8192,48742,16,0,5120000,0.25,0.424804
8192,48742,17,0,5120000,0.25,0.626537
8192,48742,18,0,5120000,0.25,0.382387
8192,48742,19,0,5120000,0.25,0.40988
8192,48742,20,0,5120000,0.25,0.441084
8192,48742,21,0,5120000,0.25,0.500808
8192,48742,22,0,5120000,0.25,0.478893
8192,48742,23,0,5120000,0.25,0.387736
8192,48742,24,0,5120000,0.25,0.532491
8192,48742,25,0,5120000,0.25,0.527998
8192,48742,26,0,5120000,0.25,0.527913
8192,48742,27,0,5120000,0.25,0.396642
8192,48742,28,0,5120000,0.25,0.639217
8192,48742,29,0,5120000,0.25,0.542084
8192,48742,30,0,5120000,0.25,0.407921
8192,48742,31,0,5120000,0.25,0.542814
8192,48742,32,0,5120000,0.25,0.58785
8192,48742,33,0,5120000,0.25,0.613595
8192,48742,34,0,5120000,0.25,0.433286
8192,48742,35,0,5120000,0.25,0.52007
8192,48742,36,0,5120000,0.25,0.490976
8192,48742,37,0,5120000,0.25,0.531643
8192,48742,38,0,5120000,0.25,0.733661
8192,48742,39,0,5120000,0.25,0.598851
8192,48742,40,0,5120000,0.25,0.478012
8192,48742,41,0,5120000,0.25,0.502338
8192,48742,42,0,5120000,0.25,0.515454
8192,48742,43,0,5120000,0.25,0.467657
8192,48742,44,0,5120000,0.25,0.658237
8192,48742,45,0,5120000,0.25,0.497021
8192,48742,46,0,5120000,0.25,0.4833
8192,48742,47,0,5120000,0.25,0.506377
8192,48742,48,0,5120000,0.25,0.608605
8192,48742,49,0,5120000,0.25,0.42017
8192,48742,50,0,5120000,0.25,0.360464
8192,48742,51,0,5120000,0.25,0.445241
8192,48742,52,0,5120000,0.25,0.459057
8192,48742,53,0,5120000,0.25,0.399729
8192,48742,54,0,5120000,0.25,0.326998
8192,48742,55,0,5120000,0.25,0.525168
8192,48742,56,0,5120000,0.25,0.512788
8192,48742,57,0,5120000,0.25,0.667588
8192,48742,58,0,5120000,0.25,0.509573
8192,48742,59,0,5120000,0.25,0.426116
8192,48742,60,0,5120000,0.25,0.644303
8192,48742,61,0,5120000,0.25,0.520318
8192,48742,62,0,5120000,0.25,0.464053
8192,48742,63,0,5120000,0.25,0.553329
8192,48742,64,0,5120000,0.25,0.338893
8192,48742,65,0,5120000,0.25,0.362559
8192,48742,66,0,5120000,0.25,0.70208
8192,48742,67,0,5120000,0.25,0.629162
8192,48742,68,0,5120000,0.25,0.596137
8192,48742,69,0,5120000,0.25,0.541176
8192,48742,70,0,5120000,0.25,0.326435
8192,48742,71,0,5120000,0.25,0.490263
8192,48742,72,0,5120000,0.25,0.448583
8192,48742,73,0,5120000,0.25,0.547277
8192,48742,74,0,5120000,0.25,0.417604
8192,48742,75,0,5120000,0.25,0.500073
8192,48742,76,0,5120000,0.25,0.49122
8192,48742,77,0,5120000,0.25,0.596972
8192,48742,78,0,5120000,0.25,0.494798
8192,48742,79,0,5120000,0.25,0.442699
8192,48742,80,0,5120000,0.25,0.541682
8192,48742,81,0,5120000,0.25,0.399745
8192,48742,82,0,5120000,0.25,0.501954
8192,48742,83,0,5120000,0.25,0.629028
8192,48742,84,0,5120000,0.25,0.639567
8192,48742,85,0,5120000,0.25,0.67839
8192,48742,86,0,5120000,0.25,0.387212
8192,48742,87,0,5120000,0.25,0.489599
8192,48742,88,0,5120000,0.25,0.41402
8192,48742,89,0,5120000,0.25,0.403218
8192,48742,90,0,5120000,0.25,0.48342
8192,48742,91,0,5120000,0.25,0.410926
8192,48742,92,0,5120000,0.25,0.558443
8192,48742,93,0,5120000,0.25,0.447493
8192,48742,94,0,5120000,0.25,0.598207
8192,48742,95,0,5120000,0.25,0.746625
8192,48742,96,0,5120000,0.25,0.470213
8192,48742,97,0,5120000,0.25,0.501147
8192,48742,98,0,5120000,0.25,0.409731
8192,48742,99,0,5120000,0.25,0.488979
8192,48742,100,0,5120000,0.25,0.758071
8192,48742,101,0,5120000,0.25,0.671386
8192,48742,102,0,5120000,0.25,0.344596
8192,48742,103,0,5120000,0.25,0.405958
8192,48742,104,0,5120000,0.25,0.490076
8192,48742,105,0,5120000,0.25,0.58664
8192,48742,106,0,5120000,0.25,0.577594
8192,48742,107,0,5120000,0.25,0.602234
8192,48742,108,0,5120000,0.25,0.561778
8192,48742,109,0,5120000,0.25,0.47956
8192,48742,110,0,5120000,0.25,0.342939
8192,48742,111,0,5120000,0.25,0.331434
8192,48742,112,0,5120000,0.25,0.588217
8192,48742,113,0,5120000,0.25,0.398633
8192,48742,114,0,5120000,0.25,0.326148
8192,48742,115,0,5120000,0.25,0.625002
8192,48742,116,0,5120000,0.25,0.481257
8192,48742,117,0,5120000,0.25,0.566241
8192,48742,118,0,5120000,0.25,0.549775
8192,48742,119,0,5120000,0.25,0.612426
8192,48742,120,0,5120000,0.25,0.460614
8192,48742,121,0,5120000,0.25,0.313516
8192,48742,122,0,5120000,0.25,0.389203
8192,48742,123,0,5120000,0.25,0.517001
8192,48742,124,0,5120000,0.25,0.547504
8192,48742,125,0,5120000,0.25,0.474217
8192,48742,126,0,5120000,0.25,0.591404
8192,48742,127,0,5120000,0.25,0.61929
8192,48742,128,0,5120000,0.25,0.572421
8192,48742,129,0,5120000,0.25,0.624023
8192,48742,130,0,5120000,0.25,0.442079
8192,48742,131,0,5120000,0.25,0.496619
8192,48742,132,0,5120000,0.25,0.554525
8192,48742,133,0,5120000,0.25,0.360905
8192,48742,134,0,5120000,0.25,0.383035
8192,48742,135,0,5120000,0.25,0.72161
8192,48742,136,0,5120000,0.25,0.518091
8192,48742,137,0,5120000,0.25,0.362859
8192,48742,138,0,5120000,0.25,0.458721
8192,48742,139,0,5120000,0.25,0.69579
8192,48742,140,0,5120000,0.25,0.601181
8192,48742,141,0,5120000,0.25,0.489559
8192,48742,142,0,5120000,0.25,0.538522
8192,48742,143,0,5120000,0.25,0.594188
8192,48742,144,0,5120000,0.25,0.436362
8192,48742,145,0,5120000,0.25,0.687624
8192,48742,146,0,5120000,0.25,0.334885
8192,48742,147,0,5120000,0.25,0.419685
8192,48742,148,0,5120000,0.25,0.415459
8192,48742,149,0,5120000,0.25,0.420587
8192,48742,150,0,5120000,0.25,0.543714
8192,48742,151,0,5120000,0.25,0.53883
8192,48742,152,0,5120000,0.25,0.317254
8192,48742,153,0,5120000,0.25,0.777539
8192,48742,154,0,5120000,0.25,0.61986
8192,48742,155,0,5120000,0.25,0.605437
8192,48742,156,0,5120000,0.25,0.663263
8192,48742,157,0,5120000,0.25,0.469411
8192,48742,158,0,5120000,0.25,0.891318
8192,48742,159,0,5120000,0.25,0.60074
8192,48742,160,0,5120000,0.25,0.5779
8192,48742,161,0,5120000,0.25,0.417854
8192,48742,162,0,5120000,0.25,0.512732
8192,48742,163,0,5120000,0.25,0.610016
8192,48742,164,0,5120000,0.25,0.397635
8192,48742,165,0,5120000,0.25,0.386964
8192,48742,166,0,5120000,0.25,0.549979
8192,48742,167,0,5120000,0.25,0.614557
8192,48742,168,0,5120000,0.25,0.561731
8192,48742,169,0,5120000,0.25,0.333655
8192,48742,170,0,5120000,0.25,0.476542
8192,48742,171,0,5120000,0.25,0.410525
8192,48742,172,0,5120000,0.25,0.378635
8192,48742,173,0,5120000,0.25,0.399856
8192,48742,174,0,5120000,0.25,0.395022
8192,48742,175,0,5120000,0.25,0.592751
8192,48742,176,0,5120000,0.25,0.628924
8192,48742,177,0,5120000,0.25,0.396023
8192,48742,178,0,5120000,0.25,0.511492
8192,48742,179,0,5120000,0.25,0.435704
8192,48742,180,0,5120000,0.25,0.419405
8192,48742,181,0,5120000,0.25,0.526835
8192,48742,182,0,5120000,0.25,0.663137
8192,48742,183,0,5120000,0.25,0.384893
8192,48742,184,0,5120000,0.25,0.450042
8192,48742,185,0,5120000,0.25,0.569714
8192,48742,186,0,5120000,0.25,0.466412
8192,48742,187,0,5120000,0.25,0.409437
8192,48742,188,0,5120000,0.25,0.491216
8192,48742,189,0,5120000,0.25,0.530683
8192,48742,190,0,5120000,0.25,0.587947
8192,48742,191,0,5120000,0.25,0.583577
8192,48742,192,0,5120000,0.25,0.468436
8192,48742,193,0,5120000,0.25,0.522426
8192,48742,194,0,5120000,0.25,0.556885
8192,48742,195,0,5120000,0.25,0.458931
8192,48742,196,0,5120000,0.25,0.384998
8192,48742,197,0,5120000,0.25,0.392095
8192,48742,198,0,5120000,0.25,0.378213
8192,48742,199,0,5120000,0.25,0.452561
8192,48742,200,0,5120000,0.25,0.659468
8192,48742,201,0,5120000,0.25,0.778841
8192,48742,202,0,5120000,0.25,0.431048
8192,48742,203,0,5120000,0.25,0.542355
8192,48742,204,0,5120000,0.25,0.340169
8192,48742,205,0,5120000,0.25,0.426256
8192,48742,206,0,5120000,0.25,0.602831
8192,48742,207,0,5120000,0.25,0.628695
8192,48742,208,0,5120000,0.25,0.418246
8192,48742,209,0,5120000,0.25,0.446425
8192,48742,210,0,5120000,0.25,0.556971
8192,48742,211,0,5120000,0.25,0.61281
8192,48742,212,0,5120000,0.25,0.59239
8192,48742,213,0,5120000,0.25,0.657224
8192,48742,214,0,5120000,0.25,0.415667
8192,48742,215,0,5120000,0.25,0.349775
8192,48742,216,0,5120000,0.25,0.559341
8192,48742,217,0,5120000,0.25,0.429922
8192,48742,218,0,5120000,0.25,0.529295
8192,48742,219,0,5120000,0.25,0.723598
8192,48742,220,0,5120000,0.25,0.314368
8192,48742,221,0,5120000,0.25,0.358822
8192,48742,222,0,5120000,0.25,0.414465
8192,48742,223,0,5120000,0.25,0.493507
8192,48742,224,0,5120000,0.25,0.348135
8192,48742,225,0,5120000,0.25,0.488065
8192,48742,226,0,5120000,0.25,0.555577
8192,48742,227,0,5120000,0.25,0.487812
8192,48742,228,0,5120000,0.25,0.558222
8192,48742,229,0,5120000,0.25,0.363092
8192,48742,230,0,5120000,0.25,0.653518
8192,48742,231,0,5120000,0.25,0.507244
8192,48742,232,0,5120000,0.25,0.608965
8192,48742,233,0,5120000,0.25,0.510159
8192,48742,234,0,5120000,0.25,0.529186
8192,48742,235,0,5120000,0.25,0.527555
8192,48742,236,0,5120000,0.25,0.623217
8192,48742,237,0,5120000,0.25,0.417923
8192,48742,238,0,5120000,0.25,0.381263
8192,48742,239,0,5120000,0.25,0.584771
8192,48742,240,0,5120000,0.25,0.541467
8192,48742,241,0,5120000,0.25,0.434835
8192,48742,242,0,5120000,0.25,0.496206
8192,48742,243,0,5120000,0.25,0.449424
8192,48742,244,0,5120000,0.25,0.650521
8192,48742,245,0,5120000,0.25,0.531268
8192,48742,246,0,5120000,0.25,0.46574
8192,48742,247,0,5120000,0.25,0.528251
8192,48742,248,0,5120000,0.25,0.508236
8192,48742,249,0,5120000,0.25,0.400537
8192,48742,250,0,5120000,0.25,0.538462
8192,48742,251,0,5120000,0.25,0.633068
8192,48742,252,0,5120000,0.25,0.494405
8192,48742,253,0,5120000,0.25,0.598328
8192,48742,254,0,5120000,0.25,0.471221
8192,48742,255,0,5120000,0.25,0.393238
8192,48742,256,0,5120000,0.25,0.602288
8192,48742,257,0,5120000,0.25,0.410296
8192,48742,258,0,5120000,0.25,0.426032
8192,48742,259,0,5120000,0.25,0.356759
8192,48742,260,0,5120000,0.25,0.586896
8192,48742,261,0,5120000,0.25,0.472986
8192,48742,262,0,5120000,0.25,0.566751
8192,48742,263,0,5120000,0.25,0.376928
8192,48742,264,0,5120000,0.25,0.497355
8192,48742,265,0,5120000,0.25,0.505499
8192,48742,266,0,5120000,0.25,0.502936
8192,48742,267,0,5120000,0.25,0.412771
8192,48742,268,0,5120000,0.25,0.379899
8192,48742,269,0,5120000,0.25,0.659036
8192,48742,270,0,5120000,0.25,0.719268
8192,48742,271,0,5120000,0.25,0.681199
8192,48742,272,0,5120000,0.25,0.47909
8192,48742,273,0,5120000,0.25,0.516285
8192,48742,274,0,5120000,0.25,0.764903
8192,48742,275,0,5120000,0.25,0.544825
8192,48742,276,0,5120000,0.25,0.427061
8192,48742,277,0,5120000,0.25,0.440218
8192,48742,278,0,5120000,0.25,0.381762
8192,48742,279,0,5120000,0.25,0.406734
8192,48742,280,0,5120000,0.25,0.36504
8192,48742,281,0,5120000,0.25,0.691556
8192,48742,282,0,5120000,0.25,0.438256
8192,48742,283,0,5120000,0.25,0.586863
8192,48742,284,0,5120000,0.25,0.878473
8192,48742,285,0,5120000,0.25,0.496421
8192,48742,286,0,5120000,0.25,0.329705
8192,48742,287,0,5120000,0.25,0.431111
8192,48742,288,0,5120000,0.25,0.520465
8192,48742,289,0,5120000,0.25,0.623436
8192,48742,290,0,5120000,0.25,0.507373
8192,48742,291,0,5120000,0.25,0.416952
8192,48742,292,0,5120000,0.25,0.536295
8192,48742,293,0,5120000,0.25,0.714913
8192,48742,294,0,5120000,0.25,0.427809
8192,48742,295,0,5120000,0.25,0.506448
8192,48742,296,0,5120000,0.25,0.511225
8192,48742,297,0,5120000,0.25,0.526065
8192,48742,298,0,5120000,0.25,0.566365
8192,48742,299,0,5120000,0.25,0.42628
8192,48742,300,0,5120000,0.25,0.403491
8192,48742,301,0,5120000,0.25,0.665935
8192,48742,302,0,5120000,0.25,0.689401
8192,48742,303,0,5120000,0.25,0.560981
8192,48742,304,0,5120000,0.25,0.536081
8192,48742,305,0,5120000,0.25,0.371661
8192,48742,306,0,5120000,0.25,0.551875
8192,48742,307,0,5120000,0.25,0.520758
8192,48742,308,0,5120000,0.25,0.594475
8192,48742,309,0,5120000,0.25,0.420417
8192,48742,310,0,5120000,0.25,0.462255
8192,48742,311,0,5120000,0.25,0.406604
8192,48742,312,0,5120000,0.25,0.705203
8192,48742,313,0,5120000,0.25,0.481213
8192,48742,314,0,5120000,0.25,0.412509
8192,48742,315,0,5120000,0.25,0.861738
8192,48742,316,0,5120000,0.25,0.624413
8192,48742,317,0,5120000,0.25,0.570052
8192,48742,318,0,5120000,0.25,0.442436
8192,48742,319,0,5120000,0.25,0.520903
8192,48742,320,0,5120000,0.25,0.577487
8192,48742,321,0,5120000,0.25,0.38241
8192,48742,322,0,5120000,0.25,0.449731
8192,48742,323,0,5120000,0.25,0.428067
8192,48742,324,0,5120000,0.25,0.42259
8192,48742,325,0,5120000,0.25,0.624978
8192,48742,326,0,5120000,0.25,0.38317
8192,48742,327,0,5120000,0.25,0.477468
8192,48742,328,0,5120000,0.25,0.407908
8192,48742,329,0,5120000,0.25,0.419806
8192,48742,330,0,5120000,0.25,0.408414
8192,48742,331,0,5120000,0.25,0.462064
8192,48742,332,0,5120000,0.25,0.35903
8192,48742,333,0,5120000,0.25,0.528871
8192,48742,334,0,5120000,0.25,0.428164
8192,48742,335,0,5120000,0.25,0.512531
8192,48742,336,0,5120000,0.25,0.441994
8192,48742,337,0,5120000,0.25,0.392485
8192,48742,338,0,5120000,0.25,0.518797
8192,48742,339,0,5120000,0.25,0.646556
8192,48742,340,0,5120000,0.25,0.382269
8192,48742,341,0,5120000,0.25,0.403553
8192,48742,342,0,5120000,0.25,0.62438
8192,48742,343,0,5120000,0.25,0.701436
8192,48742,344,0,5120000,0.25,0.454418
8192,48742,345,0,5120000,0.25,0.425412
8192,48742,346,0,5120000,0.25,0.385079
8192,48742,347,0,5120000,0.25,0.495845
8192,48742,348,0,5120000,0.25,0.613052
8192,48742,349,0,5120000,0.25,0.528057
8192,48742,350,0,5120000,0.25,0.475397
8192,48742,351,0,5120000,0.25,0.320302
8192,48742,352,0,5120000,0.25,0.405854
8192,48742,353,0,5120000,0.25,0.386299
8192,48742,354,0,5120000,0.25,0.494751
8192,48742,355,0,5120000,0.25,0.56412
8192,48742,356,0,5120000,0.25,0.506791
8192,48742,357,0,5120000,0.25,0.422985
8192,48742,358,0,5120000,0.25,0.416005
8192,48742,359,0,5120000,0.25,0.5903
8192,48742,360,0,5120000,0.25,0.46655
8192,48742,361,0,5120000,0.25,0.603438
8192,48742,362,0,5120000,0.25,0.541717
8192,48742,363,0,5120000,0.25,0.723659
8192,48742,364,0,5120000,0.25,0.458936
8192,48742,365,0,5120000,0.25,0.367309
8192,48742,366,0,5120000,0.25,0.42606
8192,48742,367,0,5120000,0.25,0.458117
8192,48742,368,0,5120000,0.25,0.508056
8192,48742,369,0,5120000,0.25,0.476042
8192,48742,370,0,5120000,0.25,0.509044
8192,48742,371,0,5120000,0.25,0.50527
8192,48742,372,0,5120000,0.25,0.52069
8192,48742,373,0,5120000,0.25,0.595325
8192,48742,374,0,5120000,0.25,0.466323
8192,48742,375,0,5120000,0.25,0.612272
8192,48742,376,0,5120000,0.25,0.325182
8192,48742,377,0,5120000,0.25,0.584479
8192,48742,378,0,5120000,0.25,0.627693
8192,48742,379,0,5120000,0.25,0.720751
8192,48742,380,0,5120000,0.25,0.28489
8192,48742,381,0,5120000,0.25,0.487286
8192,48742,382,0,5120000,0.25,0.417192
8192,48742,383,0,5120000,0.25,0.494035
8192,48742,384,0,5120000,0.25,0.330577
8192,48742,385,0,5120000,0.25,0.532096
8192,48742,386,0,5120000,0.25,0.776109
8192,48742,387,0,5120000,0.25,0.392546
8192,48742,388,0,5120000,0.25,0.339223
8192,48742,389,0,5120000,0.25,0.823191
8192,48742,390,0,5120000,0.25,0.437257
8192,48742,391,0,5120000,0.25,0.523226
8192,48742,392,0,5120000,0.25,0.6249
8192,48742,393,0,5120000,0.25,0.480223
8192,48742,394,0,5120000,0.25,0.283658
8192,48742,395,0,5120000,0.25,0.355574
8192,48742,396,0,5120000,0.25,0.375464
8192,48742,397,0,5120000,0.25,0.479395
8192,48742,398,0,5120000,0.25,0.455368
8192,48742,399,0,5120000,0.25,0.560729
8192,48742,400,0,5120000,0.25,0.731083
8192,50381,1,0,5120000,0.25,1.17363
8192,50381,2,0,5120000,0.25,1.57451
8192,50381,3,0,5120000,0.25,2.41518
8192,50381,4,0,5120000,0.25,0.904932
8192,50381,5,0,5120000,0.25,1.72266
8192,50381,6,0,5120000,0.25,1.34392
8192,50381,7,0,5120000,0.25,1.49035
8192,50381,8,0,5120000,0.25,1.12591
8192,50381,9,0,5120000,0.25,1.32621
8192,50381,10,0,5120000,0.25,1.82952
8192,50381,11,0,5120000,0.25,2.27723
8192,50381,12,0,5120000,0.25,1.16889
8192,50381,13,0,5120000,0.25,1.55445
8192,50381,14,0,5120000,0.25,1.19941
8192,50381,15,0,5120000,0.25,1.445
8192,50381,16,0,5120000,0.25,1.01349
8192,50381,17,0,5120000,0.25,1.5855
8192,50381,18,0,5120000,0.25,1.30566
8192,50381,19,0,5120000,0.25,2.10312
8192,50381,20,0,5120000,0.25,3.19691
8192,50381,21,0,5120000,0.25,1.26162
8192,50381,22,0,5120000,0.25,1.66834
8192,50381,23,0,5120000,0.25,2.74231
8192,50381,24,0,5120000,0.25,2.65827
8192,50381,25,0,5120000,0.25,1.70566
8192,50381,26,0,5120000,0.25,1.83059
8192,50381,27,0,5120000,0.25,1.09353
8192,50381,28,0,5120000,0.25,1.22296
8192,50381,29,0,5120000,0.25,1.80625
8192,50381,30,0,5120000,0.25,2.01129
8192,50381,31,0,5120000,0.25,1.83669
8192,50381,32,0,5120000,0.25,1.97839
8192,50381,33,0,5120000,0.25,2.24773
8192,50381,34,0,5120000,0.25,1.09362
8192,50381,35,0,5120000,0.25,1.19765
8192,50381,36,0,5120000,0.25,2.18627
8192,50381,37,0,5120000,0.25,1.88769
8192,50381,38,0,5120000,0.25,2.16032
8192,50381,39,0,5120000,0.25,1.29145
8192,50381,40,0,5120000,0.25,1.55196
8192,50381,41,0,5120000,0.25,2.15532
8192,50381,42,0,5120000,0.25,1.12838
8192,50381,43,0,5120000,0.25,1.2427
8192,50381,44,0,5120000,0.25,1.69102
8192,50381,45,0,5120000,0.25,3.09166
8192,50381,46,0,5120000,0.25,1.47954
8192,50381,47,0,5120000,0.25,1.7106
8192,50381,48,0,5120000,0.25,1.07638
8192,50381,49,0,5120000,0.25,1.98229
8192,50381,50,0,5120000,0.25,1.62514
8192,50381,51,0,5120000,0.25,1.20774
8192,50381,52,0,5120000,0.25,1.41102
8192,50381,53,0,5120000,0.25,1.80205
8192,50381,54,0,5120000,0.25,1.2701
8192,50381,55,0,5120000,0.25,1.30925
8192,50381,56,0,5120000,0.25,1.4474
8192,50381,57,0,5120000,0.25,2.75919
8192,50381,58,0,5120000,0.25,1.32798
8192,50381,59,0,5120000,0.25,2.25002
8192,50381,60,0,5120000,0.25,2.08974
8192,50381,61,0,5120000,0.25,1.46037
8192,50381,62,0,5120000,0.25,1.30755
8192,50381,63,0,5120000,0.25,2.26211
8192,50381,64,0,5120000,0.25,1.42685
8192,50381,65,0,5120000,0.25,0.999756
8192,50381,66,0,5120000,0.25,1.57281
8192,50381,67,0,5120000,0.25,1.44421
8192,50381,68,0,5120000,0.25,1.35177
8192,50381,69,0,5120000,0.25,1.54547
8192,50381,70,0,5120000,0.25,1.676
8192,50381,71,0,5120000,0.25,2.03209
8192,50381,72,0,5120000,0.25,1.48364
8192,50381,73,0,5120000,0.25,1.32024
8192,50381,74,0,5120000,0.25,1.75114
8192,50381,75,0,5120000,0.25,2.33818
8192,50381,76,0,5120000,0.25,2.09688
8192,50381,77,0,5120000,0.25,2.88602
8192,50381,78,0,5120000,0.25,1.23202
8192,50381,79,0,5120000,0.25,2.44375
8192,50381,80,0,5120000,0.25,1.49559
8192,50381,81,0,5120000,0.25,1.79663
8192,50381,82,0,5120000,0.25,1.41069
8192,50381,83,0,5120000,0.25,1.72959
8192,50381,84,0,5120000,0.25,2.45862
8192,50381,85,0,5120000,0.25,1.37021
8192,50381,86,0,5120000,0.25,1.07524
8192,50381,87,0,5120000,0.25,3.23746
8192,50381,88,0,5120000,0.25,0.97779
8192,50381,89,0,5120000,0.25,1.50047
8192,50381,90,0,5120000,0.25,2.23184
8192,50381,91,0,5120000,0.25,1.8405
8192,50381,92,0,5120000,0.25,1.65971
8192,50381,93,0,5120000,0.25,2.0233
8192,50381,94,0,5120000,0.25,1.53929
8192,50381,95,0,5120000,0.25,1.65015
8192,50381,96,0,5120000,0.25,1.24747
8192,50381,97,0,5120000,0.25,1.91052
8192,50381,98,0,5120000,0.25,2.54095
8192,50381,99,0,5120000,0.25,1.70588
8192,50381,100,0,5120000,0.25,1.69027
8192,50381,101,0,5120000,0.25,1.87764
8192,50381,102,0,5120000,0.25,3.34615
8192,50381,103,0,5120000,0.25,1.62497
8192,50381,104,0,5120000,0.25,1.4614
8192,50381,105,0,5120000,0.25,0.863432
8192,50381,106,0,5120000,0.25,1.12022
8192,50381,107,0,5120000,0.25,1.78237
8192,50381,108,0,5120000,0.25,1.10342
8192,50381,109,0,5120000,0.25,0.939273
8192,50381,110,0,5120000,0.25,2.40479
8192,50381,111,0,5120000,0.25,1.67391
8192,50381,112,0,5120000,0.25,1.5411
8192,50381,113,0,5120000,0.25,1.59156
8192,50381,114,0,5120000,0.25,2.32465
8192,50381,115,0,5120000,0.25,1.94498
8192,50381,116,0,5120000,0.25,1.31945
8192,50381,117,0,5120000,0.25,1.44796
8192,50381,118,0,5120000,0.25,1.37514
8192,50381,119,0,5120000,0.25,1.87167
8192,50381,120,0,5120000,0.25,1.30996
8192,50381,121,0,5120000,0.25,1.65188
8192,50381,122,0,5120000,0.25,2.19178
8192,50381,123,0,5120000,0.25,1.54512
8192,50381,124,0,5120000,0.25,1.90917
8192,50381,125,0,5120000,0.25,1.51157
8192,50381,126,0,5120000,0.25,1.8845
8192,50381,127,0,5120000,0.25,1.24802
8192,50381,128,0,5120000,0.25,1.66538
8192,50381,129,0,5120000,0.25,1.61086
8192,50381,130,0,5120000,0.25,3.04503
8192,50381,131,0,5120000,0.25,2.07538
8192,50381,132,0,5120000,0.25,1.0485
8192,50381,133,0,5120000,0.25,1.4332
8192,50381,134,0,5120000,0.25,2.31574
8192,50381,135,0,5120000,0.25,1.37471
8192,50381,136,0,5120000,0.25,1.06509
8192,50381,137,0,5120000,0.25,1.35766
8192,50381,138,0,5120000,0.25,2.10985
8192,50381,139,0,5120000,0.25,1.38045
8192,50381,140,0,5120000,0.25,1.68285
8192,50381,141,0,5120000,0.25,1.49735
8192,50381,142,0,5120000,0.25,2.84059
8192,50381,143,0,5120000,0.25,1.56761
8192,50381,144,0,5120000,0.25,1.3734
8192,50381,145,0,5120000,0.25,0.906895
8192,50381,146,0,5120000,0.25,1.61386
8192,50381,147,0,5120000,0.25,1.27556
8192,50381,148,0,5120000,0.25,1.11215
8192,50381,149,0,5120000,0.25,2.21714
8192,50381,150,0,5120000,0.25,2.7415
8192,50381,151,0,5120000,0.25,0.997796
8192,50381,152,0,5120000,0.25,1.62456
8192,50381,153,0,5120000,0.25,1.20908
8192,50381,154,0,5120000,0.25,1.3372
8192,50381,155,0,5120000,0.25,1.6505
8192,50381,156,0,5120000,0.25,2.19251
8192,50381,157,0,5120000,0.25,1.06674
8192,50381,158,0,5120000,0.25,1.21053
8192,50381,159,0,5120000,0.25,1.33293
8192,50381,160,0,5120000,0.25,1.27719
8192,50381,161,0,5120000,0.25,1.39169
8192,50381,162,0,5120000,0.25,1.73708
8192,50381,163,0,5120000,0.25,1.28984
8192,50381,164,0,5120000,0.25,2.16804
8192,50381,165,0,5120000,0.25,1.15842
8192,50381,166,0,5120000,0.25,2.59855
8192,50381,167,0,5120000,0.25,1.64506
8192,50381,168,0,5120000,0.25,1.32612
8192,50381,169,0,5120000,0.25,1.70932
8192,50381,170,0,5120000,0.25,2.84237
8192,50381,171,0,5120000,0.25,1.67284
8192,50381,172,0,5120000,0.25,1.26024
8192,50381,173,0,5120000,0.25,1.31349
8192,50381,174,0,5120000,0.25,1.0365
8192,50381,175,0,5120000,0.25,1.4448
8192,50381,176,0,5120000,0.25,1.02609
8192,50381,177,0,5120000,0.25,1.8212
8192,50381,178,0,5120000,0.25,1.26233
8192,50381,179,0,5120000,0.25,1.47366
8192,50381,180,0,5120000,0.25,1.68264
8192,50381,181,0,5120000,0.25,1.46091
8192,50381,182,0,5120000,0.25,1.42688
8192,50381,183,0,5120000,0.25,1.87714
8192,50381,184,0,5120000,0.25,1.43631
8192,50381,185,0,5120000,0.25,2.08228
8192,50381,186,0,5120000,0.25,1.0561
8192,50381,187,0,5120000,0.25,1.80475
8192,50381,188,0,5120000,0.25,1.26972
8192,50381,189,0,5120000,0.25,1.28272
8192,50381,190,0,5120000,0.25,1.43165
8192,50381,191,0,5120000,0.25,1.62027
8192,50381,192,0,5120000,0.25,2.35347
8192,50381,193,0,5120000,0.25,1.82436
8192,50381,194,0,5120000,0.25,1.77929
8192,50381,195,0,5120000,0.25,1.6742
8192,50381,196,0,5120000,0.25,2.2661
8192,50381,197,0,5120000,0.25,1.63878
8192,50381,198,0,5120000,0.25,1.22264
8192,50381,199,0,5120000,0.25,1.40436
8192,50381,200,0,5120000,0.25,1.41357
8192,50381,201,0,5120000,0.25,2.15342
8192,50381,202,0,5120000,0.25,2.04881
8192,50381,203,0,5120000,0.25,1.18856
8192,50381,204,0,5120000,0.25,1.73003
8192,50381,205,0,5120000,0.25,1.66316
8192,50381,206,0,5120000,0.25,1.65605
8192,50381,207,0,5120000,0.25,1.20402
8192,50381,208,0,5120000,0.25,0.97704
8192,50381,209,0,5120000,0.25,3.33153
8192,50381,210,0,5120000,0.25,2.07528
8192,50381,211,0,5120000,0.25,1.96809
8192,50381,212,0,5120000,0.25,1.47171
8192,50381,213,0,5120000,0.25,2.06671
8192,50381,214,0,5120000,0.25,1.46068
8192,50381,215,0,5120000,0.25,2.03161
8192,50381,216,0,5120000,0.25,1.63849
8192,50381,217,0,5120000,0.25,2.58155
8192,50381,218,0,5120000,0.25,1.09569
8192,50381,219,0,5120000,0.25,1.11439
8192,50381,220,0,5120000,0.25,1.05538
8192,50381,221,0,5120000,0.25,1.01257
8192,50381,222,0,5120000,0.25,1.85493
8192,50381,223,0,5120000,0.25,2.29503
8192,50381,224,0,5120000,0.25,1.45772
8192,50381,225,0,5120000,0.25,1.44409
8192,50381,226,0,5120000,0.25,1.81948
8192,50381,227,0,5120000,0.25,1.86337
8192,50381,228,0,5120000,0.25,1.99991
8192,50381,229,0,5120000,0.25,1.1904
8192,50381,230,0,5120000,0.25,1.4036
8192,50381,231,0,5120000,0.25,1.53268
8192,50381,232,0,5120000,0.25,1.56833
8192,50381,233,0,5120000,0.25,0.952691
8192,50381,234,0,5120000,0.25,1.70429
8192,50381,235,0,5120000,0.25,2.15086
8192,50381,236,0,5120000,0.25,1.67074
8192,50381,237,0,5120000,0.25,1.94931
8192,50381,238,0,5120000,0.25,1.1008
8192,50381,239,0,5120000,0.25,1.76906
8192,50381,240,0,5120000,0.25,1.69734
8192,50381,241,0,5120000,0.25,1.31494
8192,50381,242,0,5120000,0.25,1.33209
8192,50381,243,0,5120000,0.25,1.30267
8192,50381,244,0,5120000,0.25,1.70382
8192,50381,245,0,5120000,0.25,1.88785
8192,50381,246,0,5120000,0.25,1.14437
8192,50381,247,0,5120000,0.25,1.47813
8192,50381,248,0,5120000,0.25,1.95854
8192,50381,249,0,5120000,0.25,0.856127
8192,50381,250,0,5120000,0.25,1.69687
8192,50381,251,0,5120000,0.25,1.40781
8192,50381,252,0,5120000,0.25,1.41225
8192,50381,253,0,5120000,0.25,1.44579
8192,50381,254,0,5120000,0.25,1.3371
8192,50381,255,0,5120000,0.25,1.8514
8192,50381,256,0,5120000,0.25,1.3442
8192,50381,257,0,5120000,0.25,1.00628
8192,50381,258,0,5120000,0.25,1.09593
8192,50381,259,0,5120000,0.25,2.17277
8192,50381,260,0,5120000,0.25,1.54272
8192,50381,261,0,5120000,0.25,1.92502
8192,50381,262,0,5120000,0.25,1.82976
8192,50381,263,0,5120000,0.25,3.00964
8192,50381,264,0,5120000,0.25,1.43681
8192,50381,265,0,5120000,0.25,1.50544
8192,50381,266,0,5120000,0.25,1.53567
8192,50381,267,0,5120000,0.25,2.32643
8192,50381,268,0,5120000,0.25,1.9786
8192,50381,269,0,5120000,0.25,2.38334
8192,50381,270,0,5120000,0.25,1.65369
8192,50381,271,0,5120000,0.25,2.29069
8192,50381,272,0,5120000,0.25,1.11121
8192,50381,273,0,5120000,0.25,1.86945
8192,50381,274,0,5120000,0.25,1.7993
8192,50381,275,0,5120000,0.25,2.71945
8192,50381,276,0,5120000,0.25,1.77393
8192,50381,277,0,5120000,0.25,1.73016
8192,50381,278,0,5120000,0.25,2.42191
8192,50381,279,0,5120000,0.25,1.19158
8192,50381,280,0,5120000,0.25,1.68635
8192,50381,281,0,5120000,0.25,1.69544
8192,50381,282,0,5120000,0.25,1.26672
8192,50381,283,0,5120000,0.25,1.50274
8192,50381,284,0,5120000,0.25,1.81225
8192,50381,285,0,5120000,0.25,1.3628
8192,50381,286,0,5120000,0.25,1.12348
8192,50381,287,0,5120000,0.25,1.36154
8192,50381,288,0,5120000,0.25,1.62452
8192,50381,289,0,5120000,0.25,1.60773
8192,50381,290,0,5120000,0.25,1.3142
8192,50381,291,0,5120000,0.25,1.86469
8192,50381,292,0,5120000,0.25,1.54912
8192,50381,293,0,5120000,0.25,1.32141
8192,50381,294,0,5120000,0.25,2.14898
8192,50381,295,0,5120000,0.25,2.2234
8192,50381,296,0,5120000,0.25,1.04792
8192,50381,297,0,5120000,0.25,2.09913
8192,50381,298,0,5120000,0.25,1.19579
8192,50381,299,0,5120000,0.25,1.74863
8192,50381,300,0,5120000,0.25,1.86843
8192,50381,301,0,5120000,0.25,1.70528
8192,50381,302,0,5120000,0.25,1.95636
8192,50381,303,0,5120000,0.25,1.95086
8192,50381,304,0,5120000,0.25,1.39631
8192,50381,305,0,5120000,0.25,1.69378
8192,50381,306,0,5120000,0.25,1.61268
8192,50381,307,0,5120000,0.25,1.44773
8192,50381,308,0,5120000,0.25,0.934322
8192,50381,309,0,5120000,0.25,2.04777
8192,50381,310,0,5120000,0.25,2.88166
8192,50381,311,0,5120000,0.25,2.47165
8192,50381,312,0,5120000,0.25,1.64089
8192,50381,313,0,5120000,0.25,2.22625
8192,50381,314,0,5120000,0.25,1.36339
8192,50381,315,0,5120000,0.25,2.53619
8192,50381,316,0,5120000,0.25,1.18725
8192,50381,317,0,5120000,0.25,1.29251
8192,50381,318,0,5120000,0.25,2.81673
8192,50381,319,0,5120000,0.25,1.55001
8192,50381,320,0,5120000,0.25,1.30252
8192,50381,321,0,5120000,0.25,1.74324
8192,50381,322,0,5120000,0.25,1.22446
8192,50381,323,0,5120000,0.25,2.16927
8192,50381,324,0,5120000,0.25,1.5048
8192,50381,325,0,5120000,0.25,1.57725
8192,50381,326,0,5120000,0.25,1.32679
8192,50381,327,0,5120000,0.25,1.53567
8192,50381,328,0,5120000,0.25,1.52469
8192,50381,329,0,5120000,0.25,1.00408
8192,50381,330,0,5120000,0.25,1.34587
8192,50381,331,0,5120000,0.25,1.29218
8192,50381,332,0,5120000,0.25,1.1922
8192,50381,333,0,5120000,0.25,0.930518
8192,50381,334,0,5120000,0.25,2.31223
8192,50381,335,0,5120000,0.25,1.37613
8192,50381,336,0,5120000,0.25,1.25808
8192,50381,337,0,5120000,0.25,0.992243
8192,50381,338,0,5120000,0.25,1.39186
8192,50381,339,0,5120000,0.25,2.38186
8192,50381,340,0,5120000,0.25,1.81298
8192,50381,341,0,5120000,0.25,3.38943
8192,50381,342,0,5120000,0.25,1.65892
8192,50381,343,0,5120000,0.25,0.996267
8192,50381,344,0,5120000,0.25,3.28972
8192,50381,345,0,5120000,0.25,1.35218
8192,50381,346,0,5120000,0.25,1.16513
8192,50381,347,0,5120000,0.25,1.9687
8192,50381,348,0,5120000,0.25,1.76196
8192,50381,349,0,5120000,0.25,1.38488
8192,50381,350,0,5120000,0.25,1.54068
8192,50381,351,0,5120000,0.25,2.03092
8192,50381,352,0,5120000,0.25,1.55242
8192,50381,353,0,5120000,0.25,1.40823
8192,50381,354,0,5120000,0.25,1.20876
8192,50381,355,0,5120000,0.25,2.90601
8192,50381,356,0,5120000,0.25,1.90244
8192,50381,357,0,5120000,0.25,1.28799
8192,50381,358,0,5120000,0.25,1.66039
8192,50381,359,0,5120000,0.25,1.12716
8192,50381,360,0,5120000,0.25,1.99181
8192,50381,361,0,5120000,0.25,1.24179
8192,50381,362,0,5120000,0.25,0.882867
8192,50381,363,0,5120000,0.25,2.47868
8192,50381,364,0,5120000,0.25,1.55031
8192,50381,365,0,5120000,0.25,1.17126
8192,50381,366,0,5120000,0.25,1.53046
8192,50381,367,0,5120000,0.25,2.03688
8192,50381,368,0,5120000,0.25,1.03883
8192,50381,369,0,5120000,0.25,1.69042
8192,50381,370,0,5120000,0.25,1.19423
8192,50381,371,0,5120000,0.25,1.34632
8192,50381,372,0,5120000,0.25,1.28918
8192,50381,373,0,5120000,0.25,1.03523
8192,50381,374,0,5120000,0.25,1.93948
8192,50381,375,0,5120000,0.25,1.24214
8192,50381,376,0,5120000,0.25,1.34798
8192,50381,377,0,5120000,0.25,2.19643
8192,50381,378,0,5120000,0.25,1.31334
8192,50381,379,0,5120000,0.25,1.44446
8192,50381,380,0,5120000,0.25,1.99813
8192,50381,381,0,5120000,0.25,1.51273
8192,50381,382,0,5120000,0.25,1.78449
8192,50381,383,0,5120000,0.25,1.0746
8192,50381,384,0,5120000,0.25,1.40642
8192,50381,385,0,5120000,0.25,1.51183
8192,50381,386,0,5120000,0.25,1.64134
8192,50381,387,0,5120000,0.25,2.06481
8192,50381,388,0,5120000,0.25,2.13902
8192,50381,389,0,5120000,0.25,1.78375
8192,50381,390,0,5120000,0.25,1.36755
8192,50381,391,0,5120000,0.25,2.45171
8192,50381,392,0,5120000,0.25,1.3353
8192,50381,393,0,5120000,0.25,1.35137
8192,50381,394,0,5120000,0.25,1.56695
8192,50381,395,0,5120000,0.25,2.02706
8192,50381,396,0,5120000,0.25,1.8849
8192,50381,397,0,5120000,0.25,1.13988
8192,50381,398,0,5120000,0.25,2.01689
8192,50381,399,0,5120000,0.25,1.59278
8192,50381,400,0,5120000,0.25,1.21592
8192,52019,1,0,5120000,0.25,13.3638
8192,52019,2,0,5120000,0.25,6.84095
8192,52019,3,0,5120000,0.25,9.44151
8192,52019,4,0,5120000,0.25,8.11996
8192,52019,5,0,5120000,0.25,12.6109
8192,52019,6,0,5120000,0.25,5.19041
8192,52019,7,0,5120000,0.25,11.6598
8192,52019,8,0,5120000,0.25,8.6745
8192,52019,9,0,5120000,0.25,9.82054
8192,52019,10,0,5120000,0.25,27.5862
8192,52019,11,0,5120000,0.25,6.59066
8192,52019,12,0,5120000,0.25,6.02927
8192,52019,13,0,5120000,0.25,6.50129
8192,52019,14,0,5120000,0.25,8.28402
8192,52019,15,0,5120000,0.25,13.2717
8192,52019,16,0,5120000,0.25,9.3237
8192,52019,17,0,5120000,0.25,8.85983
8192,52019,18,0,5120000,0.25,17.7447
8192,52019,19,0,5120000,0.25,17.4831
8192,52019,20,0,5120000,0.25,12.9643
8192,52019,21,0,5120000,0.25,6.90015
8192,52019,22,0,5120000,0.25,13.9786
8192,52019,23,0,5120000,0.25,9.40416
8192,52019,24,0,5120000,0.25,13.1363
8192,52019,25,0,5120000,0.25,4.60794
8192,52019,26,0,5120000,0.25,9.78162
8192,52019,27,0,5120000,0.25,8.31362
8192,52019,28,0,5120000,0.25,15.7853
8192,52019,29,0,5120000,0.25,6.62889
8192,52019,30,0,5120000,0.25,7.63656
8192,52019,31,0,5120000,0.25,6.265
8192,52019,32,0,5120000,0.25,13.7902
8192,52019,33,0,5120000,0.25,11.5176
8192,52019,34,0,5120000,0.25,10.8118
8192,52019,35,0,5120000,0.25,12.3464
8192,52019,36,0,5120000,0.25,7.5335
8192,52019,37,0,5120000,0.25,12.085
8192,52019,38,0,5120000,0.25,6.41145
8192,52019,39,0,5120000,0.25,16.0068
8192,52019,40,0,5120000,0.25,12.4723
8192,52019,41,0,5120000,0.25,8.08309
8192,52019,42,0,5120000,0.25,7.29347
8192,52019,43,0,5120000,0.25,14.6667
8192,52019,44,0,5120000,0.25,9.20056
8192,52019,45,0,5120000,0.25,26.1464
8192,52019,46,0,5120000,0.25,6.98396
8192,52019,47,0,5120000,0.25,13.9862
8192,52019,48,0,5120000,0.25,14.0558
8192,52019,49,0,5120000,0.25,8.51282
8192,52019,50,0,5120000,0.25,9.88789
8192,52019,51,0,5120000,0.25,8.34827
8192,52019,52,0,5120000,0.25,12.773
8192,52019,53,0,5120000,0.25,9.09994
8192,52019,54,0,5120000,0.25,10.6639
8192,52019,55,0,5120000,0.25,7.4554
8192,52019,56,0,5120000,0.25,7.8733
8192,52019,57,0,5120000,0.25,9.73201
8192,52019,58,0,5120000,0.25,13.3398
8192,52019,59,0,5120000,0.25,13.935
8192,52019,60,0,5120000,0.25,16.9522
8192,52019,61,0,5120000,0.25,7.66536
8192,52019,62,0,5120000,0.25,11.1292
8192,52019,63,0,5120000,0.25,8.12065
8192,52019,64,0,5120000,0.25,14.2028
8192,52019,65,0,5120000,0.25,7.86073
8192,52019,66,0,5120000,0.25,6.81962
8192,52019,67,0,5120000,0.25,6.07983
8192,52019,68,0,5120000,0.25,5.29816
8192,52019,69,0,5120000,0.25,23.0491
8192,52019,70,0,5120000,0.25,12.7108
8192,52019,71,0,5120000,0.25,8.96981
8192,52019,72,0,5120000,0.25,6.35841
8192,52019,73,0,5120000,0.25,12.0907
8192,52019,74,0,5120000,0.25,13.8809
8192,52019,75,0,5120000,0.25,10.9814
8192,52019,76,0,5120000,0.25,15.5107
8192,52019,77,0,5120000,0.25,7.99402
8192,52019,78,0,5120000,0.25,13.206
8192,52019,79,0,5120000,0.25,2.97534
8192,52019,80,0,5120000,0.25,4.76676
8192,52019,81,0,5120000,0.25,14.6535
8192,52019,82,0,5120000,0.25,9.95833
8192,52019,83,0,5120000,0.25,6.0989
8192,52019,84,0,5120000,0.25,16.9626
8192,52019,85,0,5120000,0.25,10.5906
8192,52019,86,0,5120000,0.25,8.49828
8192,52019,87,0,5120000,0.25,5.96038
8192,52019,88,0,5120000,0.25,16.5807
8192,52019,89,0,5120000,0.25,4.20887
8192,52019,90,0,5120000,0.25,5.39831
8192,52019,91,0,5120000,0.25,16.979
8192,52019,92,0,5120000,0.25,7.29034
8192,52019,93,0,5120000,0.25,9.45226
8192,52019,94,0,5120000,0.25,9.1596
8192,52019,95,0,5120000,0.25,4.91149
8192,52019,96,0,5120000,0.25,14.2314
8192,52019,97,0,5120000,0.25,13.8406
8192,52019,98,0,5120000,0.25,7.34662
8192,52019,99,0,5120000,0.25,18.405
8192,52019,100,0,5120000,0.25,28.4213
8192,52019,101,0,5120000,0.25,8.80406
8192,52019,102,0,5120000,0.25,8.18222
8192,52019,103,0,5120000,0.25,6.74629
8192,52019,104,0,5120000,0.25,8.03248
8192,52019,105,0,5120000,0.25,7.42051
8192,52019,106,0,5120000,0.25,8.3489
8192,52019,107,0,5120000,0.25,5.96186
8192,52019,108,0,5120000,0.25,8.4816
8192,52019,109,0,5120000,0.25,10.6708
8192,52019,110,0,5120000,0.25,12.2375
8192,52019,111,0,5120000,0.25,12.8673
8192,52019,112,0,5120000,0.25,20.0695
8192,52019,113,0,5120000,0.25,5.92379
8192,52019,114,0,5120000,0.25,19.1152
8192,52019,115,0,5120000,0.25,15.2351
8192,52019,116,0,5120000,0.25,14.0024
8192,52019,117,0,5120000,0.25,6.75528
8192,52019,118,0,5120000,0.25,11.5748
8192,52019,119,0,5120000,0.25,7.45805
8192,52019,120,0,5120000,0.25,6.87693
8192,52019,121,0,5120000,0.25,10.4729
8192,52019,122,0,5120000,0.25,19.0498
8192,52019,123,0,5120000,0.25,5.21371
8192,52019,124,0,5120000,0.25,13.913
8192,52019,125,0,5120000,0.25,8.64382
8192,52019,126,0,5120000,0.25,17.0126
8192,52019,127,0,5120000,0.25,8.05659
8192,52019,128,0,5120000,0.25,13.0333
8192,52019,129,0,5120000,0.25,7.13778
8192,52019,130,0,5120000,0.25,12.3726
8192,52019,131,0,5120000,0.25,11.1533
8192,52019,132,0,5120000,0.25,7.01642
8192,52019,133,0,5120000,0.25,4.23605
8192,52019,134,0,5120000,0.25,18.1828
8192,52019,135,0,5120000,0.25,9.78017
8192,52019,136,0,5120000,0.25,17.0665
8192,52019,137,0,5120000,0.25,28.5165
8192,52019,138,0,5120000,0.25,16.5599
8192,52019,139,0,5120000,0.25,12.1533
8192,52019,140,0,5120000,0.25,5.64475
8192,52019,141,0,5120000,0.25,7.3479
8192,52019,142,0,5120000,0.25,5.80842
8192,52019,143,0,5120000,0.25,11.5394
8192,52019,144,0,5120000,0.25,12.3117
8192,52019,145,0,5120000,0.25,8.22099
8192,52019,146,0,5120000,0.25,20.5353
8192,52019,147,0,5120000,0.25,7.5174
8192,52019,148,0,5120000,0.25,6.10464
8192,52019,149,0,5120000,0.25,11.4746
8192,52019,150,0,5120000,0.25,11.2691
8192,52019,151,0,5120000,0.25,7.35589
8192,52019,152,0,5120000,0.25,7.15231
8192,52019,153,0,5120000,0.25,3.89934
8192,52019,154,0,5120000,0.25,13.4252
8192,52019,155,0,5120000,0.25,8.8065
8192,52019,156,0,5120000,0.25,9.17741
8192,52019,157,0,5120000,0.25,10.3777
8192,52019,158,0,5120000,0.25,16.3709
8192,52019,159,0,5120000,0.25,6.74619
8192,52019,160,0,5120000,0.25,11.5376
8192,52019,161,0,5120000,0.25,11.6686
8192,52019,162,0,5120000,0.25,8.38747
8192,52019,163,0,5120000,0.25,7.27151
8192,52019,164,0,5120000,0.25,5.69979
8192,52019,165,0,5120000,0.25,12.7917
8192,52019,166,0,5120000,0.25,6.77172
8192,52019,167,0,5120000,0.25,11.5076
8192,52019,168,0,5120000,0.25,7.55403
8192,52019,169,0,5120000,0.25,10.2928
8192,52019,170,0,5120000,0.25,15.7449
8192,52019,171,0,5120000,0.25,11.9063
8192,52019,172,0,5120000,0.25,17.0813
8192,52019,173,0,5120000,0.25,3.87639
8192,52019,174,0,5120000,0.25,5.6285
8192,52019,175,0,5120000,0.25,7.43208
8192,52019,176,0,5120000,0.25,15.9084
8192,52019,177,0,5120000,0.25,6.00728
8192,52019,178,0,5120000,0.25,5.33132
8192,52019,179,0,5120000,0.25,7.0267
8192,52019,180,0,5120000,0.25,9.56893
8192,52019,181,0,5120000,0.25,10.2169
8192,52019,182,0,5120000,0.25,7.81354
8192,52019,183,0,5120000,0.25,7.65413
8192,52019,184,0,5120000,0.25,15.4098
8192,52019,185,0,5120000,0.25,6.49573
8192,52019,186,0,5120000,0.25,8.12336
8192,52019,187,0,5120000,0.25,12.2214
8192,52019,188,0,5120000,0.25,5.56963
8192,52019,189,0,5120000,0.25,16.5098
8192,52019,190,0,5120000,0.25,25.428
8192,52019,191,0,5120000,0.25,12.0652
8192,52019,192,0,5120000,0.25,4.62716
8192,52019,193,0,5120000,0.25,8.30438
8192,52019,194,0,5120000,0.25,11.0313
8192,52019,195,0,5120000,0.25,6.81248
8192,52019,196,0,5120000,0.25,13.0924
8192,52019,197,0,5120000,0.25,11.2177
8192,52019,198,0,5120000,0.25,11.6218
8192,52019,199,0,5120000,0.25,10.6943
8192,52019,200,0,5120000,0.25,11.5247
8192,52019,201,0,5120000,0.25,10.2585
8192,52019,202,0,5120000,0.25,8.44777
8192,52019,203,0,5120000,0.25,9.99488
8192,52019,204,0,5120000,0.25,7.70611
8192,52019,205,0,5120000,0.25,7.87511
8192,52019,206,0,5120000,0.25,6.4428
8192,52019,207,0,5120000,0.25,7.07149
8192,52019,208,0,5120000,0.25,7.78997
8192,52019,209,0,5120000,0.25,9.40584
8192,52019,210,0,5120000,0.25,8.97557
8192,52019,211,0,5120000,0.25,6.34752
8192,52019,212,0,5120000,0.25,7.16709
8192,52019,213,0,5120000,0.25,4.99903
8192,52019,214,0,5120000,0.25,8.7864
8192,52019,215,0,5120000,0.25,16.1324
8192,52019,216,0,5120000,0.25,5.53375
8192,52019,217,0,5120000,0.25,15.5364
8192,52019,218,0,5120000,0.25,6.79201
8192,52019,219,0,5120000,0.25,14.9576
8192,52019,220,0,5120000,0.25,10.7244
8192,52019,221,0,5120000,0.25,5.94282
8192,52019,222,0,5120000,0.25,3.80455
8192,52019,223,0,5120000,0.25,18.3106
8192,52019,224,0,5120000,0.25,6.15963
8192,52019,225,0,5120000,0.25,5.28839
8192,52019,226,0,5120000,0.25,3.53805
8192,52019,227,0,5120000,0.25,5.36044
8192,52019,228,0,5120000,0.25,15.0371
8192,52019,229,0,5120000,0.25,12.0795
8192,52019,230,0,5120000,0.25,6.29207
8192,52019,231,0,5120000,0.25,3.63938
8192,52019,232,0,5120000,0.25,25.3342
8192,52019,233,0,5120000,0.25,12.603
8192,52019,234,0,5120000,0.25,12.7135
8192,52019,235,0,5120000,0.25,15.1103
8192,52019,236,0,5120000,0.25,3.55894
8192,52019,237,0,5120000,0.25,9.89045
8192,52019,238,0,5120000,0.25,11.7674
8192,52019,239,0,5120000,0.25,7.25662
8192,52019,240,0,5120000,0.25,7.70177
8192,52019,241,0,5120000,0.25,5.49512
8192,52019,242,0,5120000,0.25,5.80377
8192,52019,243,0,5120000,0.25,4.25548
8192,52019,244,0,5120000,0.25,11.1528
8192,52019,245,0,5120000,0.25,16.825
8192,52019,246,0,5120000,0.25,14.6314
8192,52019,247,0,5120000,0.25,9.85629
8192,52019,248,0,5120000,0.25,9.16901
8192,52019,249,0,5120000,0.25,9.64241
8192,52019,250,0,5120000,0.25,11.119
8192,52019,251,0,5120000,0.25,7.06212
8192,52019,252,0,5120000,0.25,5.92878
8192,52019,253,0,5120000,0.25,7.0896
8192,52019,254,0,5120000,0.25,12.7564
8192,52019,255,0,5120000,0.25,14.0925
8192,52019,256,0,5120000,0.25,29.3283
8192,52019,257,0,5120000,0.25,10.2421
8192,52019,258,0,5120000,0.25,8.76745
8192,52019,259,0,5120000,0.25,7.75801
8192,52019,260,0,5120000,0.25,6.79321
8192,52019,261,0,5120000,0.25,13.2378
8192,52019,262,0,5120000,0.25,12.6395
8192,52019,263,0,5120000,0.25,4.64818
8192,52019,264,0,5120000,0.25,6.52614
8192,52019,265,0,5120000,0.25,6.37499
8192,52019,266,0,5120000,0.25,7.34003
8192,52019,267,0,5120000,0.25,5.52539
8192,52019,268,0,5120000,0.25,5.38412
8192,52019,269,0,5120000,0.25,20.2992
8192,52019,270,0,5120000,0.25,19.6393
8192,52019,271,0,5120000,0.25,8.16412
8192,52019,272,0,5120000,0.25,9.28179
8192,52019,273,0,5120000,0.25,8.93778
8192,52019,274,0,5120000,0.25,13.0291
8192,52019,275,0,5120000,0.25,7.99139
8192,52019,276,0,5120000,0.25,13.5491
8192,52019,277,0,5120000,0.25,8.32078
8192,52019,278,0,5120000,0.25,7.98973
8192,52019,279,0,5120000,0.25,11.7029
8192,52019,280,0,5120000,0.25,13.545
8192,52019,281,0,5120000,0.25,9.45242
8192,52019,282,0,5120000,0.25,7.02979
8192,52019,283,0,5120000,0.25,7.46965
8192,52019,284,0,5120000,0.25,5.33036
8192,52019,285,0,5120000,0.25,12.2842
8192,52019,286,0,5120000,0.25,7.7316
8192,52019,287,0,5120000,0.25,7.9973
8192,52019,288,0,5120000,0.25,6.49181
8192,52019,289,0,5120000,0.25,14.6254
8192,52019,290,0,5120000,0.25,8.49602
8192,52019,291,0,5120000,0.25,9.69225
8192,52019,292,0,5120000,0.25,8.57059
8192,52019,293,0,5120000,0.25,22.6564
8192,52019,294,0,5120000,0.25,6.74629
8192,52019,295,0,5120000,0.25,6.44108
8192,52019,296,0,5120000,0.25,21.5571
8192,52019,297,0,5120000,0.25,14.0232
8192,52019,298,0,5120000,0.25,17.432
8192,52019,299,0,5120000,0.25,5.9998
8192,52019,300,0,5120000,0.25,18.0905
8192,52019,301,0,5120000,0.25,5.80437
8192,52019,302,0,5120000,0.25,18.7182
8192,52019,303,0,5120000,0.25,5.01513
8192,52019,304,0,5120000,0.25,22.4806
8192,52019,305,0,5120000,0.25,11.3223
8192,52019,306,0,5120000,0.25,13.948
8192,52019,307,0,5120000,0.25,8.13177
8192,52019,308,0,5120000,0.25,19.6528
8192,52019,309,0,5120000,0.25,10.1333
8192,52019,310,0,5120000,0.25,5.64881
8192,52019,311,0,5120000,0.25,9.48638
8192,52019,312,0,5120000,0.25,6.3879
8192,52019,313,0,5120000,0.25,4.43518
8192,52019,314,0,5120000,0.25,7.60764
8192,52019,315,0,5120000,0.25,11.5888
8192,52019,316,0,5120000,0.25,6.01685
8192,52019,317,0,5120000,0.25,11.7806
8192,52019,318,0,5120000,0.25,10.6668
8192,52019,319,0,5120000,0.25,11.3602
8192,52019,320,0,5120000,0.25,13.4949
8192,52019,321,0,5120000,0.25,10.9974
8192,52019,322,0,5120000,0.25,7.29353
8192,52019,323,0,5120000,0.25,6.82372
8192,52019,324,0,5120000,0.25,8.86615
8192,52019,325,0,5120000,0.25,10.7788
8192,52019,326,0,5120000,0.25,11.8933
8192,52019,327,0,5120000,0.25,6.67058
8192,52019,328,0,5120000,0.25,8.2256
8192,52019,329,0,5120000,0.25,21.6754
8192,52019,330,0,5120000,0.25,3.45991
8192,52019,331,0,5120000,0.25,10.5941
8192,52019,332,0,5120000,0.25,7.41678
8192,52019,333,0,5120000,0.25,8.34546
8192,52019,334,0,5120000,0.25,19.4346
8192,52019,335,0,5120000,0.25,22.5269
8192,52019,336,0,5120000,0.25,10.8287
8192,52019,337,0,5120000,0.25,6.05229
8192,52019,338,0,5120000,0.25,6.60802
8192,52019,339,0,5120000,0.25,7.06902
8192,52019,340,0,5120000,0.25,18.1208
8192,52019,341,0,5120000,0.25,5.93797
8192,52019,342,0,5120000,0.25,9.65105
8192,52019,343,0,5120000,0.25,10.8378
8192,52019,344,0,5120000,0.25,8.15458
8192,52019,345,0,5120000,0.25,28.5138
8192,52019,346,0,5120000,0.25,9.27144
8192,52019,347,0,5120000,0.25,18.8342
8192,52019,348,0,5120000,0.25,15.1213
8192,52019,349,0,5120000,0.25,5.58181
8192,52019,350,0,5120000,0.25,13.7807
8192,52019,351,0,5120000,0.25,17.4506
8192,52019,352,0,5120000,0.25,7.29846
8192,52019,353,0,5120000,0.25,10.867
8192,52019,354,0,5120000,0.25,7.65702
8192,52019,355,0,5120000,0.25,11.988
8192,52019,356,0,5120000,0.25,8.87398
8192,52019,357,0,5120000,0.25,6.4901
8192,52019,358,0,5120000,0.25,7.8591
8192,52019,359,0,5120000,0.25,5.56202
8192,52019,360,0,5120000,0.25,12.8327
8192,52019,361,0,5120000,0.25,11.0162
8192,52019,362,0,5120000,0.25,9.44129
8192,52019,363,0,5120000,0.25,20.8629
8192,52019,364,0,5120000,0.25,10.3438
8192,52019,365,0,5120000,0.25,6.71697
8192,52019,366,0,5120000,0.25,11.4704
8192,52019,367,0,5120000,0.25,7.30382
8192,52019,368,0,5120000,0.25,7.35112
8192,52019,369,0,5120000,0.25,11.1139
8192,52019,370,0,5120000,0.25,11.3839
8192,52019,371,0,5120000,0.25,17.0845
8192,52019,372,0,5120000,0.25,8.27756
8192,52019,373,0,5120000,0.25,6.55865
8192,52019,374,0,5120000,0.25,8.59202
8192,52019,375,0,5120000,0.25,10.0972
8192,52019,376,0,5120000,0.25,9.276
8192,52019,377,0,5120000,0.25,8.08521
8192,52019,378,0,5120000,0.25,11.5462
8192,52019,379,0,5120000,0.25,10.2722
8192,52019,380,0,5120000,0.25,12.2873
8192,52019,381,0,5120000,0.25,13.8932
8192,52019,382,0,5120000,0.25,9.81277
8192,52019,383,0,5120000,0.25,6.66147
8192,52019,384,0,5120000,0.25,12.0058
8192,52019,385,0,5120000,0.25,9.85338
8192,52019,386,0,5120000,0.25,11.4819
8192,52019,387,0,5120000,0.25,7.75488
8192,52019,388,0,5120000,0.25,7.5028
8192,52019,389,0,5120000,0.25,8.27515
8192,52019,390,0,5120000,0.25,6.46369
8192,52019,391,0,5120000,0.25,5.34901
8192,52019,392,0,5120000,0.25,12.1431
8192,52019,393,0,5120000,0.25,5.83805
8192,52019,394,0,5120000,0.25,10.3778
8192,52019,395,0,5120000,0.25,12.4478
8192,52019,396,0,5120000,0.25,9.50563
8192,52019,397,0,5120000,0.25,5.75339
8192,52019,398,0,5120000,0.25,4.40416
8192,52019,399,0,5120000,0.25,9.0169
8192,52019,400,0,5120000,0.25,10.4985
8192,53658,1,0,5120000,0.25,3754.87
8192,53658,2,0,5120000,0.25,1927.18
8192,53658,3,0,5120000,0.25,1294.77
8192,53658,4,0,5120000,0.25,2398.66
8192,53658,5,0,5120000,0.25,5604.29
8192,53658,6,0,5120000,0.25,1196.36
8192,53658,7,0,5120000,0.25,1398.77
8192,53658,8,0,5120000,0.25,3230.25
8192,53658,9,0,5120000,0.25,389.084
8192,53658,10,0,5120000,0.25,568.086
8192,53658,11,0,5120000,0.25,706.702
8192,53658,12,0,5120000,0.25,1618.98
8192,53658,13,0,5120000,0.25,1237.21
8192,53658,14,0,5120000,0.25,1808.42
8192,53658,15,0,5120000,0.25,1771.92
8192,53658,16,0,5120000,0.25,363.577
8192,53658,17,0,5120000,0.25,4871.69
8192,53658,18,0,5120000,0.25,5105.48
8192,53658,19,0,5120000,0.25,4327.98
8192,53658,20,0,5120000,0.25,729.487
8192,53658,21,0,5120000,0.25,1915.02
8192,53658,22,0,5120000,0.25,2648.25
8192,53658,23,0,5120000,0.25,2309.91
8192,53658,24,0,5120000,0.25,637.05
8192,53658,25,0,5120000,0.25,205.217
8192,53658,26,0,5120000,0.25,2006.2
8192,53658,27,0,5120000,0.25,1361.19
8192,53658,28,0,5120000,0.25,131.032
8192,53658,29,0,5120000,0.25,588.59
8192,53658,30,0,5120000,0.25,334.827
8192,53658,31,0,5120000,0.25,918.341
8192,53658,32,0,5120000,0.25,2292.78
8192,53658,33,0,5120000,0.25,558.546
8192,53658,34,0,5120000,0.25,425.957
8192,53658,35,0,5120000,0.25,1317.74
8192,53658,36,0,5120000,0.25,182.087
8192,53658,37,0,5120000,0.25,1018.45
8192,53658,38,0,5120000,0.25,272.038
8192,53658,39,0,5120000,0.25,1149.21
8192,53658,40,0,5120000,0.25,2349.63
8192,53658,41,0,5120000,0.25,1009.46
8192,53658,42,0,5120000,0.25,5328.71
8192,53658,43,0,5120000,0.25,4009.58
8192,53658,44,0,5120000,0.25,2468.27
8192,53658,45,0,5120000,0.25,584.447
8192,53658,46,0,5120000,0.25,2617.16
8192,53658,47,0,5120000,0.25,321.004
8192,53658,48,0,5120000,0.25,1278.23
8192,53658,49,0,5120000,0.25,1432.76
8192,53658,50,0,5120000,0.25,2681.39
8192,53658,51,0,5120000,0.25,2630.54
8192,53658,52,0,5120000,0.25,3287.85
8192,53658,53,0,5120000,0.25,1651.86
8192,53658,54,0,5120000,0.25,541.69
8192,53658,55,0,5120000,0.25,2563.33
8192,53658,56,0,5120000,0.25,1365.02
8192,53658,57,0,5120000,0.25,374.192
8192,53658,58,0,5120000,0.25,1287.94
8192,53658,59,0,5120000,0.25,1256.37
8192,53658,60,1,5120000,0.25,6818.59
8192,53658,61,0,5120000,0.25,4106.76
8192,53658,62,0,5120000,0.25,784.247
8192,53658,63,0,5120000,0.25,852.511
8192,53658,64,0,5120000,0.25,796.908
8192,53658,65,0,5120000,0.25,1950.71
8192,53658,66,0,5120000,0.25,849.572
8192,53658,67,0,5120000,0.25,718.535
8192,53658,68,0,5120000,0.25,547.069
8192,53658,69,0,5120000,0.25,878.784
8192,53658,70,0,5120000,0.25,615.7
8192,53658,71,0,5120000,0.25,1389.17
8192,53658,72,0,5120000,0.25,5421.15
8192,53658,73,0,5120000,0.25,911.553
8192,53658,74,0,5120000,0.25,4996.31
8192,53658,75,0,5120000,0.25,871.18
8192,53658,76,0,5120000,0.25,3271.6
8192,53658,77,0,5120000,0.25,2238.53
8192,53658,78,0,5120000,0.25,2790.48
8192,53658,79,0,5120000,0.25,474.485
8192,53658,80,0,5120000,0.25,6065.96
8192,53658,81,0,5120000,0.25,1454.66
8192,53658,82,0,5120000,0.25,5504.1
8192,53658,83,0,5120000,0.25,1699.9
8192,53658,84,0,5120000,0.25,1112.8
8192,53658,85,0,5120000,0.25,722.43
8192,53658,86,0,5120000,0.25,1745.32
8192,53658,87,0,5120000,0.25,647.737
8192,53658,88,0,5120000,0.25,1017.43
8192,53658,89,0,5120000,0.25,2486.59
8192,53658,90,0,5120000,0.25,1534.99
8192,53658,91,0,5120000,0.25,1591.43
8192,53658,92,0,5120000,0.25,581.558
8192,53658,93,0,5120000,0.25,3125.78
8192,53658,94,0,5120000,0.25,1769.05
8192,53658,95,0,5120000,0.25,1365.25
8192,53658,96,0,5120000,0.25,414.748
8192,53658,97,0,5120000,0.25,2050.1
8192,53658,98,0,5120000,0.25,3329.2
8192,53658,99,0,5120000,0.25,192.094
8192,53658,100,0,5120000,0.25,115.229
8192,53658,101,0,5120000,0.25,1484.96
8192,53658,102,0,5120000,0.25,718.074
8192,53658,103,0,5120000,0.25,947.378
8192,53658,104,0,5120000,0.25,350.726
8192,53658,105,0,5120000,0.25,1078.37
8192,53658,106,0,5120000,0.25,1243.62
8192,53658,107,0,5120000,0.25,455.819
8192,53658,108,0,5120000,0.25,2418.14
8192,53658,109,0,5120000,0.25,995.31
8192,53658,110,0,5120000,0.25,1887.15
8192,53658,111,0,5120000,0.25,639.271
8192,53658,112,0,5120000,0.25,248.662
8192,53658,113,0,5120000,0.25,300.039
8192,53658,114,0,5120000,0.25,339.591
8192,53658,115,0,5120000,0.25,790.778
8192,53658,116,0,5120000,0.25,2224.54
8192,53658,117,0,5120000,0.25,2954.5
8192,53658,118,0,5120000,0.25,4233.75
8192,53658,119,0,5120000,0.25,778.425
8192,53658,120,0,5120000,0.25,1567.53
8192,53658,121,0,5120000,0.25,659.352
8192,53658,122,0,5120000,0.25,1161.16
8192,53658,123,0,5120000,0.25,760.668
8192,53658,124,0,5120000,0.25,3493.18
8192,53658,125,0,5120000,0.25,3759.58
8192,53658,126,0,5120000,0.25,353.476
8192,53658,127,0,5120000,0.25,2040.98
8192,53658,128,0,5120000,0.25,804.594
8192,53658,129,0,5120000,0.25,480.124
8192,53658,130,0,5120000,0.25,808.817
8192,53658,131,0,5120000,0.25,574.663
8192,53658,132,0,5120000,0.25,1209.51
8192,53658,133,0,5120000,0.25,1637.11
8192,53658,134,0,5120000,0.25,1218.18
8192,53658,135,0,5120000,0.25,519.119
8192,53658,136,0,5120000,0.25,4674.28
8192,53658,137,0,5120000,0.25,745.419
8192,53658,138,0,5120000,0.25,694.736
8192,53658,139,0,5120000,0.25,613.427
8192,53658,140,0,5120000,0.25,824.954
8192,53658,141,0,5120000,0.25,737.669
8192,53658,142,0,5120000,0.25,2301.77
8192,53658,143,0,5120000,0.25,1337.6
8192,53658,144,0,5120000,0.25,1881.29
8192,53658,145,0,5120000,0.25,4220.54
8192,53658,146,0,5120000,0.25,513.17
8192,53658,147,0,5120000,0.25,780.939
8192,53658,148,0,5120000,0.25,2250.46
8192,53658,149,0,5120000,0.25,1197.32
8192,53658,150,0,5120000,0.25,1564.24
8192,53658,151,0,5120000,0.25,2438.98
8192,53658,152,0,5120000,0.25,498.321
8192,53658,153,0,5120000,0.25,572.321
8192,53658,154,0,5120000,0.25,493.088
8192,53658,155,0,5120000,0.25,844.802
8192,53658,156,0,5120000,0.25,159.774
8192,53658,157,0,5120000,0.25,633.396
8192,53658,158,0,5120000,0.25,1698.64
8192,53658,159,0,5120000,0.25,2115.11
8192,53658,160,0,5120000,0.25,87.5889
8192,53658,161,0,5120000,0.25,789.78
8192,53658,162,0,5120000,0.25,3176.81
8192,53658,163,0,5120000,0.25,611.628
8192,53658,164,0,5120000,0.25,1450.66
8192,53658,165,0,5120000,0.25,631.379
8192,53658,166,0,5120000,0.25,890.322
8192,53658,167,0,5120000,0.25,93.4659
8192,53658,168,0,5120000,0.25,2838.16
8192,53658,169,0,5120000,0.25,4069.83
8192,53658,170,0,5120000,0.25,5417.67
8192,53658,171,0,5120000,0.25,427.018
8192,53658,172,0,5120000,0.25,3954.48
8192,53658,173,0,5120000,0.25,2541.93
8192,53658,174,0,5120000,0.25,1066.23
8192,53658,175,0,5120000,0.25,711.481
8192,53658,176,0,5120000,0.25,1498.21
8192,53658,177,0,5120000,0.25,4782.74
8192,53658,178,0,5120000,0.25,2371.92
8192,53658,179,0,5120000,0.25,1446.9
8192,53658,180,0,5120000,0.25,1036.51
8192,53658,181,0,5120000,0.25,1438.99
8192,53658,182,0,5120000,0.25,656.415
8192,53658,183,0,5120000,0.25,360.659
8192,53658,184,0,5120000,0.25,2071.54
8192,53658,185,0,5120000,0.25,187.374
8192,53658,186,0,5120000,0.25,5750.45
8192,53658,187,1,5120000,0.25,6906.15
8192,53658,188,0,5120000,0.25,780.167
8192,53658,189,0,5120000,0.25,348.099
8192,53658,190,0,5120000,0.25,2356.22
8192,53658,191,0,5120000,0.25,2121.95
8192,53658,192,0,5120000,0.25,5335.01
8192,53658,193,0,5120000,0.25,627.632
8192,53658,194,0,5120000,0.25,590.038
8192,53658,195,0,5120000,0.25,419.205
8192,53658,196,0,5120000,0.25,317.823
8192,53658,197,0,5120000,0.25,3723.37
8192,53658,198,0,5120000,0.25,1361.41
8192,53658,199,0,5120000,0.25,1854.57
8192,53658,200,0,5120000,0.25,803.208
8192,53658,201,0,5120000,0.25,251.876
8192,53658,202,0,5120000,0.25,323.341
8192,53658,203,0,5120000,0.25,283.65
8192,53658,204,0,5120000,0.25,1233.83
8192,53658,205,0,5120000,0.25,1949.86
8192,53658,206,1,5120000,0.25,6837.93
8192,53658,207,0,5120000,0.25,1593.13
8192,53658,208,0,5120000,0.25,2558.97
8192,53658,209,0,5120000,0.25,1025.22
8192,53658,210,0,5120000,0.25,1472.74
8192,53658,211,0,5120000,0.25,1410.71
8192,53658,212,1,5120000,0.25,6854.59
8192,53658,213,0,5120000,0.25,1712.27
8192,53658,214,0,5120000,0.25,270.511
8192,53658,215,0,5120000,0.25,3438.68
8192,53658,216,0,5120000,0.25,651.232
8192,53658,217,0,5120000,0.25,1376.28
8192,53658,218,0,5120000,0.25,1015.35
8192,53658,219,0,5120000,0.25,6695.09
8192,53658,220,0,5120000,0.25,998.564
8192,53658,221,0,5120000,0.25,581.109
8192,53658,222,0,5120000,0.25,2275.13
8192,53658,223,0,5120000,0.25,1994.71
8192,53658,224,0,5120000,0.25,1001.98
8192,53658,225,0,5120000,0.25,1148.08
8192,53658,226,0,5120000,0.25,1140.89
8192,53658,227,0,5120000,0.25,2188.29
8192,53658,228,0,5120000,0.25,525.643
8192,53658,229,0,5120000,0.25,138.947
8192,53658,230,0,5120000,0.25,1431.34
8192,53658,231,0,5120000,0.25,1848.21
8192,53658,232,0,5120000,0.25,140.605
8192,53658,233,0,5120000,0.25,1745.7
8192,53658,234,0,5120000,0.25,316.706
8192,53658,235,0,5120000,0.25,1010.86
8192,53658,236,0,5120000,0.25,2134.08
8192,53658,237,0,5120000,0.25,396.408
8192,53658,238,0,5120000,0.25,873.649
8192,53658,239,0,5120000,0.25,1338.66
8192,53658,240,0,5120000,0.25,1963.74
8192,53658,241,0,5120000,0.25,369.686
8192,53658,242,0,5120000,0.25,1410.7
8192,53658,243,0,5120000,0.25,1704.05
8192,53658,244,0,5120000,0.25,2609.84
8192,53658,245,0,5120000,0.25,3602.26
8192,53658,246,0,5120000,0.25,1382.1
8192,53658,247,0,5120000,0.25,897.717
8192,53658,248,0,5120000,0.25,3693.05
8192,53658,249,0,5120000,0.25,2785.18
8192,53658,250,0,5120000,0.25,416.887
8192,53658,251,0,5120000,0.25,2034.2
8192,53658,252,0,5120000,0.25,1064.55
8192,53658,253,0,5120000,0.25,1853.56
8192,53658,254,0,5120000,0.25,1105.85
8192,53658,255,0,5120000,0.25,403.477
8192,53658,256,0,5120000,0.25,2010.45
8192,53658,257,0,5120000,0.25,2232.56
8192,53658,258,0,5120000,0.25,1599.6
8192,53658,259,0,5120000,0.25,851.882
8192,53658,260,0,5120000,0.25,66.7386
8192,53658,261,0,5120000,0.25,1306.92
8192,53658,262,0,5120000,0.25,751.364
8192,53658,263,0,5120000,0.25,896.262
8192,53658,264,0,5120000,0.25,177.248
8192,53658,265,0,5120000,0.25,3023.01
8192,53658,266,0,5120000,0.25,528.337
8192,53658,267,0,5120000,0.25,199.957
8192,53658,268,0,5120000,0.25,3627.61
8192,53658,269,0,5120000,0.25,1806.06
8192,53658,270,0,5120000,0.25,1795.24
8192,53658,271,0,5120000,0.25,2603.25
8192,53658,272,0,5120000,0.25,1548.26
8192,53658,273,0,5120000,0.25,215.635
8192,53658,274,0,5120000,0.25,754.635
8192,53658,275,0,5120000,0.25,981.476
8192,53658,276,0,5120000,0.25,220.303
8192,53658,277,0,5120000,0.25,2502.27
8192,53658,278,0,5120000,0.25,2862.91
8192,53658,279,0,5120000,0.25,897.823
8192,53658,280,0,5120000,0.25,506.388
8192,53658,281,0,5120000,0.25,1602.95
8192,53658,282,0,5120000,0.25,1834.4
8192,53658,283,0,5120000,0.25,1165.93
8192,53658,284,0,5120000,0.25,683.691
8192,53658,285,0,5120000,0.25,2279.03
8192,53658,286,0,5120000,0.25,521.114
8192,53658,287,0,5120000,0.25,330.993
8192,53658,288,0,5120000,0.25,663.095
8192,53658,289,0,5120000,0.25,2239.3
8192,53658,290,0,5120000,0.25,1070.58
8192,53658,291,0,5120000,0.25,1305.45
8192,53658,292,0,5120000,0.25,534.556
8192,53658,293,0,5120000,0.25,2713.65
8192,53658,294,0,5120000,0.25,552.498
8192,53658,295,0,5120000,0.25,252.132
8192,53658,296,0,5120000,0.25,1114.84
8192,53658,297,0,5120000,0.25,1730.52
8192,53658,298,0,5120000,0.25,1370.38
8192,53658,299,0,5120000,0.25,1609.8
8192,53658,300,0,5120000,0.25,2360.98
8192,53658,301,0,5120000,0.25,1338.65
8192,53658,302,0,5120000,0.25,4381.49
8192,53658,303,0,5120000,0.25,672.468
8192,53658,304,0,5120000,0.25,913.944
8192,53658,305,0,5120000,0.25,649.961
8192,53658,306,0,5120000,0.25,891.646
8192,53658,307,0,5120000,0.25,1088.04
8192,53658,308,0,5120000,0.25,725.052
8192,53658,309,0,5120000,0.25,1577.51
8192,53658,310,0,5120000,0.25,867.504
8192,53658,311,0,5120000,0.25,1664.3
8192,53658,312,0,5120000,0.25,144.107
8192,53658,313,0,5120000,0.25,945.042
8192,53658,314,0,5120000,0.25,2082.29
8192,53658,315,0,5120000,0.25,232.517
8192,53658,316,0,5120000,0.25,1007.8
8192,53658,317,0,5120000,0.25,1650.56
8192,53658,318,0,5120000,0.25,529.633
8192,53658,319,0,5120000,0.25,4508.19
8192,53658,320,0,5120000,0.25,409.868
8192,53658,321,0,5120000,0.25,2560.96
8192,53658,322,0,5120000,0.25,517.621
8192,53658,323,0,5120000,0.25,1982.07
8192,53658,324,0,5120000,0.25,741.733
8192,53658,325,0,5120000,0.25,198.536
8192,53658,326,0,5120000,0.25,1495.47
8192,53658,327,0,5120000,0.25,2923.91
8192,53658,328,0,5120000,0.25,2387.81
8192,53658,329,0,5120000,0.25,985.874
8192,53658,330,0,5120000,0.25,450.397
8192,53658,331,0,5120000,0.25,591.912
8192,53658,332,0,5120000,0.25,802.648
8192,53658,333,0,5120000,0.25,359.232
8192,53658,334,0,5120000,0.25,247.643
8192,53658,335,0,5120000,0.25,2449.61
8192,53658,336,0,5120000,0.25,224.172
8192,53658,337,0,5120000,0.25,947.67
8192,53658,338,0,5120000,0.25,471.834
8192,53658,339,0,5120000,0.25,2528.11
8192,53658,340,0,5120000,0.25,1307.47
8192,53658,341,0,5120000,0.25,547.485
8192,53658,342,0,5120000,0.25,1621.94
8192,53658,343,0,5120000,0.25,2279.69
8192,53658,344,0,5120000,0.25,892.991
8192,53658,345,0,5120000,0.25,889.138
8192,53658,346,0,5120000,0.25,2364.1
8192,53658,347,0,5120000,0.25,2295.59
8192,53658,348,0,5120000,0.25,229.915
8192,53658,349,0,5120000,0.25,719.726
8192,53658,350,0,5120000,0.25,999.717
8192,53658,351,1,5120000,0.25,6848.72
8192,53658,352,0,5120000,0.25,752.353
8192,53658,353,0,5120000,0.25,1410.83
8192,53658,354,0,5120000,0.25,2845.8
8192,53658,355,0,5120000,0.25,385.73
8192,53658,356,0,5120000,0.25,4838.13
8192,53658,357,0,5120000,0.25,189.053
8192,53658,358,0,5120000,0.25,6339.65
8192,53658,359,0,5120000,0.25,3329.35
8192,53658,360,0,5120000,0.25,2423.13
8192,53658,361,1,5120000,0.25,6832.47
8192,53658,362,0,5120000,0.25,288.38
8192,53658,363,0,5120000,0.25,6771.74
8192,53658,364,0,5120000,0.25,969.808
8192,53658,365,0,5120000,0.25,2297.49
8192,53658,366,0,5120000,0.25,1080.39
8192,53658,367,0,5120000,0.25,1203.58
8192,53658,368,0,5120000,0.25,230.585
8192,53658,369,0,5120000,0.25,2811.05
8192,53658,370,0,5120000,0.25,2280.57
8192,53658,371,0,5120000,0.25,1016.94
8192,53658,372,0,5120000,0.25,1940.71
8192,53658,373,0,5120000,0.25,151.577
8192,53658,374,0,5120000,0.25,2508.86
8192,53658,375,0,5120000,0.25,217.189
8192,53658,376,1,5120000,0.25,6851.34
8192,53658,377,0,5120000,0.25,2029.22
8192,53658,378,0,5120000,0.25,361.2
8192,53658,379,1,5120000,0.25,6839.11
8192,53658,380,0,5120000,0.25,3739.77
8192,53658,381,0,5120000,0.25,1741.88
8192,53658,382,0,5120000,0.25,341.741
8192,53658,383,0,5120000,0.25,2162.35
8192,53658,384,0,5120000,0.25,948.985
8192,53658,385,0,5120000,0.25,1122.92
8192,53658,386,0,5120000,0.25,2705.99
8192,53658,387,0,5120000,0.25,3526.11
8192,53658,388,0,5120000,0.25,1890.17
8192,53658,389,0,5120000,0.25,1434.54
8192,53658,390,0,5120000,0.25,704.166
8192,53658,391,0,5120000,0.25,734.779
8192,53658,392,0,5120000,0.25,420.38
8192,53658,393,0,5120000,0.25,1484.29
8192,53658,394,0,5120000,0.25,2145.46
8192,53658,395,0,5120000,0.25,1149.38
8192,53658,396,0,5120000,0.25,2031.89
8192,53658,397,0,5120000,0.25,1162.95
8192,53658,398,0,5120000,0.25,1400.73
8192,53658,399,0,5120000,0.25,260.543
8192,53658,400,0,5120000,0.25,698.938
8192,55296,1,62,5120000,0.25,7127.12
8192,55296,2,49,5120000,0.25,7044.53
8192,55296,3,55,5120000,0.25,7053.24
8192,55296,4,56,5120000,0.25,7032.14
8192,55296,5,52,5120000,0.25,7016.45
8192,55296,6,51,5120000,0.25,7037.86
8192,55296,7,49,5120000,0.25,6991.34
8192,55296,8,59,5120000,0.25,6994.67
8192,55296,9,55,5120000,0.25,6999.89
8192,55296,10,45,5120000,0.25,7049.11
8192,55296,11,51,5120000,0.25,7076.54
8192,55296,12,55,5120000,0.25,7021.45
8192,55296,13,48,5120000,0.25,7046.19
8192,55296,14,50,5120000,0.25,7004.89
8192,55296,15,58,5120000,0.25,7010.42
8192,55296,16,55,5120000,0.25,6993.71
8192,55296,17,50,5120000,0.25,7066.65
8192,55296,18,56,5120000,0.25,7108.86
8192,55296,19,53,5120000,0.25,7054.74
8192,55296,20,60,5120000,0.25,7033.62
8192,55296,21,51,5120000,0.25,7000.93
8192,55296,22,70,5120000,0.25,7019.38
8192,55296,23,57,5120000,0.25,7035.59
8192,55296,24,61,5120000,0.25,6998.68
8192,55296,25,49,5120000,0.25,6998.02
8192,55296,26,46,5120000,0.25,7018.79
8192,55296,27,63,5120000,0.25,7049.41
8192,55296,28,49,5120000,0.25,7015.99
8192,55296,29,70,5120000,0.25,7030.85
8192,55296,30,51,5120000,0.25,7040.39
8192,55296,31,51,5120000,0.25,7027.64
8192,55296,32,58,5120000,0.25,6999.77
8192,55296,33,57,5120000,0.25,7075.71
8192,55296,34,62,5120000,0.25,7153.61
8192,55296,35,50,5120000,0.25,7043.49
8192,55296,36,60,5120000,0.25,7024.45
8192,55296,37,44,5120000,0.25,6987.02
8192,55296,38,53,5120000,0.25,6998.41
8192,55296,39,49,5120000,0.25,7066.24
8192,55296,40,54,5120000,0.25,7015.14
8192,55296,41,64,5120000,0.25,7005.3
8192,55296,42,60,5120000,0.25,7000.56
8192,55296,43,62,5120000,0.25,7018.16
8192,55296,44,57,5120000,0.25,7014.22
8192,55296,45,39,5120000,0.25,6934.65
8192,55296,46,55,5120000,0.25,7019.33
8192,55296,47,43,5120000,0.25,7086.77
8192,55296,48,43,5120000,0.25,7009.93
8192,55296,49,50,5120000,0.25,8095.75
8192,55296,50,68,5120000,0.25,8069.32
8192,55296,51,67,5120000,0.25,8053.69
8192,55296,52,59,5120000,0.25,8108.98
8192,55296,53,55,5120000,0.25,8061.32
8192,55296,54,50,5120000,0.25,8043.0
8192,55296,55,66,5120000,0.25,8050.02
8192,55296,56,52,5120000,0.25,8052.34
8192,55296,57,59,5120000,0.25,8093.23
8192,55296,58,61,5120000,0.25,8040.38
8192,55296,59,48,5120000,0.25,8047.37
8192,55296,60,63,5120000,0.25,8099.69
8192,55296,61,65,5120000,0.25,8044.52
8192,55296,62,47,5120000,0.25,8033.42
8192,55296,63,52,5120000,0.25,8045.51
8192,55296,64,53,5120000,0.25,8066.96
8192,55296,65,52,5120000,0.25,8062.66
8192,55296,66,56,5120000,0.25,8054.57
8192,55296,67,52,5120000,0.25,8057.41
8192,55296,68,70,5120000,0.25,8071.34
8192,55296,69,58,5120000,0.25,8086.21
8192,55296,70,60,5120000,0.25,8053.23
8192,55296,71,58,5120000,0.25,8074.62
8192,55296,72,56,5120000,0.25,8050.89
8192,55296,73,52,5120000,0.25,8052.05
8192,55296,74,54,5120000,0.25,8017.52
8192,55296,75,52,5120000,0.25,8098.41
8192,55296,76,66,5120000,0.25,8034.42
8192,55296,77,58,5120000,0.25,8050.18
8192,55296,78,51,5120000,0.25,8046.85
8192,55296,79,68,5120000,0.25,8091.6
8192,55296,80,60,5120000,0.25,8049.01
8192,55296,81,53,5120000,0.25,8018.47
8192,55296,82,59,5120000,0.25,8074.31
8192,55296,83,68,5120000,0.25,8054.97
8192,55296,84,48,5120000,0.25,8073.53
8192,55296,85,52,5120000,0.25,8033.25
8192,55296,86,56,5120000,0.25,8094.86
8192,55296,87,54,5120000,0.25,8040.7
8192,55296,88,55,5120000,0.25,8126.8
8192,55296,89,48,5120000,0.25,8026.58
8192,55296,90,54,5120000,0.25,8042.33
8192,55296,91,56,5120000,0.25,8048.48
8192,55296,92,57,5120000,0.25,8084.43
8192,55296,93,53,5120000,0.25,8025.83
8192,55296,94,54,5120000,0.25,8098.81
8192,55296,95,57,5120000,0.25,8062.51
8192,55296,96,53,5120000,0.25,8055.38
8192,55296,97,64,5120000,0.25,8043.45
8192,55296,98,55,5120000,0.25,8104.45
8192,55296,99,67,5120000,0.25,8088.58
8192,55296,100,65,5120000,0.25,8061.93
8192,55296,101,56,5120000,0.25,8055.05
8192,55296,102,53,5120000,0.25,8049.66
8192,55296,103,45,5120000,0.25,8079.1
8192,55296,104,67,5120000,0.25,8100.89
8192,55296,105,51,5120000,0.25,8095.37
8192,55296,106,53,5120000,0.25,8040.63
8192,55296,107,51,5120000,0.25,8036.55
8192,55296,108,44,5120000,0.25,8055.2
8192,55296,109,49,5120000,0.25,8032.02
8192,55296,110,59,5120000,0.25,8101.57
8192,55296,111,64,5120000,0.25,8069.87
8192,55296,112,60,5120000,0.25,8078.63
8192,55296,113,55,5120000,0.25,8007.61
8192,55296,114,55,5120000,0.25,8022.61
8192,55296,115,56,5120000,0.25,8011.89
8192,55296,116,38,5120000,0.25,7953.92
8192,55296,117,41,5120000,0.25,7985.02
8192,55296,118,47,5120000,0.25,8069.1
8192,55296,119,49,5120000,0.25,8023.77
8192,55296,120,61,5120000,0.25,8023.24
8192,55296,121,57,5120000,0.25,8006.33
8192,55296,122,62,5120000,0.25,8018.19
8192,55296,123,58,5120000,0.25,8068.74
8192,55296,124,59,5120000,0.25,8015.45
8192,55296,125,50,5120000,0.25,8061.12
8192,55296,126,45,5120000,0.25,7993.96
8192,55296,127,54,5120000,0.25,8044.62
8192,55296,128,58,5120000,0.25,8073.27
8192,55296,129,35,5120000,0.25,7999.5
8192,55296,130,35,5120000,0.25,8018.92
8192,55296,131,65,5120000,0.25,8043.79
8192,55296,132,53,5120000,0.25,8018.2
8192,55296,133,56,5120000,0.25,8047.07
8192,55296,134,43,5120000,0.25,8013.06
8192,55296,135,59,5120000,0.25,8028.06
8192,55296,136,72,5120000,0.25,8059.95
8192,55296,137,54,5120000,0.25,8048.39
8192,55296,138,64,5120000,0.25,8042.73
8192,55296,139,39,5120000,0.25,7942.71
8192,55296,140,66,5120000,0.25,8030.51
8192,55296,141,57,5120000,0.25,8080.65
8192,55296,142,67,5120000,0.25,8055.84
8192,55296,143,46,5120000,0.25,8046.19
8192,55296,144,67,5120000,0.25,8048.51
8192,55296,145,49,5120000,0.25,8088.15
8192,55296,146,62,5120000,0.25,8077.16
8192,55296,147,54,5120000,0.25,7996.27
8192,55296,148,58,5120000,0.25,8062.27
8192,55296,149,53,5120000,0.25,8007.01
8192,55296,150,60,5120000,0.25,8051.6
8192,55296,151,55,5120000,0.25,8027.33
8192,55296,152,68,5120000,0.25,8002.49
8192,55296,153,66,5120000,0.25,8030.15
8192,55296,154,49,5120000,0.25,7992.42
8192,55296,155,64,5120000,0.25,8012.56
8192,55296,156,49,5120000,0.25,7980.19
8192,55296,157,57,5120000,0.25,8070.88
8192,55296,158,61,5120000,0.25,8089.22
8192,55296,159,58,5120000,0.25,8035.4
8192,55296,160,54,5120000,0.25,8020.91
8192,55296,161,54,5120000,0.25,8041.34
8192,55296,162,51,5120000,0.25,8031.25
8192,55296,163,66,5120000,0.25,8081.57
8192,55296,164,59,5120000,0.25,8055.12
8192,55296,165,57,5120000,0.25,8030.83
8192,55296,166,47,5120000,0.25,8043.39
8192,55296,167,66,5120000,0.25,8121.51
8192,55296,168,42,5120000,0.25,8059.29
8192,55296,169,67,5120000,0.25,8038.97
8192,55296,170,57,5120000,0.25,8105.0
8192,55296,171,60,5120000,0.25,8054.7
8192,55296,172,40,5120000,0.25,8026.98
8192,55296,173,55,5120000,0.25,8066.36
8192,55296,174,58,5120000,0.25,8065.86
8192,55296,175,50,5120000,0.25,8049.96
8192,55296,176,51,5120000,0.25,8053.05
8192,55296,177,51,5120000,0.25,7999.61
8192,55296,178,54,5120000,0.25,7994.88
8192,55296,179,57,5120000,0.25,8097.62
8192,55296,180,56,5120000,0.25,8000.61
8192,55296,181,54,5120000,0.25,8006.92
8192,55296,182,56,5120000,0.25,8028.52
8192,55296,183,56,5120000,0.25,8001.82
8192,55296,184,50,5120000,0.25,8000.11
8192,55296,185,69,5120000,0.25,8027.98
8192,55296,186,57,5120000,0.25,8006.32
8192,55296,187,66,5120000,0.25,7992.43
8192,55296,188,73,5120000,0.25,8030.25
8192,55296,189,58,5120000,0.25,8009.26
8192,55296,190,45,5120000,0.25,8042.81
8192,55296,191,61,5120000,0.25,8033.02
8192,55296,192,52,5120000,0.25,8053.8
8192,55296,193,63,5120000,0.25,8088.43
8192,55296,194,62,5120000,0.25,8052.57
8192,55296,195,53,5120000,0.25,8027.72
8192,55296,196,42,5120000,0.25,8050.58
8192,55296,197,50,5120000,0.25,8031.9
8192,55296,198,48,5120000,0.25,8028.81
8192,55296,199,58,5120000,0.25,8089.05
8192,55296,200,58,5120000,0.25,8080.21
8192,55296,201,56,5120000,0.25,8060.83
8192,55296,202,45,5120000,0.25,8033.83
8192,55296,203,57,5120000,0.25,8055.33
8192,55296,204,38,5120000,0.25,8002.3
8192,55296,205,59,5120000,0.25,8025.23
8192,55296,206,54,5120000,0.25,8052.98
8192,55296,207,62,5120000,0.25,8077.89
8192,55296,208,55,5120000,0.25,8049.82
8192,55296,209,59,5120000,0.25,8012.71
8192,55296,210,62,5120000,0.25,8010.9
8192,55296,211,52,5120000,0.25,8007.5
8192,55296,212,60,5120000,0.25,8004.53
8192,55296,213,43,5120000,0.25,8002.82
8192,55296,214,55,5120000,0.25,8077.46
8192,55296,215,52,5120000,0.25,7995.38
8192,55296,216,47,5120000,0.25,8026.88
8192,55296,217,46,5120000,0.25,8015.33
8192,55296,218,52,5120000,0.25,8017.29
8192,55296,219,56,5120000,0.25,7988.84
8192,55296,220,54,5120000,0.25,7985.2
8192,55296,221,61,5120000,0.25,8005.51
8192,55296,222,53,5120000,0.25,7999.52
8192,55296,223,54,5120000,0.25,8102.13
8192,55296,224,50,5120000,0.25,8112.33
8192,55296,225,51,5120000,0.25,8018.43
8192,55296,226,71,5120000,0.25,8042.87
8192,55296,227,55,5120000,0.25,8092.42
8192,55296,228,62,5120000,0.25,8048.14
8192,55296,229,55,5120000,0.25,8057.84
8192,55296,230,63,5120000,0.25,8075.67
8192,55296,231,58,5120000,0.25,8092.66
8192,55296,232,55,5120000,0.25,8038.78
8192,55296,233,55,5120000,0.25,8027.86
8192,55296,234,65,5120000,0.25,8057.8
8192,55296,235,67,5120000,0.25,8031.88
8192,55296,236,46,5120000,0.25,8061.95
8192,55296,237,55,5120000,0.25,8011.27
8192,55296,238,67,5120000,0.25,8060.12
8192,55296,239,51,5120000,0.25,8101.41
8192,55296,240,57,5120000,0.25,8101.1
8192,55296,241,59,5120000,0.25,8011.68
8192,55296,242,52,5120000,0.25,7983.16
8192,55296,243,56,5120000,0.25,7995.01
8192,55296,244,63,5120000,0.25,8008.71
8192,55296,245,42,5120000,0.25,8021.15
8192,55296,246,51,5120000,0.25,8036.89
8192,55296,247,67,5120000,0.25,8008.6
8192,55296,248,59,5120000,0.25,7994.51
8192,55296,249,62,5120000,0.25,8086.88
8192,55296,250,57,5120000,0.25,8004.0
8192,55296,251,62,5120000,0.25,8004.79
8192,55296,252,52,5120000,0.25,8006.56
8192,55296,253,53,5120000,0.25,7991.26
8192,55296,254,53,5120000,0.25,7997.17
8192,55296,255,68,5120000,0.25,8061.5
8192,55296,256,43,5120000,0.25,8024.37
8192,55296,257,65,5120000,0.25,8043.31
8192,55296,258,57,5120000,0.25,8030.54
8192,55296,259,54,5120000,0.25,8079.02
8192,55296,260,55,5120000,0.25,8066.11
8192,55296,261,61,5120000,0.25,8018.85
8192,55296,262,56,5120000,0.25,8048.89
8192,55296,263,51,5120000,0.25,8085.85
8192,55296,264,60,5120000,0.25,8039.92
8192,55296,265,43,5120000,0.25,8013.9
8192,55296,266,47,5120000,0.25,8014.35
8192,55296,267,38,5120000,0.25,8096.1
8192,55296,268,58,5120000,0.25,8056.87
8192,55296,269,60,5120000,0.25,8051.93
8192,55296,270,48,5120000,0.25,8052.7
8192,55296,271,51,5120000,0.25,8046.63
8192,55296,272,56,5120000,0.25,8066.65
8192,55296,273,55,5120000,0.25,8070.38
8192,55296,274,41,5120000,0.25,7967.95
8192,55296,275,57,5120000,0.25,8069.27
8192,55296,276,45,5120000,0.25,7985.11
8192,55296,277,67,5120000,0.25,8022.45
8192,55296,278,54,5120000,0.25,8015.7
8192,55296,279,49,5120000,0.25,8027.39
8192,55296,280,57,5120000,0.25,8009.96
8192,55296,281,51,5120000,0.25,8087.24
8192,55296,282,61,5120000,0.25,8056.49
8192,55296,283,45,5120000,0.25,7997.48
8192,55296,284,54,5120000,0.25,8055.72
8192,55296,285,62,5120000,0.25,8009.51
8192,55296,286,55,5120000,0.25,8025.4
8192,55296,287,47,5120000,0.25,8027.56
8192,55296,288,57,5120000,0.25,8045.08
8192,55296,289,48,5120000,0.25,8022.83
8192,55296,290,58,5120000,0.25,8092.96
8192,55296,291,49,5120000,0.25,8057.66
8192,55296,292,51,5120000,0.25,8010.31
8192,55296,293,47,5120000,0.25,8075.63
8192,55296,294,62,5120000,0.25,8042.67
8192,55296,295,45,5120000,0.25,8008.87
8192,55296,296,45,5120000,0.25,8024.28
8192,55296,297,57,5120000,0.25,8117.12
8192,55296,298,56,5120000,0.25,8054.48
8192,55296,299,53,5120000,0.25,8017.03
8192,55296,300,62,5120000,0.25,8024.79
8192,55296,301,60,5120000,0.25,8047.95
8192,55296,302,56,5120000,0.25,8091.04
8192,55296,303,57,5120000,0.25,8052.58
8192,55296,304,61,5120000,0.25,8096.16
8192,55296,305,54,5120000,0.25,8057.32
8192,55296,306,56,5120000,0.25,8067.62
8192,55296,307,54,5120000,0.25,8005.1
8192,55296,308,54,5120000,0.25,8062.27
8192,55296,309,68,5120000,0.25,8023.28
8192,55296,310,62,5120000,0.25,8036.09
8192,55296,311,57,5120000,0.25,8012.53
8192,55296,312,49,5120000,0.25,8032.94
8192,55296,313,56,5120000,0.25,8005.35
8192,55296,314,56,5120000,0.25,8022.78
8192,55296,315,59,5120000,0.25,8013.66
8192,55296,316,54,5120000,0.25,8006.13
8192,55296,317,46,5120000,0.25,7996.3
8192,55296,318,60,5120000,0.25,8049.7
8192,55296,319,52,5120000,0.25,8030.01
8192,55296,320,66,5120000,0.25,8015.95
8192,55296,321,63,5120000,0.25,8070.99
8192,55296,322,50,5120000,0.25,8050.39
8192,55296,323,64,5120000,0.25,8055.83
8192,55296,324,47,5120000,0.25,8041.45
8192,55296,325,62,5120000,0.25,8036.61
8192,55296,326,44,5120000,0.25,8065.79
8192,55296,327,55,5120000,0.25,8057.06
8192,55296,328,69,5120000,0.25,8099.6
8192,55296,329,58,5120000,0.25,8064.96
8192,55296,330,48,5120000,0.25,8044.15
8192,55296,331,53,5120000,0.25,8081.83
8192,55296,332,68,5120000,0.25,8070.5
8192,55296,333,50,5120000,0.25,8048.22
8192,55296,334,57,5120000,0.25,8075.83
8192,55296,335,64,5120000,0.25,8078.92
8192,55296,336,44,5120000,0.25,8079.32
8192,55296,337,59,5120000,0.25,7998.49
8192,55296,338,50,5120000,0.25,7983.95
8192,55296,339,46,5120000,0.25,7999.38
8192,55296,340,52,5120000,0.25,7984.64
8192,55296,341,42,5120000,0.25,7993.18
8192,55296,342,37,5120000,0.25,8011.41
8192,55296,343,73,5120000,0.25,8015.67
8192,55296,344,38,5120000,0.25,8013.84
8192,55296,345,64,5120000,0.25,8104.56
8192,55296,346,59,5120000,0.25,8016.64
8192,55296,347,57,5120000,0.25,8054.0
8192,55296,348,66,5120000,0.25,8003.22
8192,55296,349,58,5120000,0.25,8034.3
8192,55296,350,57,5120000,0.25,8018.03
8192,55296,351,49,5120000,0.25,8016.22
8192,55296,352,57,5120000,0.25,8053.96
8192,55296,353,69,5120000,0.25,8065.65
8192,55296,354,65,5120000,0.25,8038.68
8192,55296,355,53,5120000,0.25,8051.95
8192,55296,356,63,5120000,0.25,8044.24
8192,55296,357,60,5120000,0.25,8081.73
8192,55296,358,61,5120000,0.25,8104.87
8192,55296,359,45,5120000,0.25,8068.13
8192,55296,360,46,5120000,0.25,8047.39
8192,55296,361,63,5120000,0.25,8072.38
8192,55296,362,60,5120000,0.25,8059.81
8192,55296,363,56,5120000,0.25,8063.44
8192,55296,364,68,5120000,0.25,8031.52
8192,55296,365,54,5120000,0.25,8083.13
8192,55296,366,56,5120000,0.25,8047.08
8192,55296,367,47,5120000,0.25,8035.88
8192,55296,368,51,5120000,0.25,8050.86
8192,55296,369,57,5120000,0.25,7992.24
8192,55296,370,56,5120000,0.25,8002.68
8192,55296,371,51,5120000,0.25,8044.42
8192,55296,372,55,5120000,0.25,8003.32
8192,55296,373,63,5120000,0.25,8090.48
8192,55296,374,70,5120000,0.25,8024.67
8192,55296,375,55,5120000,0.25,8023.75
8192,55296,376,60,5120000,0.25,8018.29
8192,55296,377,46,5120000,0.25,8017.03
8192,55296,378,64,5120000,0.25,8034.75
8192,55296,379,60,5120000,0.25,8021.18
8192,55296,380,52,5120000,0.25,8012.7
8192,55296,381,61,5120000,0.25,8020.93
8192,55296,382,40,5120000,0.25,8030.29
8192,55296,383,51,5120000,0.25,8028.73
8192,55296,384,44,5120000,0.25,8064.85
8192,55296,385,61,5120000,0.25,8093.4
8192,55296,386,59,5120000,0.25,8034.43
8192,55296,387,46,5120000,0.25,8053.11
8192,55296,388,53,5120000,0.25,8044.38
8192,55296,389,49,5120000,0.25,8009.13
8192,55296,390,60,5120000,0.25,8088.14
8192,55296,391,64,5120000,0.25,8054.58
8192,55296,392,50,5120000,0.25,8024.9
8192,55296,393,73,5120000,0.25,8054.87
8192,55296,394,51,5120000,0.25,8053.0
8192,55296,395,55,5120000,0.25,8038.71
8192,55296,396,65,5120000,0.25,8048.21
8192,55296,397,52,5120000,0.25,8124.44
8192,55296,398,62,5120000,0.25,8064.46
8192,55296,399,49,5120000,0.25,8117.96
8192,55296,400,43,5120000,0.25,8041.85
16384,81101,1,0,10240000,0.25,0.069466
16384,81101,2,0,10240000,0.25,0.075324
16384,81101,3,0,10240000,0.25,0.074012
16384,81101,4,0,10240000,0.25,0.070397
16384,81101,5,0,10240000,0.25,0.072532
16384,81101,6,0,10240000,0.25,0.074361
16384,81101,7,0,10240000,0.25,0.0743
16384,81101,8,0,10240000,0.25,0.0751
16384,81101,9,0,10240000,0.25,0.07231
16384,81101,10,0,10240000,0.25,0.073435
16384,81101,11,0,10240000,0.25,0.075929
16384,81101,12,0,10240000,0.25,0.078989
16384,81101,13,0,10240000,0.25,0.074091
16384,81101,14,0,10240000,0.25,0.077094
16384,81101,15,0,10240000,0.25,0.070017
16384,81101,16,0,10240000,0.25,0.072419
16384,81101,17,0,10240000,0.25,0.077891
16384,81101,18,0,10240000,0.25,0.074043
16384,81101,19,0,10240000,0.25,0.077325
16384,81101,20,0,10240000,0.25,0.069859
16384,81101,21,0,10240000,0.25,0.071443
16384,81101,22,0,10240000,0.25,0.073017
16384,81101,23,0,10240000,0.25,0.07083
16384,81101,24,0,10240000,0.25,0.070989
16384,81101,25,0,10240000,0.25,0.073866
16384,81101,26,0,10240000,0.25,0.077368
16384,81101,27,0,10240000,0.25,0.076871
16384,81101,28,0,10240000,0.25,0.07685
16384,81101,29,0,10240000,0.25,0.070966
16384,81101,30,0,10240000,0.25,0.070467
16384,81101,31,0,10240000,0.25,0.073321
16384,81101,32,0,10240000,0.25,0.066773
16384,81101,33,0,10240000,0.25,0.073466
16384,81101,34,0,10240000,0.25,0.070538
16384,81101,35,0,10240000,0.25,0.072701
16384,81101,36,0,10240000,0.25,0.077322
16384,81101,37,0,10240000,0.25,0.069064
16384,81101,38,0,10240000,0.25,0.069588
16384,81101,39,0,10240000,0.25,0.073741
16384,81101,40,0,10240000,0.25,0.071412
16384,81101,41,0,10240000,0.25,0.071431
16384,81101,42,0,10240000,0.25,0.071954
16384,81101,43,0,10240000,0.25,0.077987
16384,81101,44,0,10240000,0.25,0.073363
16384,81101,45,0,10240000,0.25,0.0715
16384,81101,46,0,10240000,0.25,0.071927
16384,81101,47,0,10240000,0.25,0.072742
16384,81101,48,0,10240000,0.25,0.077738
16384,81101,49,0,10240000,0.25,0.073669
16384,81101,50,0,10240000,0.25,0.072959
16384,81101,51,0,10240000,0.25,0.070966
16384,81101,52,0,10240000,0.25,0.070971
16384,81101,53,0,10240000,0.25,0.067911
16384,81101,54,0,10240000,0.25,0.07155
16384,81101,55,0,10240000,0.25,0.067606
16384,81101,56,0,10240000,0.25,0.075771
16384,81101,57,0,10240000,0.25,0.073657
16384,81101,58,0,10240000,0.25,0.074837
16384,81101,59,0,10240000,0.25,0.078618
16384,81101,60,0,10240000,0.25,0.07459
16384,81101,61,0,10240000,0.25,0.072802
16384,81101,62,0,10240000,0.25,0.072334
16384,81101,63,0,10240000,0.25,0.067845
16384,81101,64,0,10240000,0.25,0.071391
16384,81101,65,0,10240000,0.25,0.069806
16384,81101,66,0,10240000,0.25,0.075464
16384,81101,67,0,10240000,0.25,0.068895
16384,81101,68,0,10240000,0.25,0.077325
16384,81101,69,0,10240000,0.25,0.0723
16384,81101,70,0,10240000,0.25,0.071527
16384,81101,71,0,10240000,0.25,0.072114
16384,81101,72,0,10240000,0.25,0.073395
16384,81101,73,0,10240000,0.25,0.075625
16384,81101,74,0,10240000,0.25,0.072874
16384,81101,75,0,10240000,0.25,0.072953
16384,81101,76,0,10240000,0.25,0.073396
16384,81101,77,0,10240000,0.25,0.073973
16384,81101,78,0,10240000,0.25,0.07224
16384,81101,79,0,10240000,0.25,0.070188
16384,81101,80,0,10240000,0.25,0.072917
16384,81101,81,0,10240000,0.25,0.069396
16384,81101,82,0,10240000,0.25,0.072829
16384,81101,83,0,10240000,0.25,0.076652
16384,81101,84,0,10240000,0.25,0.074965
16384,81101,85,0,10240000,0.25,0.071275
16384,81101,86,0,10240000,0.25,0.070997
16384,81101,87,0,10240000,0.25,0.081555
16384,81101,88,0,10240000,0.25,0.078638
16384,81101,89,0,10240000,0.25,0.071574
16384,81101,90,0,10240000,0.25,0.072502
16384,81101,91,0,10240000,0.25,0.070319
16384,81101,92,0,10240000,0.25,0.071245
16384,81101,93,0,10240000,0.25,0.074597
16384,81101,94,0,10240000,0.25,0.071848
16384,81101,95,0,10240000,0.25,0.074078
16384,81101,96,0,10240000,0.25,0.074836
16384,81101,97,0,10240000,0.25,0.072731
16384,81101,98,0,10240000,0.25,0.072986
16384,81101,99,0,10240000,0.25,0.069821
16384,81101,100,0,10240000,0.25,0.071159
16384,81101,101,0,10240000,0.25,0.069555
16384,81101,102,0,10240000,0.25,0.070414
16384,81101,103,0,10240000,0.25,0.070082
16384,81101,104,0,10240000,0.25,0.072057
16384,81101,105,0,10240000,0.25,0.068518
16384,81101,106,0,10240000,0.25,0.073274
16384,81101,107,0,10240000,0.25,0.076763
16384,81101,108,0,10240000,0.25,0.072508
16384,81101,109,0,10240000,0.25,0.073832
16384,81101,110,0,10240000,0.25,0.073163
16384,81101,111,0,10240000,0.25,0.072619
16384,81101,112,0,10240000,0.25,0.074078
16384,81101,113,0,10240000,0.25,0.072118
16384,81101,114,0,10240000,0.25,0.072027
16384,81101,115,0,10240000,0.25,0.074805
16384,81101,116,0,10240000,0.25,0.072298
16384,81101,117,0,10240000,0.25,0.073654
16384,81101,118,0,10240000,0.25,0.071558
16384,81101,119,0,10240000,0.25,0.077418
16384,81101,120,0,10240000,0.25,0.078276
16384,81101,121,0,10240000,0.25,0.071456
16384,81101,122,0,10240000,0.25,0.072395
16384,81101,123,0,10240000,0.25,0.074934
16384,81101,124,0,10240000,0.25,0.072494
16384,81101,125,0,10240000,0.25,0.07507
16384,81101,126,0,10240000,0.25,0.072945
16384,81101,127,0,10240000,0.25,0.07226
16384,81101,128,0,10240000,0.25,0.073186
16384,81101,129,0,10240000,0.25,0.070203
16384,81101,130,0,10240000,0.25,0.069987
16384,81101,131,0,10240000,0.25,0.076002
16384,81101,132,0,10240000,0.25,0.073761
16384,81101,133,0,10240000,0.25,0.070463
16384,81101,134,0,10240000,0.25,0.073034
16384,81101,135,0,10240000,0.25,0.080452
16384,81101,136,0,10240000,0.25,0.072308
16384,81101,137,0,10240000,0.25,0.070106
16384,81101,138,0,10240000,0.25,0.07747
16384,81101,139,0,10240000,0.25,0.077611
16384,81101,140,0,10240000,0.25,0.069326
16384,81101,141,0,10240000,0.25,0.070825
16384,81101,142,0,10240000,0.25,0.072864
16384,81101,143,0,10240000,0.25,0.072039
16384,81101,144,0,10240000,0.25,0.074895
16384,81101,145,0,10240000,0.25,0.074885
16384,81101,146,0,10240000,0.25,0.064653
16384,81101,147,0,10240000,0.25,0.070211
16384,81101,148,0,10240000,0.25,0.078055
16384,81101,149,0,10240000,0.25,0.074815
16384,81101,150,0,10240000,0.25,0.078209
16384,81101,151,0,10240000,0.25,0.071891
16384,81101,152,0,10240000,0.25,0.075118
16384,81101,153,0,10240000,0.25,0.070982
16384,81101,154,0,10240000,0.25,0.070358
16384,81101,155,0,10240000,0.25,0.073513
16384,81101,156,0,10240000,0.25,0.072673
16384,81101,157,0,10240000,0.25,0.078255
16384,81101,158,0,10240000,0.25,0.071002
16384,81101,159,0,10240000,0.25,0.071431
16384,81101,160,0,10240000,0.25,0.069258
16384,81101,161,0,10240000,0.25,0.069558
16384,81101,162,0,10240000,0.25,0.074741
16384,81101,163,0,10240000,0.25,0.071726
16384,81101,164,0,10240000,0.25,0.07146
16384,81101,165,0,10240000,0.25,0.076094
16384,81101,166,0,10240000,0.25,0.071327
16384,81101,167,0,10240000,0.25,0.070374
16384,81101,168,0,10240000,0.25,0.071322
16384,81101,169,0,10240000,0.25,0.071021
16384,81101,170,0,10240000,0.25,0.0701
16384,81101,171,0,10240000,0.25,0.079758
16384,81101,172,0,10240000,0.25,0.074393
16384,81101,173,0,10240000,0.25,0.075901
16384,81101,174,0,10240000,0.25,0.071212
16384,81101,175,0,10240000,0.25,0.074791
16384,81101,176,0,10240000,0.25,0.072514
16384,81101,177,0,10240000,0.25,0.072711
16384,81101,178,0,10240000,0.25,0.074291
16384,81101,179,0,10240000,0.25,0.075426
16384,81101,180,0,10240000,0.25,0.069748
16384,81101,181,0,10240000,0.25,0.069978
16384,81101,182,0,10240000,0.25,0.074466
16384,81101,183,0,10240000,0.25,0.073782
16384,81101,184,0,10240000,0.25,0.068236
16384,81101,185,0,10240000,0.25,0.068539
16384,81101,186,0,10240000,0.25,0.076229
16384,81101,187,0,10240000,0.25,0.07354
16384,81101,188,0,10240000,0.25,0.08069
16384,81101,189,0,10240000,0.25,0.078507
16384,81101,190,0,10240000,0.25,0.07099
16384,81101,191,0,10240000,0.25,0.072816
16384,81101,192,0,10240000,0.25,0.073216
16384,81101,193,0,10240000,0.25,0.067773
16384,81101,194,0,10240000,0.25,0.071208
16384,81101,195,0,10240000,0.25,0.071498
16384,81101,196,0,10240000,0.25,0.07858
16384,81101,197,0,10240000,0.25,0.072698
16384,81101,198,0,10240000,0.25,0.073135
16384,81101,199,0,10240000,0.25,0.071683
16384,81101,200,0,10240000,0.25,0.070991
16384,81101,201,0,10240000,0.25,0.069566
16384,81101,202,0,10240000,0.25,0.078209
16384,81101,203,0,10240000,0.25,0.073795
16384,81101,204,0,10240000,0.25,0.072096
16384,81101,205,0,10240000,0.25,0.071843
16384,81101,206,0,10240000,0.25,0.07192
16384,81101,207,0,10240000,0.25,0.070821
16384,81101,208,0,10240000,0.25,0.067375
16384,81101,209,0,10240000,0.25,0.069399
16384,81101,210,0,10240000,0.25,0.072512
16384,81101,211,0,10240000,0.25,0.072955
16384,81101,212,0,10240000,0.25,0.069254
16384,81101,213,0,10240000,0.25,0.074605
16384,81101,214,0,10240000,0.25,0.073759
16384,81101,215,0,10240000,0.25,0.076856
16384,81101,216,0,10240000,0.25,0.071651
16384,81101,217,0,10240000,0.25,0.068151
16384,81101,218,0,10240000,0.25,0.073109
16384,81101,219,0,10240000,0.25,0.075263
16384,81101,220,0,10240000,0.25,0.077779
16384,81101,221,0,10240000,0.25,0.075259
16384,81101,222,0,10240000,0.25,0.074075
16384,81101,223,0,10240000,0.25,0.069767
16384,81101,224,0,10240000,0.25,0.071671
16384,81101,225,0,10240000,0.25,0.078072
16384,81101,226,0,10240000,0.25,0.073719
16384,81101,227,0,10240000,0.25,0.072047
16384,81101,228,0,10240000,0.25,0.071831
16384,81101,229,0,10240000,0.25,0.068976
16384,81101,230,0,10240000,0.25,0.070947
16384,81101,231,0,10240000,0.25,0.070245
16384,81101,232,0,10240000,0.25,0.069839
16384,81101,233,0,10240000,0.25,0.069949
16384,81101,234,0,10240000,0.25,0.071337
16384,81101,235,0,10240000,0.25,0.070805
16384,81101,236,0,10240000,0.25,0.070862
16384,81101,237,0,10240000,0.25,0.078147
16384,81101,238,0,10240000,0.25,0.072316
16384,81101,239,0,10240000,0.25,0.072212
16384,81101,240,0,10240000,0.25,0.073883
16384,81101,241,0,10240000,0.25,0.071923
16384,81101,242,0,10240000,0.25,0.072138
16384,81101,243,0,10240000,0.25,0.074096
16384,81101,244,0,10240000,0.25,0.073161
16384,81101,245,0,10240000,0.25,0.074569
16384,81101,246,0,10240000,0.25,0.069752
16384,81101,247,0,10240000,0.25,0.073512
16384,81101,248,0,10240000,0.25,0.074638
16384,81101,249,0,10240000,0.25,0.07066
16384,81101,250,0,10240000,0.25,0.070401
16384,81101,251,0,10240000,0.25,0.076865
16384,81101,252,0,10240000,0.25,0.073779
16384,81101,253,0,10240000,0.25,0.071169
16384,81101,254,0,10240000,0.25,0.066037
16384,81101,255,0,10240000,0.25,0.074904
16384,81101,256,0,10240000,0.25,0.069861
16384,81101,257,0,10240000,0.25,0.074629
16384,81101,258,0,10240000,0.25,0.072879
16384,81101,259,0,10240000,0.25,0.072
16384,81101,260,0,10240000,0.25,0.074328
16384,81101,261,0,10240000,0.25,0.069445
16384,81101,262,0,10240000,0.25,0.07582
16384,81101,263,0,10240000,0.25,0.073348
16384,81101,264,0,10240000,0.25,0.065766
16384,81101,265,0,10240000,0.25,0.075218
16384,81101,266,0,10240000,0.25,0.073308
16384,81101,267,0,10240000,0.25,0.078781
16384,81101,268,0,10240000,0.25,0.077732
16384,81101,269,0,10240000,0.25,0.075649
16384,81101,270,0,10240000,0.25,0.074129
16384,81101,271,0,10240000,0.25,0.071348
16384,81101,272,0,10240000,0.25,0.071888
16384,81101,273,0,10240000,0.25,0.070546
16384,81101,274,0,10240000,0.25,0.069677
16384,81101,275,0,10240000,0.25,0.073533
16384,81101,276,0,10240000,0.25,0.073355
16384,81101,277,0,10240000,0.25,0.06582
16384,81101,278,0,10240000,0.25,0.065001
16384,81101,279,0,10240000,0.25,0.069705
16384,81101,280,0,10240000,0.25,0.074686
16384,81101,281,0,10240000,0.25,0.068256
16384,81101,282,0,10240000,0.25,0.074316
16384,81101,283,0,10240000,0.25,0.079183
16384,81101,284,0,10240000,0.25,0.073822
16384,81101,285,0,10240000,0.25,0.075416
16384,81101,286,0,10240000,0.25,0.072868
16384,81101,287,0,10240000,0.25,0.074021
16384,81101,288,0,10240000,0.25,0.074108
16384,81101,289,0,10240000,0.25,0.071609
16384,81101,290,0,10240000,0.25,0.074294
16384,81101,291,0,10240000,0.25,0.073339
16384,81101,292,0,10240000,0.25,0.075139
16384,81101,293,0,10240000,0.25,0.074128
16384,81101,294,0,10240000,0.25,0.073414
16384,81101,295,0,10240000,0.25,0.070057
16384,81101,296,0,10240000,0.25,0.071257
16384,81101,297,0,10240000,0.25,0.071746
16384,81101,298,0,10240000,0.25,0.074622
16384,81101,299,0,10240000,0.25,0.080065
16384,81101,300,0,10240000,0.25,0.067533
16384,81101,301,0,10240000,0.25,0.074807
16384,81101,302,0,10240000,0.25,0.074506
16384,81101,303,0,10240000,0.25,0.073399
16384,81101,304,0,10240000,0.25,0.076228
16384,81101,305,0,10240000,0.25,0.074282
16384,81101,306,0,10240000,0.25,0.07136
16384,81101,307,0,10240000,0.25,0.076366
16384,81101,308,0,10240000,0.25,0.074177
16384,81101,309,0,10240000,0.25,0.0707
16384,81101,310,0,10240000,0.25,0.062997
16384,81101,311,0,10240000,0.25,0.065001
16384,81101,312,0,10240000,0.25,0.071575
16384,81101,313,0,10240000,0.25,0.068851
16384,81101,314,0,10240000,0.25,0.072064
16384,81101,315,0,10240000,0.25,0.073828
16384,81101,316,0,10240000,0.25,0.080207
16384,81101,317,0,10240000,0.25,0.074256
16384,81101,318,0,10240000,0.25,0.068265
16384,81101,319,0,10240000,0.25,0.074306
16384,81101,320,0,10240000,0.25,0.07157
16384,81101,321,0,10240000,0.25,0.076767
16384,81101,322,0,10240000,0.25,0.076088
16384,81101,323,0,10240000,0.25,0.075471
16384,81101,324,0,10240000,0.25,0.076856
16384,81101,325,0,10240000,0.25,0.072724
16384,81101,326,0,10240000,0.25,0.074371
16384,81101,327,0,10240000,0.25,0.073474
16384,81101,328,0,10240000,0.25,0.076388
16384,81101,329,0,10240000,0.25,0.070742
16384,81101,330,0,10240000,0.25,0.073561
16384,81101,331,0,10240000,0.25,0.07436
16384,81101,332,0,10240000,0.25,0.071935
16384,81101,333,0,10240000,0.25,0.075488
16384,81101,334,0,10240000,0.25,0.072841
16384,81101,335,0,10240000,0.25,0.080939
16384,81101,336,0,10240000,0.25,0.071109
16384,81101,337,0,10240000,0.25,0.065436
16384,81101,338,0,10240000,0.25,0.073509
16384,81101,339,0,10240000,0.25,0.073045
16384,81101,340,0,10240000,0.25,0.071103
16384,81101,341,0,10240000,0.25,0.064647
16384,81101,342,0,10240000,0.25,0.07308
16384,81101,343,0,10240000,0.25,0.078147
16384,81101,344,0,10240000,0.25,0.069978
16384,81101,345,0,10240000,0.25,0.065299
16384,81101,346,0,10240000,0.25,0.074214
16384,81101,347,0,10240000,0.25,0.078132
16384,81101,348,0,10240000,0.25,0.078542
16384,81101,349,0,10240000,0.25,0.073091
16384,81101,350,0,10240000,0.25,0.072219
16384,81101,351,0,10240000,0.25,0.068648
16384,81101,352,0,10240000,0.25,0.07176
16384,81101,353,0,10240000,0.25,0.06833
16384,81101,354,0,10240000,0.25,0.073186
16384,81101,355,0,10240000,0.25,0.08304
16384,81101,356,0,10240000,0.25,0.074183
16384,81101,357,0,10240000,0.25,0.070266
16384,81101,358,0,10240000,0.25,0.077925
16384,81101,359,0,10240000,0.25,0.074768
16384,81101,360,0,10240000,0.25,0.068126
16384,81101,361,0,10240000,0.25,0.068769
16384,81101,362,0,10240000,0.25,0.072919
16384,81101,363,0,10240000,0.25,0.074732
16384,81101,364,0,10240000,0.25,0.069853
16384,81101,365,0,10240000,0.25,0.073917
16384,81101,366,0,10240000,0.25,0.074404
16384,81101,367,0,10240000,0.25,0.076361
16384,81101,368,0,10240000,0.25,0.072665
16384,81101,369,0,10240000,0.25,0.07682
16384,81101,370,0,10240000,0.25,0.070275
16384,81101,371,0,10240000,0.25,0.071774
16384,81101,372,0,10240000,0.25,0.072302
16384,81101,373,0,10240000,0.25,0.074634
16384,81101,374,0,10240000,0.25,0.079775
16384,81101,375,0,10240000,0.25,0.075573
16384,81101,376,0,10240000,0.25,0.072639
16384,81101,377,0,10240000,0.25,0.068624
16384,81101,378,0,10240000,0.25,0.069446
16384,81101,379,0,10240000,0.25,0.072919
16384,81101,380,0,10240000,0.25,0.069002
16384,81101,381,0,10240000,0.25,0.071972
16384,81101,382,0,10240000,0.25,0.068315
16384,81101,383,0,10240000,0.25,0.069363
16384,81101,384,0,10240000,0.25,0.073473
16384,81101,385,0,10240000,0.25,0.07254
16384,81101,386,0,10240000,0.25,0.072578
16384,81101,387,0,10240000,0.25,0.074394
16384,81101,388,0,10240000,0.25,0.074767
16384,81101,389,0,10240000,0.25,0.07402
16384,81101,390,0,10240000,0.25,0.074964
16384,81101,391,0,10240000,0.25,0.074776
16384,81101,392,0,10240000,0.25,0.072879
16384,81101,393,0,10240000,0.25,0.068919
16384,81101,394,0,10240000,0.25,0.071483
16384,81101,395,0,10240000,0.25,0.074928
16384,81101,396,0,10240000,0.25,0.071047
16384,81101,397,0,10240000,0.25,0.070072
16384,81101,398,0,10240000,0.25,0.073045
16384,81101,399,0,10240000,0.25,0.072367
16384,81101,400,0,10240000,0.25,0.07747
16384,84378,1,0,10240000,0.25,0.104334
16384,84378,2,0,10240000,0.25,0.096704
16384,84378,3,0,10240000,0.25,0.09854
16384,84378,4,0,10240000,0.25,0.096926
16384,84378,5,0,10240000,0.25,0.099825
16384,84378,6,0,10240000,0.25,0.093751
16384,84378,7,0,10240000,0.25,0.101389
16384,84378,8,0,10240000,0.25,0.090223
16384,84378,9,0,10240000,0.25,0.102242
16384,84378,10,0,10240000,0.25,0.104415
16384,84378,11,0,10240000,0.25,0.097874
16384,84378,12,0,10240000,0.25,0.093059
16384,84378,13,0,10240000,0.25,0.100386
16384,84378,14,0,10240000,0.25,0.09456
16384,84378,15,0,10240000,0.25,0.101501
16384,84378,16,0,10240000,0.25,0.107315
16384,84378,17,0,10240000,0.25,0.104596
16384,84378,18,0,10240000,0.25,0.098522
16384,84378,19,0,10240000,0.25,0.093124
16384,84378,20,0,10240000,0.25,0.09235
16384,84378,21,0,10240000,0.25,0.101586
16384,84378,22,0,10240000,0.25,0.095567
16384,84378,23,0,10240000,0.25,0.104975
16384,84378,24,0,10240000,0.25,0.097275
16384,84378,25,0,10240000,0.25,0.101352
16384,84378,26,0,10240000,0.25,0.096777
16384,84378,27,0,10240000,0.25,0.096756
16384,84378,28,0,10240000,0.25,0.095736
16384,84378,29,0,10240000,0.25,0.099587
16384,84378,30,0,10240000,0.25,0.094867
16384,84378,31,0,10240000,0.25,0.117527
16384,84378,32,0,10240000,0.25,0.095298
16384,84378,33,0,10240000,0.25,0.09958
16384,84378,34,0,10240000,0.25,0.093621
16384,84378,35,0,10240000,0.25,0.09262
16384,84378,36,0,10240000,0.25,0.095325
16384,84378,37,0,10240000,0.25,0.095401
16384,84378,38,0,10240000,0.25,0.095587
16384,84378,39,0,10240000,0.25,0.092016
16384,84378,40,0,10240000,0.25,0.096019
16384,84378,41,0,10240000,0.25,0.098204
16384,84378,42,0,10240000,0.25,0.113453
16384,84378,43,0,10240000,0.25,0.106167
16384,84378,44,0,10240000,0.25,0.098331
16384,84378,45,0,10240000,0.25,0.099774
16384,84378,46,0,10240000,0.25,0.094093
16384,84378,47,0,10240000,0.25,0.10036
16384,84378,48,0,10240000,0.25,0.102301
16384,84378,49,0,10240000,0.25,0.09679
16384,84378,50,0,10240000,0.25,0.099627
16384,84378,51,0,10240000,0.25,0.090358
16384,84378,52,0,10240000,0.25,0.105429
16384,84378,53,0,10240000,0.25,0.090955
16384,84378,54,0,10240000,0.25,0.095056
16384,84378,55,0,10240000,0.25,0.099314
16384,84378,56,0,10240000,0.25,0.090479
16384,84378,57,0,10240000,0.25,0.095191
16384,84378,58,0,10240000,0.25,0.104305
16384,84378,59,0,10240000,0.25,0.100616
16384,84378,60,0,10240000,0.25,0.086785
16384,84378,61,0,10240000,0.25,0.096376
16384,84378,62,0,10240000,0.25,0.100685
16384,84378,63,0,10240000,0.25,0.107289
16384,84378,64,0,10240000,0.25,0.100732
16384,84378,65,0,10240000,0.25,0.096405
16384,84378,66,0,10240000,0.25,0.104176
16384,84378,67,0,10240000,0.25,0.092657
16384,84378,68,0,10240000,0.25,0.094061
16384,84378,69,0,10240000,0.25,0.105181
16384,84378,70,0,10240000,0.25,0.096756
16384,84378,71,0,10240000,0.25,0.090765
16384,84378,72,0,10240000,0.25,0.099625
16384,84378,73,0,10240000,0.25,0.093958
16384,84378,74,0,10240000,0.25,0.096859
16384,84378,75,0,10240000,0.25,0.098635
16384,84378,76,0,10240000,0.25,0.102011
16384,84378,77,0,10240000,0.25,0.096556
16384,84378,78,0,10240000,0.25,0.096945
16384,84378,79,0,10240000,0.25,0.091591
16384,84378,80,0,10240000,0.25,0.092146
16384,84378,81,0,10240000,0.25,0.097559
16384,84378,82,0,10240000,0.25,0.102003
16384,84378,83,0,10240000,0.25,0.093376
16384,84378,84,0,10240000,0.25,0.099421
16384,84378,85,0,10240000,0.25,0.092714
16384,84378,86,0,10240000,0.25,0.096586
16384,84378,87,0,10240000,0.25,0.101877
16384,84378,88,0,10240000,0.25,0.095273
16384,84378,89,0,10240000,0.25,0.099572
16384,84378,90,0,10240000,0.25,0.09016
16384,84378,91,0,10240000,0.25,0.113488
16384,84378,92,0,10240000,0.25,0.09987
16384,84378,93,0,10240000,0.25,0.097617
16384,84378,94,0,10240000,0.25,0.099756
16384,84378,95,0,10240000,0.25,0.094672
16384,84378,96,0,10240000,0.25,0.105557
16384,84378,97,0,10240000,0.25,0.093965
16384,84378,98,0,10240000,0.25,0.095542
16384,84378,99,0,10240000,0.25,0.09517
16384,84378,100,0,10240000,0.25,0.106455
16384,84378,101,0,10240000,0.25,0.097286
16384,84378,102,0,10240000,0.25,0.095669
16384,84378,103,0,10240000,0.25,0.098335
16384,84378,104,0,10240000,0.25,0.096874
16384,84378,105,0,10240000,0.25,0.095578
16384,84378,106,0,10240000,0.25,0.099763
16384,84378,107,0,10240000,0.25,0.10179
16384,84378,108,0,10240000,0.25,0.102572
16384,84378,109,0,10240000,0.25,0.095705
16384,84378,110,0,10240000,0.25,0.099359
16384,84378,111,0,10240000,0.25,0.101086
16384,84378,112,0,10240000,0.25,0.095972
16384,84378,113,0,10240000,0.25,0.094387
16384,84378,114,0,10240000,0.25,0.092171
16384,84378,115,0,10240000,0.25,0.097772
16384,84378,116,0,10240000,0.25,0.096347
16384,84378,117,0,10240000,0.25,0.101304
16384,84378,118,0,10240000,0.25,0.089281
16384,84378,119,0,10240000,0.25,0.101362
16384,84378,120,0,10240000,0.25,0.094836
16384,84378,121,0,10240000,0.25,0.097004
16384,84378,122,0,10240000,0.25,0.098664
16384,84378,123,0,10240000,0.25,0.098145
16384,84378,124,0,10240000,0.25,0.091824
16384,84378,125,0,10240000,0.25,0.10328
16384,84378,126,0,10240000,0.25,0.100608
16384,84378,127,0,10240000,0.25,0.099929
16384,84378,128,0,10240000,0.25,0.105278
16384,84378,129,0,10240000,0.25,0.090814
16384,84378,130,0,10240000,0.25,0.087786
16384,84378,131,0,10240000,0.25,0.096474
16384,84378,132,0,10240000,0.25,0.09816
16384,84378,133,0,10240000,0.25,0.100174
16384,84378,134,0,10240000,0.25,0.105783
16384,84378,135,0,10240000,0.25,0.098133
16384,84378,136,0,10240000,0.25,0.093669
16384,84378,137,0,10240000,0.25,0.100143
16384,84378,138,0,10240000,0.25,0.09985
16384,84378,139,0,10240000,0.25,0.105384
16384,84378,140,0,10240000,0.25,0.106613
16384,84378,141,0,10240000,0.25,0.098776
16384,84378,142,0,10240000,0.25,0.101361
16384,84378,143,0,10240000,0.25,0.090908
16384,84378,144,0,10240000,0.25,0.109039
16384,84378,145,0,10240000,0.25,0.096817
16384,84378,146,0,10240000,0.25,0.100457
16384,84378,147,0,10240000,0.25,0.093016
16384,84378,148,0,10240000,0.25,0.093917
16384,84378,149,0,10240000,0.25,0.101022
16384,84378,150,0,10240000,0.25,0.100667
16384,84378,151,0,10240000,0.25,0.096954
16384,84378,152,0,10240000,0.25,0.094873
16384,84378,153,0,10240000,0.25,0.09634
16384,84378,154,0,10240000,0.25,0.095075
16384,84378,155,0,10240000,0.25,0.093515
16384,84378,156,0,10240000,0.25,0.100164
16384,84378,157,0,10240000,0.25,0.098712
16384,84378,158,0,10240000,0.25,0.098762
16384,84378,159,0,10240000,0.25,0.097319
16384,84378,160,0,10240000,0.25,0.097544
16384,84378,161,0,10240000,0.25,0.091983
16384,84378,162,0,10240000,0.25,0.097993
16384,84378,163,0,10240000,0.25,0.092241
16384,84378,164,0,10240000,0.25,0.110599
16384,84378,165,0,10240000,0.25,0.089315
16384,84378,166,0,10240000,0.25,0.09376
16384,84378,167,0,10240000,0.25,0.097783
16384,84378,168,0,10240000,0.25,0.098791
16384,84378,169,0,10240000,0.25,0.095385
16384,84378,170,0,10240000,0.25,0.108816
16384,84378,171,0,10240000,0.25,0.099548
16384,84378,172,0,10240000,0.25,0.100892
16384,84378,173,0,10240000,0.25,0.102796
16384,84378,174,0,10240000,0.25,0.094048
16384,84378,175,0,10240000,0.25,0.106161
16384,84378,176,0,10240000,0.25,0.095652
16384,84378,177,0,10240000,0.25,0.095137
16384,84378,178,0,10240000,0.25,0.094167
16384,84378,179,0,10240000,0.25,0.09627
16384,84378,180,0,10240000,0.25,0.096466
16384,84378,181,0,10240000,0.25,0.115053
16384,84378,182,0,10240000,0.25,0.091736
16384,84378,183,0,10240000,0.25,0.103944
16384,84378,184,0,10240000,0.25,0.096535
16384,84378,185,0,10240000,0.25,0.095087
16384,84378,186,0,10240000,0.25,0.095833
16384,84378,187,0,10240000,0.25,0.104879
16384,84378,188,0,10240000,0.25,0.101096
16384,84378,189,0,10240000,0.25,0.112239
16384,84378,190,0,10240000,0.25,0.101975
16384,84378,191,0,10240000,0.25,0.105759
16384,84378,192,0,10240000,0.25,0.106606
16384,84378,193,0,10240000,0.25,0.088431
16384,84378,194,0,10240000,0.25,0.09785
16384,84378,195,0,10240000,0.25,0.092547
16384,84378,196,0,10240000,0.25,0.092504
16384,84378,197,0,10240000,0.25,0.097016
16384,84378,198,0,10240000,0.25,0.094683
16384,84378,199,0,10240000,0.25,0.094503
16384,84378,200,0,10240000,0.25,0.09676
16384,84378,201,0,10240000,0.25,0.097589
16384,84378,202,0,10240000,0.25,0.099945
16384,84378,203,0,10240000,0.25,0.101143
16384,84378,204,0,10240000,0.25,0.105283
16384,84378,205,0,10240000,0.25,0.096462
16384,84378,206,0,10240000,0.25,0.097473
16384,84378,207,0,10240000,0.25,0.098357
16384,84378,208,0,10240000,0.25,0.101266
16384,84378,209,0,10240000,0.25,0.105482
16384,84378,210,0,10240000,0.25,0.102249
16384,84378,211,0,10240000,0.25,0.088844
16384,84378,212,0,10240000,0.25,0.102954
16384,84378,213,0,10240000,0.25,0.099285
16384,84378,214,0,10240000,0.25,0.093422
16384,84378,215,0,10240000,0.25,0.095259
16384,84378,216,0,10240000,0.25,0.094219
16384,84378,217,0,10240000,0.25,0.091871
16384,84378,218,0,10240000,0.25,0.094692
16384,84378,219,0,10240000,0.25,0.096633
16384,84378,220,0,10240000,0.25,0.097705
16384,84378,221,0,10240000,0.25,0.106172
16384,84378,222,0,10240000,0.25,0.093682
16384,84378,223,0,10240000,0.25,0.109714
16384,84378,224,0,10240000,0.25,0.099666
16384,84378,225,0,10240000,0.25,0.109355
16384,84378,226,0,10240000,0.25,0.086411
16384,84378,227,0,10240000,0.25,0.09959
16384,84378,228,0,10240000,0.25,0.093566
16384,84378,229,0,10240000,0.25,0.090761
16384,84378,230,0,10240000,0.25,0.095361
16384,84378,231,0,10240000,0.25,0.088975
16384,84378,232,0,10240000,0.25,0.092603
16384,84378,233,0,10240000,0.25,0.097549
16384,84378,234,0,10240000,0.25,0.10212
16384,84378,235,0,10240000,0.25,0.098412
16384,84378,236,0,10240000,0.25,0.096905
16384,84378,237,0,10240000,0.25,0.087647
16384,84378,238,0,10240000,0.25,0.085227
16384,84378,239,0,10240000,0.25,0.093543
16384,84378,240,0,10240000,0.25,0.12218
16384,84378,241,0,10240000,0.25,0.091202
16384,84378,242,0,10240000,0.25,0.089483
16384,84378,243,0,10240000,0.25,0.096226
16384,84378,244,0,10240000,0.25,0.095249
16384,84378,245,0,10240000,0.25,0.093381
16384,84378,246,0,10240000,0.25,0.094171
16384,84378,247,0,10240000,0.25,0.09815
16384,84378,248,0,10240000,0.25,0.099604
16384,84378,249,0,10240000,0.25,0.095012
16384,84378,250,0,10240000,0.25,0.094034
16384,84378,251,0,10240000,0.25,0.103217
16384,84378,252,0,10240000,0.25,0.098625
16384,84378,253,0,10240000,0.25,0.098584
16384,84378,254,0,10240000,0.25,0.097717
16384,84378,255,0,10240000,0.25,0.100173
16384,84378,256,0,10240000,0.25,0.098001
16384,84378,257,0,10240000,0.25,0.099047
16384,84378,258,0,10240000,0.25,0.097921
16384,84378,259,0,10240000,0.25,0.098443
16384,84378,260,0,10240000,0.25,0.093738
16384,84378,261,0,10240000,0.25,0.091628
16384,84378,262,0,10240000,0.25,0.102904
16384,84378,263,0,10240000,0.25,0.102767
16384,84378,264,0,10240000,0.25,0.093304
16384,84378,265,0,10240000,0.25,0.09594
16384,84378,266,0,10240000,0.25,0.098196
16384,84378,267,0,10240000,0.25,0.122819
16384,84378,268,0,10240000,0.25,0.088739
16384,84378,269,0,10240000,0.25,0.100958
16384,84378,270,0,10240000,0.25,0.098742
16384,84378,271,0,10240000,0.25,0.095266
16384,84378,272,0,10240000,0.25,0.09462
16384,84378,273,0,10240000,0.25,0.089378
16384,84378,274,0,10240000,0.25,0.092386
16384,84378,275,0,10240000,0.25,0.097484
16384,84378,276,0,10240000,0.25,0.090325
16384,84378,277,0,10240000,0.25,0.095566
16384,84378,278,0,10240000,0.25,0.098282
16384,84378,279,0,10240000,0.25,0.100241
16384,84378,280,0,10240000,0.25,0.093185
16384,84378,281,0,10240000,0.25,0.090828
16384,84378,282,0,10240000,0.25,0.100615
16384,84378,283,0,10240000,0.25,0.106259
16384,84378,284,0,10240000,0.25,0.096286
16384,84378,285,0,10240000,0.25,0.108974
16384,84378,286,0,10240000,0.25,0.097315
16384,84378,287,0,10240000,0.25,0.0928
16384,84378,288,0,10240000,0.25,0.097946
16384,84378,289,0,10240000,0.25,0.089079
16384,84378,290,0,10240000,0.25,0.103751
16384,84378,291,0,10240000,0.25,0.097074
16384,84378,292,0,10240000,0.25,0.086891
16384,84378,293,0,10240000,0.25,0.094434
16384,84378,294,0,10240000,0.25,0.100559
16384,84378,295,0,10240000,0.25,0.101936
16384,84378,296,0,10240000,0.25,0.095206
16384,84378,297,0,10240000,0.25,0.094113
16384,84378,298,0,10240000,0.25,0.106306
16384,84378,299,0,10240000,0.25,0.10063
16384,84378,300,0,10240000,0.25,0.113124
16384,84378,301,0,10240000,0.25,0.110038
16384,84378,302,0,10240000,0.25,0.098388
16384,84378,303,0,10240000,0.25,0.095795
16384,84378,304,0,10240000,0.25,0.100786
16384,84378,305,0,10240000,0.25,0.099378
16384,84378,306,0,10240000,0.25,0.096908
16384,84378,307,0,10240000,0.25,0.095417
16384,84378,308,0,10240000,0.25,0.09149
16384,84378,309,0,10240000,0.25,0.093024
16384,84378,310,0,10240000,0.25,0.090012
16384,84378,311,0,10240000,0.25,0.091088
16384,84378,312,0,10240000,0.25,0.090498
16384,84378,313,0,10240000,0.25,0.090044
16384,84378,314,0,10240000,0.25,0.099167
16384,84378,315,0,10240000,0.25,0.099151
16384,84378,316,0,10240000,0.25,0.100989
16384,84378,317,0,10240000,0.25,0.097149
16384,84378,318,0,10240000,0.25,0.106735
16384,84378,319,0,10240000,0.25,0.097079
16384,84378,320,0,10240000,0.25,0.098055
16384,84378,321,0,10240000,0.25,0.099043
16384,84378,322,0,10240000,0.25,0.096302
16384,84378,323,0,10240000,0.25,0.10525
16384,84378,324,0,10240000,0.25,0.103827
16384,84378,325,0,10240000,0.25,0.098225
16384,84378,326,0,10240000,0.25,0.094333
16384,84378,327,0,10240000,0.25,0.099697
16384,84378,328,0,10240000,0.25,0.095436
16384,84378,329,0,10240000,0.25,0.100298
16384,84378,330,0,10240000,0.25,0.103178
16384,84378,331,0,10240000,0.25,0.093068
16384,84378,332,0,10240000,0.25,0.103227
16384,84378,333,0,10240000,0.25,0.090381
16384,84378,334,0,10240000,0.25,0.093929
16384,84378,335,0,10240000,0.25,0.100356
16384,84378,336,0,10240000,0.25,0.097179
16384,84378,337,0,10240000,0.25,0.100798
16384,84378,338,0,10240000,0.25,0.093063
16384,84378,339,0,10240000,0.25,0.100527
16384,84378,340,0,10240000,0.25,0.099741
16384,84378,341,0,10240000,0.25,0.102593
16384,84378,342,0,10240000,0.25,0.098485
16384,84378,343,0,10240000,0.25,0.092699
16384,84378,344,0,10240000,0.25,0.101892
16384,84378,345,0,10240000,0.25,0.104189
16384,84378,346,0,10240000,0.25,0.091612
16384,84378,347,0,10240000,0.25,0.097858
16384,84378,348,0,10240000,0.25,0.106313
16384,84378,349,0,10240000,0.25,0.09829
16384,84378,350,0,10240000,0.25,0.096126
16384,84378,351,0,10240000,0.25,0.098624
16384,84378,352,0,10240000,0.25,0.095399
16384,84378,353,0,10240000,0.25,0.099543
16384,84378,354,0,10240000,0.25,0.095398
16384,84378,355,0,10240000,0.25,0.097601
16384,84378,356,0,10240000,0.25,0.099117
16384,84378,357,0,10240000,0.25,0.099997
16384,84378,358,0,10240000,0.25,0.090173
16384,84378,359,0,10240000,0.25,0.092334
16384,84378,360,0,10240000,0.25,0.090866
16384,84378,361,0,10240000,0.25,0.091536
16384,84378,362,0,10240000,0.25,0.094446
16384,84378,363,0,10240000,0.25,0.100628
16384,84378,364,0,10240000,0.25,0.094081
16384,84378,365,0,10240000,0.25,0.101255
16384,84378,366,0,10240000,0.25,0.089463
16384,84378,367,0,10240000,0.25,0.098436
16384,84378,368,0,10240000,0.25,0.096068
16384,84378,369,0,10240000,0.25,0.090328
16384,84378,370,0,10240000,0.25,0.098942
16384,84378,371,0,10240000,0.25,0.101048
16384,84378,372,0,10240000,0.25,0.100781
16384,84378,373,0,10240000,0.25,0.09953
16384,84378,374,0,10240000,0.25,0.099891
16384,84378,375,0,10240000,0.25,0.096257
16384,84378,376,0,10240000,0.25,0.09603
16384,84378,377,0,10240000,0.25,0.096431
16384,84378,378,0,10240000,0.25,0.093658
16384,84378,379,0,10240000,0.25,0.088208
16384,84378,380,0,10240000,0.25,0.104315
16384,84378,381,0,10240000,0.25,0.095353
16384,84378,382,0,10240000,0.25,0.088629
16384,84378,383,0,10240000,0.25,0.101492
16384,84378,384,0,10240000,0.25,0.101764
16384,84378,385,0,10240000,0.25,0.097928
16384,84378,386,0,10240000,0.25,0.085593
16384,84378,387,0,10240000,0.25,0.094663
16384,84378,388,0,10240000,0.25,0.095266
16384,84378,389,0,10240000,0.25,0.099535
16384,84378,390,0,10240000,0.25,0.095492
16384,84378,391,0,10240000,0.25,0.094816
16384,84378,392,0,10240000,0.25,0.088036
16384,84378,393,0,10240000,0.25,0.093321
16384,84378,394,0,10240000,0.25,0.092275
16384,84378,395,0,10240000,0.25,0.090582
16384,84378,396,0,10240000,0.25,0.096767
16384,84378,397,0,10240000,0.25,0.092799
16384,84378,398,0,10240000,0.25,0.091488
16384,84378,399,0,10240000,0.25,0.094272
16384,84378,400,0,10240000,0.25,0.093744
16384,87654,1,0,10240000,0.25,0.127177
16384,87654,2,0,10240000,0.25,0.154234
16384,87654,3,0,10240000,0.25,0.148158
16384,87654,4,0,10240000,0.25,0.135994
16384,87654,5,0,10240000,0.25,0.152205
16384,87654,6,0,10240000,0.25,0.150115
16384,87654,7,0,10240000,0.25,0.14464
16384,87654,8,0,10240000,0.25,0.160882
16384,87654,9,0,10240000,0.25,0.122665
16384,87654,10,0,10240000,0.25,0.126116
16384,87654,11,0,10240000,0.25,0.145925
16384,87654,12,0,10240000,0.25,0.146929
16384,87654,13,0,10240000,0.25,0.149423
16384,87654,14,0,10240000,0.25,0.134011
16384,87654,15,0,10240000,0.25,0.137378
16384,87654,16,0,10240000,0.25,0.131951
16384,87654,17,0,10240000,0.25,0.149986
16384,87654,18,0,10240000,0.25,0.129581
16384,87654,19,0,10240000,0.25,0.137544
16384,87654,20,0,10240000,0.25,0.142881
16384,87654,21,0,10240000,0.25,0.160181
16384,87654,22,0,10240000,0.25,0.139587
16384,87654,23,0,10240000,0.25,0.134179
16384,87654,24,0,10240000,0.25,0.131653
16384,87654,25,0,10240000,0.25,0.132759
16384,87654,26,0,10240000,0.25,0.120259
16384,87654,27,0,10240000,0.25,0.133818
16384,87654,28,0,10240000,0.25,0.138181
16384,87654,29,0,10240000,0.25,0.144797
16384,87654,30,0,10240000,0.25,0.160555
16384,87654,31,0,10240000,0.25,0.12853
16384,87654,32,0,10240000,0.25,0.133863
16384,87654,33,0,10240000,0.25,0.156549
16384,87654,34,0,10240000,0.25,0.159365
16384,87654,35,0,10240000,0.25,0.162851
16384,87654,36,0,10240000,0.25,0.15173
16384,87654,37,0,10240000,0.25,0.13695
16384,87654,38,0,10240000,0.25,0.139252
16384,87654,39,0,10240000,0.25,0.139611
16384,87654,40,0,10240000,0.25,0.152796
16384,87654,41,0,10240000,0.25,0.144256
16384,87654,42,0,10240000,0.25,0.14002
16384,87654,43,0,10240000,0.25,0.137158
16384,87654,44,0,10240000,0.25,0.126786
16384,87654,45,0,10240000,0.25,0.152847
16384,87654,46,0,10240000,0.25,0.137277
16384,87654,47,0,10240000,0.25,0.157819
16384,87654,48,0,10240000,0.25,0.132947
16384,87654,49,0,10240000,0.25,0.148447
16384,87654,50,0,10240000,0.25,0.128274
16384,87654,51,0,10240000,0.25,0.134863
16384,87654,52,0,10240000,0.25,0.142879
16384,87654,53,0,10240000,0.25,0.14417
16384,87654,54,0,10240000,0.25,0.147273
16384,87654,55,0,10240000,0.25,0.132065
16384,87654,56,0,10240000,0.25,0.127533
16384,87654,57,0,10240000,0.25,0.136573
16384,87654,58,0,10240000,0.25,0.137757
16384,87654,59,0,10240000,0.25,0.129253
16384,87654,60,0,10240000,0.25,0.137676
16384,87654,61,0,10240000,0.25,0.146173
16384,87654,62,0,10240000,0.25,0.144271
16384,87654,63,0,10240000,0.25,0.137858
16384,87654,64,0,10240000,0.25,0.13196
16384,87654,65,0,10240000,0.25,0.144845
16384,87654,66,0,10240000,0.25,0.158223
16384,87654,67,0,10240000,0.25,0.141714
16384,87654,68,0,10240000,0.25,0.154467
16384,87654,69,0,10240000,0.25,0.128291
16384,87654,70,0,10240000,0.25,0.135727
16384,87654,71,0,10240000,0.25,0.147246
16384,87654,72,0,10240000,0.25,0.151339
16384,87654,73,0,10240000,0.25,0.123336
16384,87654,74,0,10240000,0.25,0.129727
16384,87654,75,0,10240000,0.25,0.138949
16384,87654,76,0,10240000,0.25,0.133003
16384,87654,77,0,10240000,0.25,0.148938
16384,87654,78,0,10240000,0.25,0.145962
16384,87654,79,0,10240000,0.25,0.150242
16384,87654,80,0,10240000,0.25,0.168274
16384,87654,81,0,10240000,0.25,0.142819
16384,87654,82,0,10240000,0.25,0.152527
16384,87654,83,0,10240000,0.25,0.144142
16384,87654,84,0,10240000,0.25,0.128573
16384,87654,85,0,10240000,0.25,0.148437
16384,87654,86,0,10240000,0.25,0.132494
16384,87654,87,0,10240000,0.25,0.143707
16384,87654,88,0,10240000,0.25,0.145375
16384,87654,89,0,10240000,0.25,0.133174
16384,87654,90,0,10240000,0.25,0.13098
16384,87654,91,0,10240000,0.25,0.164331
16384,87654,92,0,10240000,0.25,0.148358
16384,87654,93,0,10240000,0.25,0.143677
16384,87654,94,0,10240000,0.25,0.141261
16384,87654,95,0,10240000,0.25,0.144307
16384,87654,96,0,10240000,0.25,0.142116
16384,87654,97,0,10240000,0.25,0.13618
16384,87654,98,0,10240000,0.25,0.130513
16384,87654,99,0,10240000,0.25,0.146756
16384,87654,100,0,10240000,0.25,0.139978
16384,87654,101,0,10240000,0.25,0.134909
16384,87654,102,0,10240000,0.25,0.149278
16384,87654,103,0,10240000,0.25,0.155865
16384,87654,104,0,10240000,0.25,0.127375
16384,87654,105,0,10240000,0.25,0.134138
16384,87654,106,0,10240000,0.25,0.142437
16384,87654,107,0,10240000,0.25,0.142735
16384,87654,108,0,10240000,0.25,0.15072
16384,87654,109,0,10240000,0.25,0.124827
16384,87654,110,0,10240000,0.25,0.140805
16384,87654,111,0,10240000,0.25,0.124851
16384,87654,112,0,10240000,0.25,0.142189
16384,87654,113,0,10240000,0.25,0.141766
16384,87654,114,0,10240000,0.25,0.129355
16384,87654,115,0,10240000,0.25,0.129402
16384,87654,116,0,10240000,0.25,0.13235
16384,87654,117,0,10240000,0.25,0.158562
16384,87654,118,0,10240000,0.25,0.153505
16384,87654,119,0,10240000,0.25,0.140027
16384,87654,120,0,10240000,0.25,0.142445
16384,87654,121,0,10240000,0.25,0.135564
16384,87654,122,0,10240000,0.25,0.146562
16384,87654,123,0,10240000,0.25,0.158247
16384,87654,124,0,10240000,0.25,0.145591
16384,87654,125,0,10240000,0.25,0.125217
16384,87654,126,0,10240000,0.25,0.147241
16384,87654,127,0,10240000,0.25,0.133242
16384,87654,128,0,10240000,0.25,0.121102
16384,87654,129,0,10240000,0.25,0.139007
16384,87654,130,0,10240000,0.25,0.134337
16384,87654,131,0,10240000,0.25,0.145733
16384,87654,132,0,10240000,0.25,0.15534
16384,87654,133,0,10240000,0.25,0.144936
16384,87654,134,0,10240000,0.25,0.1471
16384,87654,135,0,10240000,0.25,0.131857
16384,87654,136,0,10240000,0.25,0.123176
16384,87654,137,0,10240000,0.25,0.144059
16384,87654,138,0,10240000,0.25,0.127187
16384,87654,139,0,10240000,0.25,0.145033
16384,87654,140,0,10240000,0.25,0.151626
16384,87654,141,0,10240000,0.25,0.138653
16384,87654,142,0,10240000,0.25,0.134668
16384,87654,143,0,10240000,0.25,0.145853
16384,87654,144,0,10240000,0.25,0.136732
16384,87654,145,0,10240000,0.25,0.142127
16384,87654,146,0,10240000,0.25,0.140828
16384,87654,147,0,10240000,0.25,0.145562
16384,87654,148,0,10240000,0.25,0.136444
16384,87654,149,0,10240000,0.25,0.126181
16384,87654,150,0,10240000,0.25,0.147724
16384,87654,151,0,10240000,0.25,0.139694
16384,87654,152,0,10240000,0.25,0.152249
16384,87654,153,0,10240000,0.25,0.138692
16384,87654,154,0,10240000,0.25,0.149721
16384,87654,155,0,10240000,0.25,0.1298
16384,87654,156,0,10240000,0.25,0.156514
16384,87654,157,0,10240000,0.25,0.127894
16384,87654,158,0,10240000,0.25,0.135141
16384,87654,159,0,10240000,0.25,0.141664
16384,87654,160,0,10240000,0.25,0.142847
16384,87654,161,0,10240000,0.25,0.146114
16384,87654,162,0,10240000,0.25,0.123183
16384,87654,163,0,10240000,0.25,0.139601
16384,87654,164,0,10240000,0.25,0.133069
16384,87654,165,0,10240000,0.25,0.132503
16384,87654,166,0,10240000,0.25,0.12601
16384,87654,167,0,10240000,0.25,0.148468
16384,87654,168,0,10240000,0.25,0.128044
16384,87654,169,0,10240000,0.25,0.133129
16384,87654,170,0,10240000,0.25,0.144471
16384,87654,171,0,10240000,0.25,0.124024
16384,87654,172,0,10240000,0.25,0.151167
16384,87654,173,0,10240000,0.25,0.129938
16384,87654,174,0,10240000,0.25,0.150181
16384,87654,175,0,10240000,0.25,0.145603
16384,87654,176,0,10240000,0.25,0.153073
16384,87654,177,0,10240000,0.25,0.134575
16384,87654,178,0,10240000,0.25,0.138528
16384,87654,179,0,10240000,0.25,0.14932
16384,87654,180,0,10240000,0.25,0.136726
16384,87654,181,0,10240000,0.25,0.152929
16384,87654,182,0,10240000,0.25,0.159974
16384,87654,183,0,10240000,0.25,0.141923
16384,87654,184,0,10240000,0.25,0.162281
16384,87654,185,0,10240000,0.25,0.126757
16384,87654,186,0,10240000,0.25,0.13957
16384,87654,187,0,10240000,0.25,0.140121
16384,87654,188,0,10240000,0.25,0.133258
16384,87654,189,0,10240000,0.25,0.137542
16384,87654,190,0,10240000,0.25,0.143458
16384,87654,191,0,10240000,0.25,0.143349
16384,87654,192,0,10240000,0.25,0.145469
16384,87654,193,0,10240000,0.25,0.134186
16384,87654,194,0,10240000,0.25,0.144234
16384,87654,195,0,10240000,0.25,0.155273
16384,87654,196,0,10240000,0.25,0.153388
16384,87654,197,0,10240000,0.25,0.147086
16384,87654,198,0,10240000,0.25,0.147516
16384,87654,199,0,10240000,0.25,0.147595
16384,87654,200,0,10240000,0.25,0.144835
16384,87654,201,0,10240000,0.25,0.135371
16384,87654,202,0,10240000,0.25,0.13005
16384,87654,203,0,10240000,0.25,0.147387
16384,87654,204,0,10240000,0.25,0.127513
16384,87654,205,0,10240000,0.25,0.140666
16384,87654,206,0,10240000,0.25,0.153264
16384,87654,207,0,10240000,0.25,0.148976
16384,87654,208,0,10240000,0.25,0.138584
16384,87654,209,0,10240000,0.25,0.139913
16384,87654,210,0,10240000,0.25,0.131632
16384,87654,211,0,10240000,0.25,0.160854
16384,87654,212,0,10240000,0.25,0.133959
16384,87654,213,0,10240000,0.25,0.139711
16384,87654,214,0,10240000,0.25,0.148841
16384,87654,215,0,10240000,0.25,0.1451
16384,87654,216,0,10240000,0.25,0.13788
16384,87654,217,0,10240000,0.25,0.135957
16384,87654,218,0,10240000,0.25,0.127917
16384,87654,219,0,10240000,0.25,0.138995
16384,87654,220,0,10240000,0.25,0.147881
16384,87654,221,0,10240000,0.25,0.127304
16384,87654,222,0,10240000,0.25,0.134084
16384,87654,223,0,10240000,0.25,0.129764
16384,87654,224,0,10240000,0.25,0.145146
16384,87654,225,0,10240000,0.25,0.145633
16384,87654,226,0,10240000,0.25,0.144086
16384,87654,227,0,10240000,0.25,0.141988
16384,87654,228,0,10240000,0.25,0.141455
16384,87654,229,0,10240000,0.25,0.135104
16384,87654,230,0,10240000,0.25,0.153871
16384,87654,231,0,10240000,0.25,0.141373
16384,87654,232,0,10240000,0.25,0.149786
16384,87654,233,0,10240000,0.25,0.139343
16384,87654,234,0,10240000,0.25,0.128483
16384,87654,235,0,10240000,0.25,0.153087
16384,87654,236,0,10240000,0.25,0.158244
16384,87654,237,0,10240000,0.25,0.137988
16384,87654,238,0,10240000,0.25,0.143952
16384,87654,239,0,10240000,0.25,0.144046
16384,87654,240,0,10240000,0.25,0.159703
16384,87654,241,0,10240000,0.25,0.137488
16384,87654,242,0,10240000,0.25,0.144742
16384,87654,243,0,10240000,0.25,0.147466
16384,87654,244,0,10240000,0.25,0.153538
16384,87654,245,0,10240000,0.25,0.134271
16384,87654,246,0,10240000,0.25,0.133407
16384,87654,247,0,10240000,0.25,0.143655
16384,87654,248,0,10240000,0.25,0.152096
16384,87654,249,0,10240000,0.25,0.130767
16384,87654,250,0,10240000,0.25,0.137525
16384,87654,251,0,10240000,0.25,0.151235
16384,87654,252,0,10240000,0.25,0.142422
16384,87654,253,0,10240000,0.25,0.143872
16384,87654,254,0,10240000,0.25,0.14035
16384,87654,255,0,10240000,0.25,0.137912
16384,87654,256,0,10240000,0.25,0.148802
16384,87654,257,0,10240000,0.25,0.137084
16384,87654,258,0,10240000,0.25,0.137563
16384,87654,259,0,10240000,0.25,0.152503
16384,87654,260,0,10240000,0.25,0.147237
16384,87654,261,0,10240000,0.25,0.13615
16384,87654,262,0,10240000,0.25,0.152962
16384,87654,263,0,10240000,0.25,0.129302
16384,87654,264,0,10240000,0.25,0.133029
16384,87654,265,0,10240000,0.25,0.146026
16384,87654,266,0,10240000,0.25,0.144421
16384,87654,267,0,10240000,0.25,0.144088
16384,87654,268,0,10240000,0.25,0.141108
16384,87654,269,0,10240000,0.25,0.139719
16384,87654,270,0,10240000,0.25,0.16214
16384,87654,271,0,10240000,0.25,0.141761
16384,87654,272,0,10240000,0.25,0.133098
16384,87654,273,0,10240000,0.25,0.150629
16384,87654,274,0,10240000,0.25,0.133765
16384,87654,275,0,10240000,0.25,0.147323
16384,87654,276,0,10240000,0.25,0.137039
16384,87654,277,0,10240000,0.25,0.133986
16384,87654,278,0,10240000,0.25,0.139368
16384,87654,279,0,10240000,0.25,0.144818
16384,87654,280,0,10240000,0.25,0.157166
16384,87654,281,0,10240000,0.25,0.14089
16384,87654,282,0,10240000,0.25,0.130257
16384,87654,283,0,10240000,0.25,0.136769
16384,87654,284,0,10240000,0.25,0.152459
16384,87654,285,0,10240000,0.25,0.132599
16384,87654,286,0,10240000,0.25,0.136688
16384,87654,287,0,10240000,0.25,0.124197
16384,87654,288,0,10240000,0.25,0.142195
16384,87654,289,0,10240000,0.25,0.134914
16384,87654,290,0,10240000,0.25,0.151545
16384,87654,291,0,10240000,0.25,0.15386
16384,87654,292,0,10240000,0.25,0.128347
16384,87654,293,0,10240000,0.25,0.153231
16384,87654,294,0,10240000,0.25,0.139683
16384,87654,295,0,10240000,0.25,0.128457
16384,87654,296,0,10240000,0.25,0.140561
16384,87654,297,0,10240000,0.25,0.137903
16384,87654,298,0,10240000,0.25,0.148084
16384,87654,299,0,10240000,0.25,0.148697
16384,87654,300,0,10240000,0.25,0.146318
16384,87654,301,0,10240000,0.25,0.134498
16384,87654,302,0,10240000,0.25,0.152231
16384,87654,303,0,10240000,0.25,0.150153
16384,87654,304,0,10240000,0.25,0.137315
16384,87654,305,0,10240000,0.25,0.125397
16384,87654,306,0,10240000,0.25,0.121497
16384,87654,307,0,10240000,0.25,0.15428
16384,87654,308,0,10240000,0.25,0.142163
16384,87654,309,0,10240000,0.25,0.136407
16384,87654,310,0,10240000,0.25,0.131826
16384,87654,311,0,10240000,0.25,0.161973
16384,87654,312,0,10240000,0.25,0.135049
16384,87654,313,0,10240000,0.25,0.136143
16384,87654,314,0,10240000,0.25,0.132129
16384,87654,315,0,10240000,0.25,0.157378
16384,87654,316,0,10240000,0.25,0.145136
16384,87654,317,0,10240000,0.25,0.1342
16384,87654,318,0,10240000,0.25,0.135684
16384,87654,319,0,10240000,0.25,0.134793
16384,87654,320,0,10240000,0.25,0.144762
16384,87654,321,0,10240000,0.25,0.130404
16384,87654,322,0,10240000,0.25,0.144477
16384,87654,323,0,10240000,0.25,0.167306
16384,87654,324,0,10240000,0.25,0.141839
16384,87654,325,0,10240000,0.25,0.158491
16384,87654,326,0,10240000,0.25,0.139941
16384,87654,327,0,10240000,0.25,0.146448
16384,87654,328,0,10240000,0.25,0.13699
16384,87654,329,0,10240000,0.25,0.150713
16384,87654,330,0,10240000,0.25,0.146957
16384,87654,331,0,10240000,0.25,0.127244
16384,87654,332,0,10240000,0.25,0.130457
16384,87654,333,0,10240000,0.25,0.131448
16384,87654,334,0,10240000,0.25,0.147317
16384,87654,335,0,10240000,0.25,0.140752
16384,87654,336,0,10240000,0.25,0.144062
16384,87654,337,0,10240000,0.25,0.148247
16384,87654,338,0,10240000,0.25,0.125654
16384,87654,339,0,10240000,0.25,0.133497
16384,87654,340,0,10240000,0.25,0.149465
16384,87654,341,0,10240000,0.25,0.134576
16384,87654,342,0,10240000,0.25,0.136575
16384,87654,343,0,10240000,0.25,0.146388
16384,87654,344,0,10240000,0.25,0.140012
16384,87654,345,0,10240000,0.25,0.149881
16384,87654,346,0,10240000,0.25,0.12948
16384,87654,347,0,10240000,0.25,0.150986
16384,87654,348,0,10240000,0.25,0.153587
16384,87654,349,0,10240000,0.25,0.135379
16384,87654,350,0,10240000,0.25,0.125599
16384,87654,351,0,10240000,0.25,0.160001
16384,87654,352,0,10240000,0.25,0.141346
16384,87654,353,0,10240000,0.25,0.144629
16384,87654,354,0,10240000,0.25,0.135994
16384,87654,355,0,10240000,0.25,0.15522
16384,87654,356,0,10240000,0.25,0.140719
16384,87654,357,0,10240000,0.25,0.155792
16384,87654,358,0,10240000,0.25,0.139403
16384,87654,359,0,10240000,0.25,0.135989
16384,87654,360,0,10240000,0.25,0.157104
16384,87654,361,0,10240000,0.25,0.161183
16384,87654,362,0,10240000,0.25,0.136988
16384,87654,363,0,10240000,0.25,0.136665
16384,87654,364,0,10240000,0.25,0.137119
16384,87654,365,0,10240000,0.25,0.132309
16384,87654,366,0,10240000,0.25,0.132561
16384,87654,367,0,10240000,0.25,0.141663
16384,87654,368,0,10240000,0.25,0.148633
16384,87654,369,0,10240000,0.25,0.139562
16384,87654,370,0,10240000,0.25,0.12944
16384,87654,371,0,10240000,0.25,0.144721
16384,87654,372,0,10240000,0.25,0.1476
16384,87654,373,0,10240000,0.25,0.147021
16384,87654,374,0,10240000,0.25,0.14085
16384,87654,375,0,10240000,0.25,0.155062
16384,87654,376,0,10240000,0.25,0.124339
16384,87654,377,0,10240000,0.25,0.135413
16384,87654,378,0,10240000,0.25,0.175456
16384,87654,379,0,10240000,0.25,0.12775
16384,87654,380,0,10240000,0.25,0.130119
16384,87654,381,0,10240000,0.25,0.135461
16384,87654,382,0,10240000,0.25,0.148747
16384,87654,383,0,10240000,0.25,0.152174
16384,87654,384,0,10240000,0.25,0.141261
16384,87654,385,0,10240000,0.25,0.137377
16384,87654,386,0,10240000,0.25,0.140507
16384,87654,387,0,10240000,0.25,0.160855
16384,87654,388,0,10240000,0.25,0.141629
16384,87654,389,0,10240000,0.25,0.135472
16384,87654,390,0,10240000,0.25,0.132163
16384,87654,391,0,10240000,0.25,0.138397
16384,87654,392,0,10240000,0.25,0.155432
16384,87654,393,0,10240000,0.25,0.15747
16384,87654,394,0,10240000,0.25,0.147252
16384,87654,395,0,10240000,0.25,0.138228
16384,87654,396,0,10240000,0.25,0.143379
16384,87654,397,0,10240000,0.25,0.144176
16384,87654,398,0,10240000,0.25,0.128005
16384,87654,399,0,10240000,0.25,0.133137
16384,87654,400,0,10240000,0.25,0.137662
16384,90931,1,0,10240000,0.25,0.25995
16384,90931,2,0,10240000,0.25,0.226587
16384,90931,3,0,10240000,0.25,0.243755
16384,90931,4,0,10240000,0.25,0.232029
16384,90931,5,0,10240000,0.25,0.250793
16384,90931,6,0,10240000,0.25,0.237468
16384,90931,7,0,10240000,0.25,0.232594
16384,90931,8,0,10240000,0.25,0.240614
16384,90931,9,0,10240000,0.25,0.230853
16384,90931,10,0,10240000,0.25,0.251254
16384,90931,11,0,10240000,0.25,0.249601
16384,90931,12,0,10240000,0.25,0.21883
16384,90931,13,0,10240000,0.25,0.242686
16384,90931,14,0,10240000,0.25,0.24708
16384,90931,15,0,10240000,0.25,0.267176
16384,90931,16,0,10240000,0.25,0.261518
16384,90931,17,0,10240000,0.25,0.254657
16384,90931,18,0,10240000,0.25,0.233627
16384,90931,19,0,10240000,0.25,0.219101
16384,90931,20,0,10240000,0.25,0.252704
16384,90931,21,0,10240000,0.25,0.213272
16384,90931,22,0,10240000,0.25,0.240531
16384,90931,23,0,10240000,0.25,0.234399
16384,90931,24,0,10240000,0.25,0.216167
16384,90931,25,0,10240000,0.25,0.275029
16384,90931,26,0,10240000,0.25,0.19924
16384,90931,27,0,10240000,0.25,0.268649
16384,90931,28,0,10240000,0.25,0.235872
16384,90931,29,0,10240000,0.25,0.199172
16384,90931,30,0,10240000,0.25,0.245265
16384,90931,31,0,10240000,0.25,0.207011
16384,90931,32,0,10240000,0.25,0.215499
16384,90931,33,0,10240000,0.25,0.233147
16384,90931,34,0,10240000,0.25,0.233301
16384,90931,35,0,10240000,0.25,0.236876
16384,90931,36,0,10240000,0.25,0.242108
16384,90931,37,0,10240000,0.25,0.259892
16384,90931,38,0,10240000,0.25,0.208505
16384,90931,39,0,10240000,0.25,0.24766
16384,90931,40,0,10240000,0.25,0.267224
16384,90931,41,0,10240000,0.25,0.204021
16384,90931,42,0,10240000,0.25,0.236904
16384,90931,43,0,10240000,0.25,0.217075
16384,90931,44,0,10240000,0.25,0.228649
16384,90931,45,0,10240000,0.25,0.229998
16384,90931,46,0,10240000,0.25,0.22473
16384,90931,47,0,10240000,0.25,0.256558
16384,90931,48,0,10240000,0.25,0.216265
16384,90931,49,0,10240000,0.25,0.226623
16384,90931,50,0,10240000,0.25,0.214737
16384,90931,51,0,10240000,0.25,0.199169
16384,90931,52,0,10240000,0.25,0.23258
16384,90931,53,0,10240000,0.25,0.235208
16384,90931,54,0,10240000,0.25,0.243804
16384,90931,55,0,10240000,0.25,0.221798
16384,90931,56,0,10240000,0.25,0.198737
16384,90931,57,0,10240000,0.25,0.215602
16384,90931,58,0,10240000,0.25,0.223517
16384,90931,59,0,10240000,0.25,0.214423
16384,90931,60,0,10240000,0.25,0.236977
16384,90931,61,0,10240000,0.25,0.245991
16384,90931,62,0,10240000,0.25,0.205725
16384,90931,63,0,10240000,0.25,0.24754
16384,90931,64,0,10240000,0.25,0.216659
16384,90931,65,0,10240000,0.25,0.237906
16384,90931,66,0,10240000,0.25,0.251634
16384,90931,67,0,10240000,0.25,0.25567
16384,90931,68,0,10240000,0.25,0.272844
16384,90931,69,0,10240000,0.25,0.210004
16384,90931,70,0,10240000,0.25,0.238763
16384,90931,71,0,10240000,0.25,0.256222
16384,90931,72,0,10240000,0.25,0.215357
16384,90931,73,0,10240000,0.25,0.206716
16384,90931,74,0,10240000,0.25,0.247769
16384,90931,75,0,10240000,0.25,0.21386
16384,90931,76,0,10240000,0.25,0.245467
16384,90931,77,0,10240000,0.25,0.240084
16384,90931,78,0,10240000,0.25,0.237549
16384,90931,79,0,10240000,0.25,0.236423
16384,90931,80,0,10240000,0.25,0.263205
16384,90931,81,0,10240000,0.25,0.279425
16384,90931,82,0,10240000,0.25,0.250196
16384,90931,83,0,10240000,0.25,0.249192
16384,90931,84,0,10240000,0.25,0.246774
16384,90931,85,0,10240000,0.25,0.180318
16384,90931,86,0,10240000,0.25,0.226763
16384,90931,87,0,10240000,0.25,0.208343
16384,90931,88,0,10240000,0.25,0.22271
16384,90931,89,0,10240000,0.25,0.244545
16384,90931,90,0,10240000,0.25,0.237315
16384,90931,91,0,10240000,0.25,0.23261
16384,90931,92,0,10240000,0.25,0.279416
16384,90931,93,0,10240000,0.25,0.272275
16384,90931,94,0,10240000,0.25,0.242417
16384,90931,95,0,10240000,0.25,0.207406
16384,90931,96,0,10240000,0.25,0.192763
16384,90931,97,0,10240000,0.25,0.218329
16384,90931,98,0,10240000,0.25,0.255821
16384,90931,99,0,10240000,0.25,0.215957
16384,90931,100,0,10240000,0.25,0.216665
16384,90931,101,0,10240000,0.25,0.213619
16384,90931,102,0,10240000,0.25,0.231046
16384,90931,103,0,10240000,0.25,0.230168
16384,90931,104,0,10240000,0.25,0.290834
16384,90931,105,0,10240000,0.25,0.239845
16384,90931,106,0,10240000,0.25,0.260606
16384,90931,107,0,10240000,0.25,0.243073
16384,90931,108,0,10240000,0.25,0.240881
16384,90931,109,0,10240000,0.25,0.265069
16384,90931,110,0,10240000,0.25,0.270266
16384,90931,111,0,10240000,0.25,0.246875
16384,90931,112,0,10240000,0.25,0.209886
16384,90931,113,0,10240000,0.25,0.225353
16384,90931,114,0,10240000,0.25,0.232302
16384,90931,115,0,10240000,0.25,0.218456
16384,90931,116,0,10240000,0.25,0.226857
16384,90931,117,0,10240000,0.25,0.207405
16384,90931,118,0,10240000,0.25,0.234249
16384,90931,119,0,10240000,0.25,0.20682
16384,90931,120,0,10240000,0.25,0.218238
16384,90931,121,0,10240000,0.25,0.248179
16384,90931,122,0,10240000,0.25,0.235204
16384,90931,123,0,10240000,0.25,0.250636
16384,90931,124,0,10240000,0.25,0.203865
16384,90931,125,0,10240000,0.25,0.213671
16384,90931,126,0,10240000,0.25,0.235554
16384,90931,127,0,10240000,0.25,0.213499
16384,90931,128,0,10240000,0.25,0.264115
16384,90931,129,0,10240000,0.25,0.210204
16384,90931,130,0,10240000,0.25,0.268729
16384,90931,131,0,10240000,0.25,0.232482
16384,90931,132,0,10240000,0.25,0.217783
16384,90931,133,0,10240000,0.25,0.227213
16384,90931,134,0,10240000,0.25,0.230124
16384,90931,135,0,10240000,0.25,0.245898
16384,90931,136,0,10240000,0.25,0.233041
16384,90931,137,0,10240000,0.25,0.268997
16384,90931,138,0,10240000,0.25,0.265941
16384,90931,139,0,10240000,0.25,0.218559
16384,90931,140,0,10240000,0.25,0.228756
16384,90931,141,0,10240000,0.25,0.233735
16384,90931,142,0,10240000,0.25,0.282287
16384,90931,143,0,10240000,0.25,0.210104
16384,90931,144,0,10240000,0.25,0.212552
16384,90931,145,0,10240000,0.25,0.23503
16384,90931,146,0,10240000,0.25,0.192105
16384,90931,147,0,10240000,0.25,0.200774
16384,90931,148,0,10240000,0.25,0.217755
16384,90931,149,0,10240000,0.25,0.213628
16384,90931,150,0,10240000,0.25,0.190029
16384,90931,151,0,10240000,0.25,0.221348
16384,90931,152,0,10240000,0.25,0.200577
16384,90931,153,0,10240000,0.25,0.228635
16384,90931,154,0,10240000,0.25,0.19722
16384,90931,155,0,10240000,0.25,0.250523
16384,90931,156,0,10240000,0.25,0.255461
16384,90931,157,0,10240000,0.25,0.224026
16384,90931,158,0,10240000,0.25,0.202384
16384,90931,159,0,10240000,0.25,0.213782
16384,90931,160,0,10240000,0.25,0.199294
16384,90931,161,0,10240000,0.25,0.258074
16384,90931,162,0,10240000,0.25,0.248967
16384,90931,163,0,10240000,0.25,0.254185
16384,90931,164,0,10240000,0.25,0.217421
16384,90931,165,0,10240000,0.25,0.270716
16384,90931,166,0,10240000,0.25,0.203479
16384,90931,167,0,10240000,0.25,0.241694
16384,90931,168,0,10240000,0.25,0.212536
16384,90931,169,0,10240000,0.25,0.226754
16384,90931,170,0,10240000,0.25,0.244297
16384,90931,171,0,10240000,0.25,0.212874
16384,90931,172,0,10240000,0.25,0.217733
16384,90931,173,0,10240000,0.25,0.284394
16384,90931,174,0,10240000,0.25,0.226514
16384,90931,175,0,10240000,0.25,0.221524
16384,90931,176,0,10240000,0.25,0.227604
16384,90931,177,0,10240000,0.25,0.210584
16384,90931,178,0,10240000,0.25,0.235762
16384,90931,179,0,10240000,0.25,0.209767
16384,90931,180,0,10240000,0.25,0.195536
16384,90931,181,0,10240000,0.25,0.203828
16384,90931,182,0,10240000,0.25,0.224609
16384,90931,183,0,10240000,0.25,0.223924
16384,90931,184,0,10240000,0.25,0.236009
16384,90931,185,0,10240000,0.25,0.201326
16384,90931,186,0,10240000,0.25,0.28268
16384,90931,187,0,10240000,0.25,0.237898
16384,90931,188,0,10240000,0.25,0.220225
16384,90931,189,0,10240000,0.25,0.22177
16384,90931,190,0,10240000,0.25,0.226216
16384,90931,191,0,10240000,0.25,0.259453
16384,90931,192,0,10240000,0.25,0.19385
16384,90931,193,0,10240000,0.25,0.23484
16384,90931,194,0,10240000,0.25,0.22203
16384,90931,195,0,10240000,0.25,0.195783
16384,90931,196,0,10240000,0.25,0.236229
16384,90931,197,0,10240000,0.25,0.208473
16384,90931,198,0,10240000,0.25,0.239745
16384,90931,199,0,10240000,0.25,0.21352
16384,90931,200,0,10240000,0.25,0.230743
16384,90931,201,0,10240000,0.25,0.226641
16384,90931,202,0,10240000,0.25,0.219071
16384,90931,203,0,10240000,0.25,0.189274
16384,90931,204,0,10240000,0.25,0.242642
16384,90931,205,0,10240000,0.25,0.22974
16384,90931,206,0,10240000,0.25,0.215612
16384,90931,207,0,10240000,0.25,0.202387
16384,90931,208,0,10240000,0.25,0.236891
16384,90931,209,0,10240000,0.25,0.219295
16384,90931,210,0,10240000,0.25,0.206495
16384,90931,211,0,10240000,0.25,0.277772
16384,90931,212,0,10240000,0.25,0.252683
16384,90931,213,0,10240000,0.25,0.213078
16384,90931,214,0,10240000,0.25,0.222779
16384,90931,215,0,10240000,0.25,0.26276
16384,90931,216,0,10240000,0.25,0.236428
16384,90931,217,0,10240000,0.25,0.24528
16384,90931,218,0,10240000,0.25,0.229455
16384,90931,219,0,10240000,0.25,0.248826
16384,90931,220,0,10240000,0.25,0.233347
16384,90931,221,0,10240000,0.25,0.225374
16384,90931,222,0,10240000,0.25,0.189554
16384,90931,223,0,10240000,0.25,0.189332
16384,90931,224,0,10240000,0.25,0.213749
16384,90931,225,0,10240000,0.25,0.21648
16384,90931,226,0,10240000,0.25,0.281328
16384,90931,227,0,10240000,0.25,0.246047
16384,90931,228,0,10240000,0.25,0.251896
16384,90931,229,0,10240000,0.25,0.277903
16384,90931,230,0,10240000,0.25,0.268065
16384,90931,231,0,10240000,0.25,0.216299
16384,90931,232,0,10240000,0.25,0.229126
16384,90931,233,0,10240000,0.25,0.228976
16384,90931,234,0,10240000,0.25,0.241885
16384,90931,235,0,10240000,0.25,0.208516
16384,90931,236,0,10240000,0.25,0.23043
16384,90931,237,0,10240000,0.25,0.216816
16384,90931,238,0,10240000,0.25,0.249515
16384,90931,239,0,10240000,0.25,0.223039
16384,90931,240,0,10240000,0.25,0.228951
16384,90931,241,0,10240000,0.25,0.274307
16384,90931,242,0,10240000,0.25,0.246147
16384,90931,243,0,10240000,0.25,0.278997
16384,90931,244,0,10240000,0.25,0.220172
16384,90931,245,0,10240000,0.25,0.212233
16384,90931,246,0,10240000,0.25,0.242761
16384,90931,247,0,10240000,0.25,0.227986
16384,90931,248,0,10240000,0.25,0.221764
16384,90931,249,0,10240000,0.25,0.196187
16384,90931,250,0,10240000,0.25,0.229663
16384,90931,251,0,10240000,0.25,0.254877
16384,90931,252,0,10240000,0.25,0.21698
16384,90931,253,0,10240000,0.25,0.226499
16384,90931,254,0,10240000,0.25,0.233625
16384,90931,255,0,10240000,0.25,0.23384
16384,90931,256,0,10240000,0.25,0.227175
16384,90931,257,0,10240000,0.25,0.232311
16384,90931,258,0,10240000,0.25,0.226586
16384,90931,259,0,10240000,0.25,0.222889
16384,90931,260,0,10240000,0.25,0.308252
16384,90931,261,0,10240000,0.25,0.222746
16384,90931,262,0,10240000,0.25,0.255331
16384,90931,263,0,10240000,0.25,0.237549
16384,90931,264,0,10240000,0.25,0.222522
16384,90931,265,0,10240000,0.25,0.227049
16384,90931,266,0,10240000,0.25,0.217452
16384,90931,267,0,10240000,0.25,0.25446
16384,90931,268,0,10240000,0.25,0.283415
16384,90931,269,0,10240000,0.25,0.231924
16384,90931,270,0,10240000,0.25,0.239394
16384,90931,271,0,10240000,0.25,0.239181
16384,90931,272,0,10240000,0.25,0.225652
16384,90931,273,0,10240000,0.25,0.236153
16384,90931,274,0,10240000,0.25,0.180116
16384,90931,275,0,10240000,0.25,0.257324
16384,90931,276,0,10240000,0.25,0.241911
16384,90931,277,0,10240000,0.25,0.267922
16384,90931,278,0,10240000,0.25,0.274418
16384,90931,279,0,10240000,0.25,0.218269
16384,90931,280,0,10240000,0.25,0.244807
16384,90931,281,0,10240000,0.25,0.265066
16384,90931,282,0,10240000,0.25,0.239378
16384,90931,283,0,10240000,0.25,0.221728
16384,90931,284,0,10240000,0.25,0.235243
16384,90931,285,0,10240000,0.25,0.232319
16384,90931,286,0,10240000,0.25,0.239008
16384,90931,287,0,10240000,0.25,0.215366
16384,90931,288,0,10240000,0.25,0.231412
16384,90931,289,0,10240000,0.25,0.235353
16384,90931,290,0,10240000,0.25,0.215212
16384,90931,291,0,10240000,0.25,0.236845
16384,90931,292,0,10240000,0.25,0.234647
16384,90931,293,0,10240000,0.25,0.225609
16384,90931,294,0,10240000,0.25,0.201274
16384,90931,295,0,10240000,0.25,0.230458
16384,90931,296,0,10240000,0.25,0.21819
16384,90931,297,0,10240000,0.25,0.249457
16384,90931,298,0,10240000,0.25,0.246212
16384,90931,299,0,10240000,0.25,0.219811
16384,90931,300,0,10240000,0.25,0.22429
16384,90931,301,0,10240000,0.25,0.224209
16384,90931,302,0,10240000,0.25,0.251816
16384,90931,303,0,10240000,0.25,0.230181
16384,90931,304,0,10240000,0.25,0.223298
16384,90931,305,0,10240000,0.25,0.234306
16384,90931,306,0,10240000,0.25,0.256184
16384,90931,307,0,10240000,0.25,0.278673
16384,90931,308,0,10240000,0.25,0.198771
16384,90931,309,0,10240000,0.25,0.23726
16384,90931,310,0,10240000,0.25,0.251124
16384,90931,311,0,10240000,0.25,0.188948
16384,90931,312,0,10240000,0.25,0.212746
16384,90931,313,0,10240000,0.25,0.247129
16384,90931,314,0,10240000,0.25,0.216426
16384,90931,315,0,10240000,0.25,0.185259
16384,90931,316,0,10240000,0.25,0.245303
16384,90931,317,0,10240000,0.25,0.211279
16384,90931,318,0,10240000,0.25,0.224418
16384,90931,319,0,10240000,0.25,0.232929
16384,90931,320,0,10240000,0.25,0.258683
16384,90931,321,0,10240000,0.25,0.23063
16384,90931,322,0,10240000,0.25,0.239911
16384,90931,323,0,10240000,0.25,0.205882
16384,90931,324,0,10240000,0.25,0.210584
16384,90931,325,0,10240000,0.25,0.234118
16384,90931,326,0,10240000,0.25,0.251635
16384,90931,327,0,10240000,0.25,0.239449
16384,90931,328,0,10240000,0.25,0.226312
16384,90931,329,0,10240000,0.25,0.228929
16384,90931,330,0,10240000,0.25,0.215631
16384,90931,331,0,10240000,0.25,0.243432
16384,90931,332,0,10240000,0.25,0.270073
16384,90931,333,0,10240000,0.25,0.232525
16384,90931,334,0,10240000,0.25,0.246298
16384,90931,335,0,10240000,0.25,0.253368
16384,90931,336,0,10240000,0.25,0.222722
16384,90931,337,0,10240000,0.25,0.250906
16384,90931,338,0,10240000,0.25,0.235127
16384,90931,339,0,10240000,0.25,0.209161
16384,90931,340,0,10240000,0.25,0.253653
16384,90931,341,0,10240000,0.25,0.241683
16384,90931,342,0,10240000,0.25,0.247199
16384,90931,343,0,10240000,0.25,0.226699
16384,90931,344,0,10240000,0.25,0.238215
16384,90931,345,0,10240000,0.25,0.205548
16384,90931,346,0,10240000,0.25,0.219322
16384,90931,347,0,10240000,0.25,0.266598
16384,90931,348,0,10240000,0.25,0.200012
16384,90931,349,0,10240000,0.25,0.243541
16384,90931,350,0,10240000,0.25,0.263402
16384,90931,351,0,10240000,0.25,0.243453
16384,90931,352,0,10240000,0.25,0.20273
16384,90931,353,0,10240000,0.25,0.265672
16384,90931,354,0,10240000,0.25,0.270511
16384,90931,355,0,10240000,0.25,0.234907
16384,90931,356,0,10240000,0.25,0.26328
16384,90931,357,0,10240000,0.25,0.221155
16384,90931,358,0,10240000,0.25,0.229503
16384,90931,359,0,10240000,0.25,0.234156
16384,90931,360,0,10240000,0.25,0.27422
16384,90931,361,0,10240000,0.25,0.249735
16384,90931,362,0,10240000,0.25,0.223662
16384,90931,363,0,10240000,0.25,0.242588
16384,90931,364,0,10240000,0.25,0.255974
16384,90931,365,0,10240000,0.25,0.254159
16384,90931,366,0,10240000,0.25,0.207744
16384,90931,367,0,10240000,0.25,0.212624
16384,90931,368,0,10240000,0.25,0.22999
16384,90931,369,0,10240000,0.25,0.245596
16384,90931,370,0,10240000,0.25,0.221479
16384,90931,371,0,10240000,0.25,0.302789
16384,90931,372,0,10240000,0.25,0.242668
16384,90931,373,0,10240000,0.25,0.213596
16384,90931,374,0,10240000,0.25,0.26694
16384,90931,375,0,10240000,0.25,0.265263
16384,90931,376,0,10240000,0.25,0.195199
16384,90931,377,0,10240000,0.25,0.181491
16384,90931,378,0,10240000,0.25,0.231996
16384,90931,379,0,10240000,0.25,0.235293
16384,90931,380,0,10240000,0.25,0.236487
16384,90931,381,0,10240000,0.25,0.244586
16384,90931,382,0,10240000,0.25,0.222267
16384,90931,383,0,10240000,0.25,0.311012
16384,90931,384,0,10240000,0.25,0.22839
16384,90931,385,0,10240000,0.25,0.210777
16384,90931,386,0,10240000,0.25,0.244384
16384,90931,387,0,10240000,0.25,0.22469
16384,90931,388,0,10240000,0.25,0.228357
16384,90931,389,0,10240000,0.25,0.210941
16384,90931,390,0,10240000,0.25,0.250132
16384,90931,391,0,10240000,0.25,0.234268
16384,90931,392,0,10240000,0.25,0.216088
16384,90931,393,0,10240000,0.25,0.208434
16384,90931,394,0,10240000,0.25,0.237973
16384,90931,395,0,10240000,0.25,0.202869
16384,90931,396,0,10240000,0.25,0.231635
16384,90931,397,0,10240000,0.25,0.277898
16384,90931,398,0,10240000,0.25,0.243495
16384,90931,399,0,10240000,0.25,0.200781
16384,90931,400,0,10240000,0.25,0.249815
16384,94208,1,0,10240000,0.25,0.462138
16384,94208,2,0,10240000,0.25,0.540952
16384,94208,3,0,10240000,0.25,0.402841
16384,94208,4,0,10240000,0.25,0.566532
16384,94208,5,0,10240000,0.25,0.459976
16384,94208,6,0,10240000,0.25,0.44592
16384,94208,7,0,10240000,0.25,0.42557
16384,94208,8,0,10240000,0.25,0.419502
16384,94208,9,0,10240000,0.25,0.432107
16384,94208,10,0,10240000,0.25,0.431675
16384,94208,11,0,10240000,0.25,0.356386
16384,94208,12,0,10240000,0.25,0.441408
16384,94208,13,0,10240000,0.25,0.491642
16384,94208,14,0,10240000,0.25,0.514649
16384,94208,15,0,10240000,0.25,0.455735
16384,94208,16,0,10240000,0.25,0.491933
16384,94208,17,0,10240000,0.25,0.427942
16384,94208,18,0,10240000,0.25,0.572315
16384,94208,19,0,10240000,0.25,0.503325
16384,94208,20,0,10240000,0.25,0.434407
16384,94208,21,0,10240000,0.25,0.445151
16384,94208,22,0,10240000,0.25,0.440856
16384,94208,23,0,10240000,0.25,0.46996
16384,94208,24,0,10240000,0.25,0.488941
16384,94208,25,0,10240000,0.25,0.387331
16384,94208,26,0,10240000,0.25,0.559646
16384,94208,27,0,10240000,0.25,0.40712
16384,94208,28,0,10240000,0.25,0.437602
16384,94208,29,0,10240000,0.25,0.391569
16384,94208,30,0,10240000,0.25,0.433789
16384,94208,31,0,10240000,0.25,0.483936
16384,94208,32,0,10240000,0.25,0.37692
16384,94208,33,0,10240000,0.25,0.392234
16384,94208,34,0,10240000,0.25,0.435422
16384,94208,35,0,10240000,0.25,0.497149
16384,94208,36,0,10240000,0.25,0.446195
16384,94208,37,0,10240000,0.25,0.46946
16384,94208,38,0,10240000,0.25,0.371258
16384,94208,39,0,10240000,0.25,0.563109
16384,94208,40,0,10240000,0.25,0.489075
16384,94208,41,0,10240000,0.25,0.521646
16384,94208,42,0,10240000,0.25,0.368547
16384,94208,43,0,10240000,0.25,0.422861
16384,94208,44,0,10240000,0.25,0.465311
16384,94208,45,0,10240000,0.25,0.419354
16384,94208,46,0,10240000,0.25,0.392047
16384,94208,47,0,10240000,0.25,0.369769
16384,94208,48,0,10240000,0.25,0.484222
16384,94208,49,0,10240000,0.25,0.419293
16384,94208,50,0,10240000,0.25,0.444313
16384,94208,51,0,10240000,0.25,0.381863
16384,94208,52,0,10240000,0.25,0.492035
16384,94208,53,0,10240000,0.25,0.435978
16384,94208,54,0,10240000,0.25,0.489287
16384,94208,55,0,10240000,0.25,0.504898
16384,94208,56,0,10240000,0.25,0.361167
16384,94208,57,0,10240000,0.25,0.392299
16384,94208,58,0,10240000,0.25,0.380954
16384,94208,59,0,10240000,0.25,0.480012
16384,94208,60,0,10240000,0.25,0.402286
16384,94208,61,0,10240000,0.25,0.466589
16384,94208,62,0,10240000,0.25,0.443481
16384,94208,63,0,10240000,0.25,0.4491
16384,94208,64,0,10240000,0.25,0.40887
16384,94208,65,0,10240000,0.25,0.387652
16384,94208,66,0,10240000,0.25,0.415052
16384,94208,67,0,10240000,0.25,0.434913
16384,94208,68,0,10240000,0.25,0.468651
16384,94208,69,0,10240000,0.25,0.437341
16384,94208,70,0,10240000,0.25,0.472294
16384,94208,71,0,10240000,0.25,0.514657
16384,94208,72,0,10240000,0.25,0.51292
16384,94208,73,0,10240000,0.25,0.441877
16384,94208,74,0,10240000,0.25,0.440972
16384,94208,75,0,10240000,0.25,0.535461
16384,94208,76,0,10240000,0.25,0.40706
16384,94208,77,0,10240000,0.25,0.47681
16384,94208,78,0,10240000,0.25,0.346826
16384,94208,79,0,10240000,0.25,0.462942
16384,94208,80,0,10240000,0.25,0.48205
16384,94208,81,0,10240000,0.25,0.46622
16384,94208,82,0,10240000,0.25,0.494122
16384,94208,83,0,10240000,0.25,0.479282
16384,94208,84,0,10240000,0.25,0.640525
16384,94208,85,0,10240000,0.25,0.476381
16384,94208,86,0,10240000,0.25,0.519337
16384,94208,87,0,10240000,0.25,0.470825
16384,94208,88,0,10240000,0.25,0.577362
16384,94208,89,0,10240000,0.25,0.603437
16384,94208,90,0,10240000,0.25,0.543611
16384,94208,91,0,10240000,0.25,0.441214
16384,94208,92,0,10240000,0.25,0.649457
16384,94208,93,0,10240000,0.25,0.465661
16384,94208,94,0,10240000,0.25,0.498121
16384,94208,95,0,10240000,0.25,0.436847
16384,94208,96,0,10240000,0.25,0.549618
16384,94208,97,0,10240000,0.25,0.611124
16384,94208,98,0,10240000,0.25,0.514346
16384,94208,99,0,10240000,0.25,0.397999
16384,94208,100,0,10240000,0.25,0.568879
16384,94208,101,0,10240000,0.25,0.424424
16384,94208,102,0,10240000,0.25,0.574757
16384,94208,103,0,10240000,0.25,0.493905
16384,94208,104,0,10240000,0.25,0.465837
16384,94208,105,0,10240000,0.25,0.591335
16384,94208,106,0,10240000,0.25,0.568022
16384,94208,107,0,10240000,0.25,0.473254
16384,94208,108,0,10240000,0.25,0.434565
16384,94208,109,0,10240000,0.25,0.549062
16384,94208,110,0,10240000,0.25,0.551815
16384,94208,111,0,10240000,0.25,0.386815
16384,94208,112,0,10240000,0.25,0.407625
16384,94208,113,0,10240000,0.25,0.506675
16384,94208,114,0,10240000,0.25,0.499653
16384,94208,115,0,10240000,0.25,0.562097
16384,94208,116,0,10240000,0.25,0.593043
16384,94208,117,0,10240000,0.25,0.49325
16384,94208,118,0,10240000,0.25,0.516527
16384,94208,119,0,10240000,0.25,0.524232
16384,94208,120,0,10240000,0.25,0.424048
16384,94208,121,0,10240000,0.25,0.569587
16384,94208,122,0,10240000,0.25,0.472315
16384,94208,123,0,10240000,0.25,0.441584
16384,94208,124,0,10240000,0.25,0.58029
16384,94208,125,0,10240000,0.25,0.402843
16384,94208,126,0,10240000,0.25,0.446335
16384,94208,127,0,10240000,0.25,0.616721
16384,94208,128,0,10240000,0.25,0.569211
16384,94208,129,0,10240000,0.25,0.638564
16384,94208,130,0,10240000,0.25,0.452968
16384,94208,131,0,10240000,0.25,0.534375
16384,94208,132,0,10240000,0.25,0.558898
16384,94208,133,0,10240000,0.25,0.618135
16384,94208,134,0,10240000,0.25,0.528631
16384,94208,135,0,10240000,0.25,0.61658
16384,94208,136,0,10240000,0.25,0.53582
16384,94208,137,0,10240000,0.25,0.518612
16384,94208,138,0,10240000,0.25,0.492612
16384,94208,139,0,10240000,0.25,0.591976
16384,94208,140,0,10240000,0.25,0.628212
16384,94208,141,0,10240000,0.25,0.515248
16384,94208,142,0,10240000,0.25,0.586822
16384,94208,143,0,10240000,0.25,0.480263
16384,94208,144,0,10240000,0.25,0.527262
16384,94208,145,0,10240000,0.25,0.50202
16384,94208,146,0,10240000,0.25,0.492803
16384,94208,147,0,10240000,0.25,0.490639
16384,94208,148,0,10240000,0.25,0.572024
16384,94208,149,0,10240000,0.25,0.517363
16384,94208,150,0,10240000,0.25,0.635929
16384,94208,151,0,10240000,0.25,0.442184
16384,94208,152,0,10240000,0.25,0.49916
16384,94208,153,0,10240000,0.25,0.40867
16384,94208,154,0,10240000,0.25,0.563465
16384,94208,155,0,10240000,0.25,0.461644
16384,94208,156,0,10240000,0.25,0.456639
16384,94208,157,0,10240000,0.25,0.496389
16384,94208,158,0,10240000,0.25,0.474762
16384,94208,159,0,10240000,0.25,0.481656
16384,94208,160,0,10240000,0.25,0.439984
16384,94208,161,0,10240000,0.25,0.649845
16384,94208,162,0,10240000,0.25,0.531914
16384,94208,163,0,10240000,0.25,0.468713
16384,94208,164,0,10240000,0.25,0.429624
16384,94208,165,0,10240000,0.25,0.554985
16384,94208,166,0,10240000,0.25,0.405326
16384,94208,167,0,10240000,0.25,0.543603
16384,94208,168,0,10240000,0.25,0.482549
16384,94208,169,0,10240000,0.25,0.538027
16384,94208,170,0,10240000,0.25,0.501888
16384,94208,171,0,10240000,0.25,0.609481
16384,94208,172,0,10240000,0.25,0.507627
16384,94208,173,0,10240000,0.25,0.465938
16384,94208,174,0,10240000,0.25,0.525333
16384,94208,175,0,10240000,0.25,0.537272
16384,94208,176,0,10240000,0.25,0.392327
16384,94208,177,0,10240000,0.25,0.496692
16384,94208,178,0,10240000,0.25,0.444839
16384,94208,179,0,10240000,0.25,0.458296
16384,94208,180,0,10240000,0.25,0.580464
16384,94208,181,0,10240000,0.25,0.476243
16384,94208,182,0,10240000,0.25,0.459056
16384,94208,183,0,10240000,0.25,0.467528
16384,94208,184,0,10240000,0.25,0.545253
16384,94208,185,0,10240000,0.25,0.5142
16384,94208,186,0,10240000,0.25,0.595118
16384,94208,187,0,10240000,0.25,0.584799
16384,94208,188,0,10240000,0.25,0.50432
16384,94208,189,0,10240000,0.25,0.474673
16384,94208,190,0,10240000,0.25,0.482845
16384,94208,191,0,10240000,0.25,0.440605
16384,94208,192,0,10240000,0.25,0.466992
16384,94208,193,0,10240000,0.25,0.475198
16384,94208,194,0,10240000,0.25,0.503032
16384,94208,195,0,10240000,0.25,0.434321
16384,94208,196,0,10240000,0.25,0.452486
16384,94208,197,0,10240000,0.25,0.456699
16384,94208,198,0,10240000,0.25,0.602161
16384,94208,199,0,10240000,0.25,0.536527
16384,94208,200,0,10240000,0.25,0.545594
16384,94208,201,0,10240000,0.25,0.459205
16384,94208,202,0,10240000,0.25,0.496661
16384,94208,203,0,10240000,0.25,0.490242
16384,94208,204,0,10240000,0.25,0.46949
16384,94208,205,0,10240000,0.25,0.546605
16384,94208,206,0,10240000,0.25,0.46427
16384,94208,207,0,10240000,0.25,0.437573
16384,94208,208,0,10240000,0.25,0.488856
16384,94208,209,0,10240000,0.25,0.520464
16384,94208,210,0,10240000,0.25,0.518531
16384,94208,211,0,10240000,0.25,0.522476
16384,94208,212,0,10240000,0.25,0.65241
16384,94208,213,0,10240000,0.25,0.527921
16384,94208,214,0,10240000,0.25,0.472359
16384,94208,215,0,10240000,0.25,0.571937
16384,94208,216,0,10240000,0.25,0.630695
16384,94208,217,0,10240000,0.25,0.500826
16384,94208,218,0,10240000,0.25,0.458856
16384,94208,219,0,10240000,0.25,0.402158
16384,94208,220,0,10240000,0.25,0.620911
16384,94208,221,0,10240000,0.25,0.507654
16384,94208,222,0,10240000,0.25,0.586815
16384,94208,223,0,10240000,0.25,0.498831
16384,94208,224,0,10240000,0.25,0.499451
16384,94208,225,0,10240000,0.25,0.472629
16384,94208,226,0,10240000,0.25,0.44989
16384,94208,227,0,10240000,0.25,0.560841
16384,94208,228,0,10240000,0.25,0.441836
16384,94208,229,0,10240000,0.25,0.554613
16384,94208,230,0,10240000,0.25,0.43685
16384,94208,231,0,10240000,0.25,0.563597
16384,94208,232,0,10240000,0.25,0.479662
16384,94208,233,0,10240000,0.25,0.455809
16384,94208,234,0,10240000,0.25,0.401708
16384,94208,235,0,10240000,0.25,0.434995
16384,94208,236,0,10240000,0.25,0.46591
16384,94208,237,0,10240000,0.25,0.385588
16384,94208,238,0,10240000,0.25,0.554202
16384,94208,239,0,10240000,0.25,0.518531
16384,94208,240,0,10240000,0.25,0.670472
16384,94208,241,0,10240000,0.25,0.493263
16384,94208,242,0,10240000,0.25,0.516957
16384,94208,243,0,10240000,0.25,0.482367
16384,94208,244,0,10240000,0.25,0.526211
16384,94208,245,0,10240000,0.25,0.728399
16384,94208,246,0,10240000,0.25,0.535249
16384,94208,247,0,10240000,0.25,0.471744
16384,94208,248,0,10240000,0.25,0.532085
16384,94208,249,0,10240000,0.25,0.46352
16384,94208,250,0,10240000,0.25,0.54399
16384,94208,251,0,10240000,0.25,0.638672
16384,94208,252,0,10240000,0.25,0.455872
16384,94208,253,0,10240000,0.25,0.440508
16384,94208,254,0,10240000,0.25,0.550693
16384,94208,255,0,10240000,0.25,0.554932
16384,94208,256,0,10240000,0.25,0.404544
16384,94208,257,0,10240000,0.25,0.539977
16384,94208,258,0,10240000,0.25,0.475853
16384,94208,259,0,10240000,0.25,0.461998
16384,94208,260,0,10240000,0.25,0.46855
16384,94208,261,0,10240000,0.25,0.51337
16384,94208,262,0,10240000,0.25,0.55199
16384,94208,263,0,10240000,0.25,0.477335
16384,94208,264,0,10240000,0.25,0.454445
16384,94208,265,0,10240000,0.25,0.556674
16384,94208,266,0,10240000,0.25,0.571397
16384,94208,267,0,10240000,0.25,0.580358
16384,94208,268,0,10240000,0.25,0.488638
16384,94208,269,0,10240000,0.25,0.461886
16384,94208,270,0,10240000,0.25,0.396656
16384,94208,271,0,10240000,0.25,0.480827
16384,94208,272,0,10240000,0.25,0.49566
16384,94208,273,0,10240000,0.25,0.474023
16384,94208,274,0,10240000,0.25,0.442646
16384,94208,275,0,10240000,0.25,0.391669
16384,94208,276,0,10240000,0.25,0.64668
16384,94208,277,0,10240000,0.25,0.511697
16384,94208,278,0,10240000,0.25,0.455943
16384,94208,279,0,10240000,0.25,0.443572
16384,94208,280,0,10240000,0.25,0.57053
16384,94208,281,0,10240000,0.25,0.480795
16384,94208,282,0,10240000,0.25,0.415925
16384,94208,283,0,10240000,0.25,0.484491
16384,94208,284,0,10240000,0.25,0.52427
16384,94208,285,0,10240000,0.25,0.505894
16384,94208,286,0,10240000,0.25,0.433626
16384,94208,287,0,10240000,0.25,0.452566
16384,94208,288,0,10240000,0.25,0.594143
16384,94208,289,0,10240000,0.25,0.482604
16384,94208,290,0,10240000,0.25,0.632158
16384,94208,291,0,10240000,0.25,0.583366
16384,94208,292,0,10240000,0.25,0.716386
16384,94208,293,0,10240000,0.25,0.493847
16384,94208,294,0,10240000,0.25,0.623662
16384,94208,295,0,10240000,0.25,0.471421
16384,94208,296,0,10240000,0.25,0.538284
16384,94208,297,0,10240000,0.25,0.518749
16384,94208,298,0,10240000,0.25,0.410031
16384,94208,299,0,10240000,0.25,0.506827
16384,94208,300,0,10240000,0.25,0.449502
16384,94208,301,0,10240000,0.25,0.524005
16384,94208,302,0,10240000,0.25,0.523008
16384,94208,303,0,10240000,0.25,0.517759
16384,94208,304,0,10240000,0.25,0.513494
16384,94208,305,0,10240000,0.25,0.478292
16384,94208,306,0,10240000,0.25,0.545862
16384,94208,307,0,10240000,0.25,0.525525
16384,94208,308,0,10240000,0.25,0.460494
16384,94208,309,0,10240000,0.25,0.478373
16384,94208,310,0,10240000,0.25,0.561501
16384,94208,311,0,10240000,0.25,0.46129
16384,94208,312,0,10240000,0.25,0.477061
16384,94208,313,0,10240000,0.25,0.644058
16384,94208,314,0,10240000,0.25,0.441488
16384,94208,315,0,10240000,0.25,0.481186
16384,94208,316,0,10240000,0.25,0.452914
16384,94208,317,0,10240000,0.25,0.537803
16384,94208,318,0,10240000,0.25,0.569924
16384,94208,319,0,10240000,0.25,0.476302
16384,94208,320,0,10240000,0.25,0.448606
16384,94208,321,0,10240000,0.25,0.498508
16384,94208,322,0,10240000,0.25,0.496712
16384,94208,323,0,10240000,0.25,0.504029
16384,94208,324,0,10240000,0.25,0.499261
16384,94208,325,0,10240000,0.25,0.614415
16384,94208,326,0,10240000,0.25,0.505334
16384,94208,327,0,10240000,0.25,0.631156
16384,94208,328,0,10240000,0.25,0.548382
16384,94208,329,0,10240000,0.25,0.537307
16384,94208,330,0,10240000,0.25,0.445971
16384,94208,331,0,10240000,0.25,0.478265
16384,94208,332,0,10240000,0.25,0.571032
16384,94208,333,0,10240000,0.25,0.482223
16384,94208,334,0,10240000,0.25,0.49284
16384,94208,335,0,10240000,0.25,0.558054
16384,94208,336,0,10240000,0.25,0.635935
16384,94208,337,0,10240000,0.25,0.490204
16384,94208,338,0,10240000,0.25,0.517359
16384,94208,339,0,10240000,0.25,0.425
16384,94208,340,0,10240000,0.25,0.567083
16384,94208,341,0,10240000,0.25,0.550154
16384,94208,342,0,10240000,0.25,0.482566
16384,94208,343,0,10240000,0.25,0.480737
16384,94208,344,0,10240000,0.25,0.448335
16384,94208,345,0,10240000,0.25,0.497351
16384,94208,346,0,10240000,0.25,0.475779
16384,94208,347,0,10240000,0.25,0.524234
16384,94208,348,0,10240000,0.25,0.411473
16384,94208,349,0,10240000,0.25,0.571677
16384,94208,350,0,10240000,0.25,0.568619
16384,94208,351,0,10240000,0.25,0.542473
16384,94208,352,0,10240000,0.25,0.463468
16384,94208,353,0,10240000,0.25,0.418589
16384,94208,354,0,10240000,0.25,0.421388
16384,94208,355,0,10240000,0.25,0.539167
16384,94208,356,0,10240000,0.25,0.555154
16384,94208,357,0,10240000,0.25,0.509386
16384,94208,358,0,10240000,0.25,0.489982
16384,94208,359,0,10240000,0.25,0.519191
16384,94208,360,0,10240000,0.25,0.475983
16384,94208,361,0,10240000,0.25,0.510832
16384,94208,362,0,10240000,0.25,0.503329
16384,94208,363,0,10240000,0.25,0.484461
16384,94208,364,0,10240000,0.25,0.456877
16384,94208,365,0,10240000,0.25,0.37943
16384,94208,366,0,10240000,0.25,0.433529
16384,94208,367,0,10240000,0.25,0.465622
16384,94208,368,0,10240000,0.25,0.462521
16384,94208,369,0,10240000,0.25,0.602909
16384,94208,370,0,10240000,0.25,0.466449
16384,94208,371,0,10240000,0.25,0.599381
16384,94208,372,0,10240000,0.25,0.559727
16384,94208,373,0,10240000,0.25,0.429674
16384,94208,374,0,10240000,0.25,0.54931
16384,94208,375,0,10240000,0.25,0.494099
16384,94208,376,0,10240000,0.25,0.487332
16384,94208,377,0,10240000,0.25,0.518048
16384,94208,378,0,10240000,0.25,0.534035
16384,94208,379,0,10240000,0.25,0.474008
16384,94208,380,0,10240000,0.25,0.526189
16384,94208,381,0,10240000,0.25,0.642767
16384,94208,382,0,10240000,0.25,0.545085
16384,94208,383,0,10240000,0.25,0.462151
16384,94208,384,0,10240000,0.25,0.520972
16384,94208,385,0,10240000,0.25,0.366746
16384,94208,386,0,10240000,0.25,0.466442
16384,94208,387,0,10240000,0.25,0.422779
16384,94208,388,0,10240000,0.25,0.548559
16384,94208,389,0,10240000,0.25,0.507793
16384,94208,390,0,10240000,0.25,0.503781
16384,94208,391,0,10240000,0.25,0.496229
16384,94208,392,0,10240000,0.25,0.354247
16384,94208,393,0,10240000,0.25,0.544666
16384,94208,394,0,10240000,0.25,0.5186
16384,94208,395,0,10240000,0.25,0.503481
16384,94208,396,0,10240000,0.25,0.611213
16384,94208,397,0,10240000,0.25,0.629702
16384,94208,398,0,10240000,0.25,0.461105
16384,94208,399,0,10240000,0.25,0.571152
16384,94208,400,0,10240000,0.25,0.467238
16384,97485,1,0,10240000,0.25,1.24011
16384,97485,2,0,10240000,0.25,1.68162
16384,97485,3,0,10240000,0.25,1.25827
16384,97485,4,0,10240000,0.25,1.43763
16384,97485,5,0,10240000,0.25,1.18311
16384,97485,6,0,10240000,0.25,1.03485
16384,97485,7,0,10240000,0.25,1.24115
16384,97485,8,0,10240000,0.25,1.40887
16384,97485,9,0,10240000,0.25,0.995105
16384,97485,10,0,10240000,0.25,1.30505
16384,97485,11,0,10240000,0.25,1.11598
16384,97485,12,0,10240000,0.25,1.11564
16384,97485,13,0,10240000,0.25,1.61915
16384,97485,14,0,10240000,0.25,1.24557
16384,97485,15,0,10240000,0.25,1.25932
16384,97485,16,0,10240000,0.25,1.0507
16384,97485,17,0,10240000,0.25,1.24906
16384,97485,18,0,10240000,0.25,0.981881
16384,97485,19,0,10240000,0.25,0.987268
16384,97485,20,0,10240000,0.25,1.21029
16384,97485,21,0,10240000,0.25,1.08367
16384,97485,22,0,10240000,0.25,1.31922
16384,97485,23,0,10240000,0.25,1.10553
16384,97485,24,0,10240000,0.25,1.17246
16384,97485,25,0,10240000,0.25,1.2618
16384,97485,26,0,10240000,0.25,1.26464
16384,97485,27,0,10240000,0.25,1.44424
16384,97485,28,0,10240000,0.25,1.15496
16384,97485,29,0,10240000,0.25,1.38326
16384,97485,30,0,10240000,0.25,1.11404
16384,97485,31,0,10240000,0.25,1.24226
16384,97485,32,0,10240000,0.25,1.78758
16384,97485,33,0,10240000,0.25,1.02238
16384,97485,34,0,10240000,0.25,1.12627
16384,97485,35,0,10240000,0.25,0.845494
16384,97485,36,0,10240000,0.25,1.27426
16384,97485,37,0,10240000,0.25,1.19343
16384,97485,38,0,10240000,0.25,1.35998
16384,97485,39,0,10240000,0.25,1.51649
16384,97485,40,0,10240000,0.25,1.44613
16384,97485,41,0,10240000,0.25,1.46367
16384,97485,42,0,10240000,0.25,1.65328
16384,97485,43,0,10240000,0.25,1.59596
16384,97485,44,0,10240000,0.25,0.883961
16384,97485,45,0,10240000,0.25,1.23544
16384,97485,46,0,10240000,0.25,1.081
16384,97485,47,0,10240000,0.25,1.22825
16384,97485,48,0,10240000,0.25,1.51998
16384,97485,49,0,10240000,0.25,1.48932
16384,97485,50,0,10240000,0.25,1.07047
16384,97485,51,0,10240000,0.25,1.23284
16384,97485,52,0,10240000,0.25,1.09117
16384,97485,53,0,10240000,0.25,1.29962
16384,97485,54,0,10240000,0.25,1.15986
16384,97485,55,0,10240000,0.25,1.01782
16384,97485,56,0,10240000,0.25,1.26918
16384,97485,57,0,10240000,0.25,1.20142
16384,97485,58,0,10240000,0.25,1.06664
16384,97485,59,0,10240000,0.25,1.50455
16384,97485,60,0,10240000,0.25,1.06955
16384,97485,61,0,10240000,0.25,0.931649
16384,97485,62,0,10240000,0.25,1.266
16384,97485,63,0,10240000,0.25,1.22097
16384,97485,64,0,10240000,0.25,1.00069
16384,97485,65,0,10240000,0.25,1.00629
16384,97485,66,0,10240000,0.25,1.24108
16384,97485,67,0,10240000,0.25,1.24778
16384,97485,68,0,10240000,0.25,1.11617
16384,97485,69,0,10240000,0.25,1.32087
16384,97485,70,0,10240000,0.25,1.22241
16384,97485,71,0,10240000,0.25,1.25715
16384,97485,72,0,10240000,0.25,1.1375
16384,97485,73,0,10240000,0.25,1.28611
16384,97485,74,0,10240000,0.25,1.28146
16384,97485,75,0,10240000,0.25,1.3233
16384,97485,76,0,10240000,0.25,1.37016
16384,97485,77,0,10240000,0.25,1.40555
16384,97485,78,0,10240000,0.25,1.44289
16384,97485,79,0,10240000,0.25,1.37451
16384,97485,80,0,10240000,0.25,1.28341
16384,97485,81,0,10240000,0.25,1.26525
16384,97485,82,0,10240000,0.25,1.18019
16384,97485,83,0,10240000,0.25,1.43042
16384,97485,84,0,10240000,0.25,1.17657
16384,97485,85,0,10240000,0.25,1.08876
16384,97485,86,0,10240000,0.25,1.1538
16384,97485,87,0,10240000,0.25,1.26987
16384,97485,88,0,10240000,0.25,1.36621
16384,97485,89,0,10240000,0.25,1.03671
16384,97485,90,0,10240000,0.25,1.33702
16384,97485,91,0,10240000,0.25,1.13122
16384,97485,92,0,10240000,0.25,1.63803
16384,97485,93,0,10240000,0.25,1.06981
16384,97485,94,0,10240000,0.25,1.08029
16384,97485,95,0,10240000,0.25,1.0806
16384,97485,96,0,10240000,0.25,1.32722
16384,97485,97,0,10240000,0.25,1.07138
16384,97485,98,0,10240000,0.25,1.31831
16384,97485,99,0,10240000,0.25,1.21748
16384,97485,100,0,10240000,0.25,1.21567
16384,97485,101,0,10240000,0.25,0.996985
16384,97485,102,0,10240000,0.25,1.06104
16384,97485,103,0,10240000,0.25,1.1713
16384,97485,104,0,10240000,0.25,0.987508
16384,97485,105,0,10240000,0.25,0.852933
16384,97485,106,0,10240000,0.25,1.22734
16384,97485,107,0,10240000,0.25,1.18918
16384,97485,108,0,10240000,0.25,1.43444
16384,97485,109,0,10240000,0.25,1.44759
16384,97485,110,0,10240000,0.25,1.23004
16384,97485,111,0,10240000,0.25,1.02224
16384,97485,112,0,10240000,0.25,1.13993
16384,97485,113,0,10240000,0.25,1.29004
16384,97485,114,0,10240000,0.25,1.29591
16384,97485,115,0,10240000,0.25,1.38188
16384,97485,116,0,10240000,0.25,0.966179
16384,97485,117,0,10240000,0.25,0.924117
16384,97485,118,0,10240000,0.25,1.09941
16384,97485,119,0,10240000,0.25,1.3312
16384,97485,120,0,10240000,0.25,1.24562
16384,97485,121,0,10240000,0.25,1.14808
16384,97485,122,0,10240000,0.25,0.887799
16384,97485,123,0,10240000,0.25,1.40807
16384,97485,124,0,10240000,0.25,1.20819
16384,97485,125,0,10240000,0.25,1.47468
16384,97485,126,0,10240000,0.25,1.29664
16384,97485,127,0,10240000,0.25,1.16511
16384,97485,128,0,10240000,0.25,1.29123
16384,97485,129,0,10240000,0.25,0.804438
16384,97485,130,0,10240000,0.25,1.35763
16384,97485,131,0,10240000,0.25,1.4028
16384,97485,132,0,10240000,0.25,1.44359
16384,97485,133,0,10240000,0.25,1.30264
16384,97485,134,0,10240000,0.25,1.3033
16384,97485,135,0,10240000,0.25,1.21095
16384,97485,136,0,10240000,0.25,1.30679
16384,97485,137,0,10240000,0.25,1.28473
16384,97485,138,0,10240000,0.25,0.991569
16384,97485,139,0,10240000,0.25,1.18737
16384,97485,140,0,10240000,0.25,1.72271
16384,97485,141,0,10240000,0.25,1.32749
16384,97485,142,0,10240000,0.25,1.04061
16384,97485,143,0,10240000,0.25,1.267
16384,97485,144,0,10240000,0.25,1.59009
16384,97485,145,0,10240000,0.25,1.28069
16384,97485,146,0,10240000,0.25,1.63381
16384,97485,147,0,10240000,0.25,1.25744
16384,97485,148,0,10240000,0.25,0.893824
16384,97485,149,0,10240000,0.25,1.15096
16384,97485,150,0,10240000,0.25,0.979859
16384,97485,151,0,10240000,0.25,1.38893
16384,97485,152,0,10240000,0.25,1.42123
16384,97485,153,0,10240000,0.25,1.32513
16384,97485,154,0,10240000,0.25,1.12647
16384,97485,155,0,10240000,0.25,1.11303
16384,97485,156,0,10240000,0.25,0.99269
16384,97485,157,0,10240000,0.25,0.895212
16384,97485,158,0,10240000,0.25,1.64457
16384,97485,159,0,10240000,0.25,1.48091
16384,97485,160,0,10240000,0.25,1.28588
16384,97485,161,0,10240000,0.25,1.20387
16384,97485,162,0,10240000,0.25,1.27936
16384,97485,163,0,10240000,0.25,1.01092
16384,97485,164,0,10240000,0.25,1.04452
16384,97485,165,0,10240000,0.25,0.957727
16384,97485,166,0,10240000,0.25,1.5349
16384,97485,167,0,10240000,0.25,1.29426
16384,97485,168,0,10240000,0.25,1.66197
16384,97485,169,0,10240000,0.25,1.08564
16384,97485,170,0,10240000,0.25,1.02732
16384,97485,171,0,10240000,0.25,1.15553
16384,97485,172,0,10240000,0.25,1.19783
16384,97485,173,0,10240000,0.25,1.10996
16384,97485,174,0,10240000,0.25,1.49315
16384,97485,175,0,10240000,0.25,1.35757
16384,97485,176,0,10240000,0.25,1.02883
16384,97485,177,0,10240000,0.25,1.06775
16384,97485,178,0,10240000,0.25,0.927721
16384,97485,179,0,10240000,0.25,1.19963
16384,97485,180,0,10240000,0.25,1.93557
16384,97485,181,0,10240000,0.25,1.34331
16384,97485,182,0,10240000,0.25,0.985221
16384,97485,183,0,10240000,0.25,1.25221
16384,97485,184,0,10240000,0.25,0.894898
16384,97485,185,0,10240000,0.25,1.12718
16384,97485,186,0,10240000,0.25,1.32617
16384,97485,187,0,10240000,0.25,1.41894
16384,97485,188,0,10240000,0.25,1.2138
16384,97485,189,0,10240000,0.25,1.05981
16384,97485,190,0,10240000,0.25,1.5614
16384,97485,191,0,10240000,0.25,1.07208
16384,97485,192,0,10240000,0.25,1.00746
16384,97485,193,0,10240000,0.25,1.19338
16384,97485,194,0,10240000,0.25,1.45825
16384,97485,195,0,10240000,0.25,1.18798
16384,97485,196,0,10240000,0.25,1.26203
16384,97485,197,0,10240000,0.25,1.17884
16384,97485,198,0,10240000,0.25,1.7764
16384,97485,199,0,10240000,0.25,1.37742
16384,97485,200,0,10240000,0.25,1.20111
16384,97485,201,0,10240000,0.25,1.46223
16384,97485,202,0,10240000,0.25,1.45824
16384,97485,203,0,10240000,0.25,1.3822
16384,97485,204,0,10240000,0.25,1.09271
16384,97485,205,0,10240000,0.25,1.18786
16384,97485,206,0,10240000,0.25,0.787755
16384,97485,207,0,10240000,0.25,1.10768
16384,97485,208,0,10240000,0.25,1.48208
16384,97485,209,0,10240000,0.25,1.19768
16384,97485,210,0,10240000,0.25,1.19062
16384,97485,211,0,10240000,0.25,1.05707
16384,97485,212,0,10240000,0.25,1.21778
16384,97485,213,0,10240000,0.25,1.24361
16384,97485,214,0,10240000,0.25,1.35409
16384,97485,215,0,10240000,0.25,1.33967
16384,97485,216,0,10240000,0.25,0.897782
16384,97485,217,0,10240000,0.25,1.33387
16384,97485,218,0,10240000,0.25,1.19406
16384,97485,219,0,10240000,0.25,1.10687
16384,97485,220,0,10240000,0.25,1.06804
16384,97485,221,0,10240000,0.25,1.36642
16384,97485,222,0,10240000,0.25,1.18405
16384,97485,223,0,10240000,0.25,1.54197
16384,97485,224,0,10240000,0.25,1.22213
16384,97485,225,0,10240000,0.25,1.03364
16384,97485,226,0,10240000,0.25,1.66624
16384,97485,227,0,10240000,0.25,1.30148
16384,97485,228,0,10240000,0.25,1.28358
16384,97485,229,0,10240000,0.25,1.4451
16384,97485,230,0,10240000,0.25,0.979355
16384,97485,231,0,10240000,0.25,1.19701
16384,97485,232,0,10240000,0.25,1.49332
16384,97485,233,0,10240000,0.25,0.960596
16384,97485,234,0,10240000,0.25,1.5728
16384,97485,235,0,10240000,0.25,1.33207
16384,97485,236,0,10240000,0.25,1.2215
16384,97485,237,0,10240000,0.25,1.13259
16384,97485,238,0,10240000,0.25,1.29688
16384,97485,239,0,10240000,0.25,1.24714
16384,97485,240,0,10240000,0.25,1.29582
16384,97485,241,0,10240000,0.25,1.51269
16384,97485,242,0,10240000,0.25,1.27721
16384,97485,243,0,10240000,0.25,1.31816
16384,97485,244,0,10240000,0.25,1.37312
16384,97485,245,0,10240000,0.25,1.30873
16384,97485,246,0,10240000,0.25,1.4805
16384,97485,247,0,10240000,0.25,1.30018
16384,97485,248,0,10240000,0.25,1.44832
16384,97485,249,0,10240000,0.25,0.935253
16384,97485,250,0,10240000,0.25,1.59623
16384,97485,251,0,10240000,0.25,1.14257
16384,97485,252,0,10240000,0.25,1.37483
16384,97485,253,0,10240000,0.25,1.25351
16384,97485,254,0,10240000,0.25,1.43345
16384,97485,255,0,10240000,0.25,1.28366
16384,97485,256,0,10240000,0.25,1.19721
16384,97485,257,0,10240000,0.25,1.18137
16384,97485,258,0,10240000,0.25,1.30863
16384,97485,259,0,10240000,0.25,1.19689
16384,97485,260,0,10240000,0.25,1.19383
16384,97485,261,0,10240000,0.25,1.17626
16384,97485,262,0,10240000,0.25,1.4952
16384,97485,263,0,10240000,0.25,1.14931
16384,97485,264,0,10240000,0.25,1.30279
16384,97485,265,0,10240000,0.25,1.29082
16384,97485,266,0,10240000,0.25,1.7457
16384,97485,267,0,10240000,0.25,1.126
16384,97485,268,0,10240000,0.25,1.08407
16384,97485,269,0,10240000,0.25,1.12447
16384,97485,270,0,10240000,0.25,1.06648
16384,97485,271,0,10240000,0.25,1.13015
16384,97485,272,0,10240000,0.25,1.46359
16384,97485,273,0,10240000,0.25,1.00031
16384,97485,274,0,10240000,0.25,1.0963
16384,97485,275,0,10240000,0.25,1.2537
16384,97485,276,0,10240000,0.25,1.03936
16384,97485,277,0,10240000,0.25,1.23337
16384,97485,278,0,10240000,0.25,1.09018
16384,97485,279,0,10240000,0.25,1.53023
16384,97485,280,0,10240000,0.25,1.16404
16384,97485,281,0,10240000,0.25,1.19378
16384,97485,282,0,10240000,0.25,1.52191
16384,97485,283,0,10240000,0.25,1.5825
16384,97485,284,0,10240000,0.25,1.27309
16384,97485,285,0,10240000,0.25,1.0947
16384,97485,286,0,10240000,0.25,1.13261
16384,97485,287,0,10240000,0.25,1.19427
16384,97485,288,0,10240000,0.25,1.2366
16384,97485,289,0,10240000,0.25,1.27528
16384,97485,290,0,10240000,0.25,1.22762
16384,97485,291,0,10240000,0.25,0.959234
16384,97485,292,0,10240000,0.25,1.55777
16384,97485,293,0,10240000,0.25,0.930003
16384,97485,294,0,10240000,0.25,1.29246
16384,97485,295,0,10240000,0.25,1.39179
16384,97485,296,0,10240000,0.25,1.01946
16384,97485,297,0,10240000,0.25,1.24136
16384,97485,298,0,10240000,0.25,1.24717
16384,97485,299,0,10240000,0.25,1.36655
16384,97485,300,0,10240000,0.25,1.23039
16384,97485,301,0,10240000,0.25,1.05431
16384,97485,302,0,10240000,0.25,1.19267
16384,97485,303,0,10240000,0.25,1.21264
16384,97485,304,0,10240000,0.25,1.02544
16384,97485,305,0,10240000,0.25,1.3168
16384,97485,306,0,10240000,0.25,0.859343
16384,97485,307,0,10240000,0.25,1.4398
16384,97485,308,0,10240000,0.25,1.45775
16384,97485,309,0,10240000,0.25,1.03215
16384,97485,310,0,10240000,0.25,1.10907
16384,97485,311,0,10240000,0.25,1.1708
16384,97485,312,0,10240000,0.25,1.43633
16384,97485,313,0,10240000,0.25,1.15139
16384,97485,314,0,10240000,0.25,1.6725
16384,97485,315,0,10240000,0.25,1.34125
16384,97485,316,0,10240000,0.25,1.36294
16384,97485,317,0,10240000,0.25,1.42337
16384,97485,318,0,10240000,0.25,0.927614
16384,97485,319,0,10240000,0.25,1.30758
16384,97485,320,0,10240000,0.25,1.36687
16384,97485,321,0,10240000,0.25,1.00811
16384,97485,322,0,10240000,0.25,1.08985
16384,97485,323,0,10240000,0.25,0.863943
16384,97485,324,0,10240000,0.25,1.18871
16384,97485,325,0,10240000,0.25,1.03198
16384,97485,326,0,10240000,0.25,1.13788
16384,97485,327,0,10240000,0.25,1.22129
16384,97485,328,0,10240000,0.25,1.27593
16384,97485,329,0,10240000,0.25,1.15108
16384,97485,330,0,10240000,0.25,1.5548
16384,97485,331,0,10240000,0.25,1.26378
16384,97485,332,0,10240000,0.25,1.11671
16384,97485,333,0,10240000,0.25,1.15104
16384,97485,334,0,10240000,0.25,0.98319
16384,97485,335,0,10240000,0.25,1.05819
16384,97485,336,0,10240000,0.25,1.01281
16384,97485,337,0,10240000,0.25,1.10042
16384,97485,338,0,10240000,0.25,1.21167
16384,97485,339,0,10240000,0.25,1.09002
16384,97485,340,0,10240000,0.25,1.56861
16384,97485,341,0,10240000,0.25,1.33968
16384,97485,342,0,10240000,0.25,1.11608
16384,97485,343,0,10240000,0.25,0.930825
16384,97485,344,0,10240000,0.25,1.41246
16384,97485,345,0,10240000,0.25,1.25802
16384,97485,346,0,10240000,0.25,1.05913
16384,97485,347,0,10240000,0.25,1.35981
16384,97485,348,0,10240000,0.25,1.10772
16384,97485,349,0,10240000,0.25,1.29012
16384,97485,350,0,10240000,0.25,1.47719
16384,97485,351,0,10240000,0.25,1.21422
16384,97485,352,0,10240000,0.25,1.07747
16384,97485,353,0,10240000,0.25,1.1158
16384,97485,354,0,10240000,0.25,1.22674
16384,97485,355,0,10240000,0.25,1.2639
16384,97485,356,0,10240000,0.25,1.60764
16384,97485,357,0,10240000,0.25,1.31914
16384,97485,358,0,10240000,0.25,1.08801
16384,97485,359,0,10240000,0.25,0.845892
16384,97485,360,0,10240000,0.25,1.22094
16384,97485,361,0,10240000,0.25,1.08321
16384,97485,362,0,10240000,0.25,1.17806
16384,97485,363,0,10240000,0.25,1.01761
16384,97485,364,0,10240000,0.25,0.976712
16384,97485,365,0,10240000,0.25,1.16579
16384,97485,366,0,10240000,0.25,1.19264
16384,97485,367,0,10240000,0.25,1.33025
16384,97485,368,0,10240000,0.25,1.09606
16384,97485,369,0,10240000,0.25,1.18976
16384,97485,370,0,10240000,0.25,1.12538
16384,97485,371,0,10240000,0.25,1.28254
16384,97485,372,0,10240000,0.25,1.40758
16384,97485,373,0,10240000,0.25,1.28658
16384,97485,374,0,10240000,0.25,1.10139
16384,97485,375,0,10240000,0.25,1.30154
16384,97485,376,0,10240000,0.25,1.33017
16384,97485,377,0,10240000,0.25,1.35765
16384,97485,378,0,10240000,0.25,1.20904
16384,97485,379,0,10240000,0.25,1.0285
16384,97485,380,0,10240000,0.25,1.13808
16384,97485,381,0,10240000,0.25,1.00727
16384,97485,382,0,10240000,0.25,1.01238
16384,97485,383,0,10240000,0.25,1.08156
16384,97485,384,0,10240000,0.25,1.13894
16384,97485,385,0,10240000,0.25,1.1012
16384,97485,386,0,10240000,0.25,1.15511
16384,97485,387,0,10240000,0.25,1.44635
16384,97485,388,0,10240000,0.25,1.42243
16384,97485,389,0,10240000,0.25,1.02848
16384,97485,390,0,10240000,0.25,1.19888
16384,97485,391,0,10240000,0.25,1.18821
16384,97485,392,0,10240000,0.25,1.01884
16384,97485,393,0,10240000,0.25,1.1139
16384,97485,394,0,10240000,0.25,0.988202
16384,97485,395,0,10240000,0.25,1.21812
16384,97485,396,0,10240000,0.25,0.869117
16384,97485,397,0,10240000,0.25,1.02787
16384,97485,398,0,10240000,0.25,1.31181
16384,97485,399,0,10240000,0.25,0.7934
16384,97485,400,0,10240000,0.25,0.97706
16384,100762,1,0,10240000,0.25,4.73576
16384,100762,2,0,10240000,0.25,3.87608
16384,100762,3,0,10240000,0.25,4.21458
16384,100762,4,0,10240000,0.25,4.41527
16384,100762,5,0,10240000,0.25,3.0458
16384,100762,6,0,10240000,0.25,2.85467
16384,100762,7,0,10240000,0.25,3.40592
16384,100762,8,0,10240000,0.25,2.89758
16384,100762,9,0,10240000,0.25,2.52148
16384,100762,10,0,10240000,0.25,3.96283
16384,100762,11,0,10240000,0.25,3.44845
16384,100762,12,0,10240000,0.25,2.66927
16384,100762,13,0,10240000,0.25,3.36627
16384,100762,14,0,10240000,0.25,3.33641
16384,100762,15,0,10240000,0.25,4.62202
16384,100762,16,0,10240000,0.25,3.76413
16384,100762,17,0,10240000,0.25,4.68876
16384,100762,18,0,10240000,0.25,3.51588
16384,100762,19,0,10240000,0.25,2.31898
16384,100762,20,0,10240000,0.25,3.26269
16384,100762,21,0,10240000,0.25,3.88805
16384,100762,22,0,10240000,0.25,2.04876
16384,100762,23,0,10240000,0.25,2.6526
16384,100762,24,0,10240000,0.25,3.26554
16384,100762,25,0,10240000,0.25,2.44878
16384,100762,26,0,10240000,0.25,3.53802
16384,100762,27,0,10240000,0.25,3.16197
16384,100762,28,0,10240000,0.25,3.16723
16384,100762,29,0,10240000,0.25,2.32546
16384,100762,30,0,10240000,0.25,3.22972
16384,100762,31,0,10240000,0.25,3.24754
16384,100762,32,0,10240000,0.25,2.1341
16384,100762,33,0,10240000,0.25,3.56509
16384,100762,34,0,10240000,0.25,2.83049
16384,100762,35,0,10240000,0.25,3.92932
16384,100762,36,0,10240000,0.25,2.84074
16384,100762,37,0,10240000,0.25,3.67598
16384,100762,38,0,10240000,0.25,3.5286
16384,100762,39,0,10240000,0.25,2.69611
16384,100762,40,0,10240000,0.25,3.79012
16384,100762,41,0,10240000,0.25,2.61083
16384,100762,42,0,10240000,0.25,3.17609
16384,100762,43,0,10240000,0.25,5.69826
16384,100762,44,0,10240000,0.25,3.66177
16384,100762,45,0,10240000,0.25,2.83902
16384,100762,46,0,10240000,0.25,3.85259
16384,100762,47,0,10240000,0.25,3.9533
16384,100762,48,0,10240000,0.25,2.45821
16384,100762,49,0,10240000,0.25,2.83939
16384,100762,50,0,10240000,0.25,3.67047
16384,100762,51,0,10240000,0.25,4.6559
16384,100762,52,0,10240000,0.25,2.82436
16384,100762,53,0,10240000,0.25,3.45857
16384,100762,54,0,10240000,0.25,3.18872
16384,100762,55,0,10240000,0.25,3.26656
16384,100762,56,0,10240000,0.25,3.49705
16384,100762,57,0,10240000,0.25,2.85638
16384,100762,58,0,10240000,0.25,3.51157
16384,100762,59,0,10240000,0.25,2.55943
16384,100762,60,0,10240000,0.25,4.30258
16384,100762,61,0,10240000,0.25,2.92604
16384,100762,62,0,10240000,0.25,3.38864
16384,100762,63,0,10240000,0.25,3.01858
16384,100762,64,0,10240000,0.25,3.75606
16384,100762,65,0,10240000,0.25,3.80512
16384,100762,66,0,10240000,0.25,3.97771
16384,100762,67,0,10240000,0.25,5.66729
16384,100762,68,0,10240000,0.25,3.83035
16384,100762,69,0,10240000,0.25,3.59281
16384,100762,70,0,10240000,0.25,4.29055
16384,100762,71,0,10240000,0.25,2.55624
16384,100762,72,0,10240000,0.25,3.66538
16384,100762,73,0,10240000,0.25,2.44599
16384,100762,74,0,10240000,0.25,5.50562
16384,100762,75,0,10240000,0.25,3.22701
16384,100762,76,0,10240000,0.25,4.52726
16384,100762,77,0,10240000,0.25,2.60314
16384,100762,78,0,10240000,0.25,2.42178
16384,100762,79,0,10240000,0.25,2.97803
16384,100762,80,0,10240000,0.25,4.10722
16384,100762,81,0,10240000,0.25,2.39515
16384,100762,82,0,10240000,0.25,3.65144
16384,100762,83,0,10240000,0.25,3.2471
16384,100762,84,0,10240000,0.25,3.75853
16384,100762,85,0,10240000,0.25,3.4615
16384,100762,86,0,10240000,0.25,4.22143
16384,100762,87,0,10240000,0.25,2.90878
16384,100762,88,0,10240000,0.25,3.6793
16384,100762,89,0,10240000,0.25,4.30191
16384,100762,90,0,10240000,0.25,2.98414
16384,100762,91,0,10240000,0.25,5.2323
16384,100762,92,0,10240000,0.25,2.84277
16384,100762,93,0,10240000,0.25,3.1588
16384,100762,94,0,10240000,0.25,3.94004
16384,100762,95,0,10240000,0.25,4.064
16384,100762,96,0,10240000,0.25,2.92742
16384,100762,97,0,10240000,0.25,3.48858
16384,100762,98,0,10240000,0.25,3.38687
16384,100762,99,0,10240000,0.25,2.55105
16384,100762,100,0,10240000,0.25,3.15468
16384,100762,101,0,10240000,0.25,6.0713
16384,100762,102,0,10240000,0.25,2.8247
16384,100762,103,0,10240000,0.25,2.66955
16384,100762,104,0,10240000,0.25,5.17877
16384,100762,105,0,10240000,0.25,4.1675
16384,100762,106,0,10240000,0.25,2.67917
16384,100762,107,0,10240000,0.25,2.70099
16384,100762,108,0,10240000,0.25,2.71115
16384,100762,109,0,10240000,0.25,6.27462
16384,100762,110,0,10240000,0.25,3.68396
16384,100762,111,0,10240000,0.25,2.69434
16384,100762,112,0,10240000,0.25,3.55029
16384,100762,113,0,10240000,0.25,3.94607
16384,100762,114,0,10240000,0.25,5.34713
16384,100762,115,0,10240000,0.25,3.31924
16384,100762,116,0,10240000,0.25,2.51479
16384,100762,117,0,10240000,0.25,5.66627
16384,100762,118,0,10240000,0.25,2.74938
16384,100762,119,0,10240000,0.25,2.90079
16384,100762,120,0,10240000,0.25,2.72933
16384,100762,121,0,10240000,0.25,3.43061
16384,100762,122,0,10240000,0.25,5.05051
16384,100762,123,0,10240000,0.25,2.92575
16384,100762,124,0,10240000,0.25,2.7188
16384,100762,125,0,10240000,0.25,4.7867
16384,100762,126,0,10240000,0.25,5.24769
16384,100762,127,0,10240000,0.25,4.69252
16384,100762,128,0,10240000,0.25,4.13844
16384,100762,129,0,10240000,0.25,2.62421
16384,100762,130,0,10240000,0.25,2.6206
16384,100762,131,0,10240000,0.25,4.40408
16384,100762,132,0,10240000,0.25,6.96398
16384,100762,133,0,10240000,0.25,3.61379
16384,100762,134,0,10240000,0.25,2.74582
16384,100762,135,0,10240000,0.25,3.87913
16384,100762,136,0,10240000,0.25,2.8506
16384,100762,137,0,10240000,0.25,3.91137
16384,100762,138,0,10240000,0.25,3.0947
16384,100762,139,0,10240000,0.25,3.83691
16384,100762,140,0,10240000,0.25,3.20137
16384,100762,141,0,10240000,0.25,3.31948
16384,100762,142,0,10240000,0.25,3.80498
16384,100762,143,0,10240000,0.25,3.7176
16384,100762,144,0,10240000,0.25,2.46975
16384,100762,145,0,10240000,0.25,3.41357
16384,100762,146,0,10240000,0.25,5.36178
16384,100762,147,0,10240000,0.25,3.37357
16384,100762,148,0,10240000,0.25,3.83739
16384,100762,149,0,10240000,0.25,2.2692
16384,100762,150,0,10240000,0.25,4.61625
16384,100762,151,0,10240000,0.25,4.37123
16384,100762,152,0,10240000,0.25,3.78977
16384,100762,153,0,10240000,0.25,3.61475
16384,100762,154,0,10240000,0.25,4.86904
16384,100762,155,0,10240000,0.25,3.21902
16384,100762,156,0,10240000,0.25,3.91957
16384,100762,157,0,10240000,0.25,3.5514
16384,100762,158,0,10240000,0.25,4.00648
16384,100762,159,0,10240000,0.25,3.70653
16384,100762,160,0,10240000,0.25,3.34078
16384,100762,161,0,10240000,0.25,5.15722
16384,100762,162,0,10240000,0.25,4.43928
16384,100762,163,0,10240000,0.25,3.05762
16384,100762,164,0,10240000,0.25,5.73037
16384,100762,165,0,10240000,0.25,4.10835
16384,100762,166,0,10240000,0.25,3.41731
16384,100762,167,0,10240000,0.25,2.38509
16384,100762,168,0,10240000,0.25,2.88568
16384,100762,169,0,10240000,0.25,2.63712
16384,100762,170,0,10240000,0.25,2.85778
16384,100762,171,0,10240000,0.25,3.72659
16384,100762,172,0,10240000,0.25,3.1375
16384,100762,173,0,10240000,0.25,4.3511
16384,100762,174,0,10240000,0.25,4.68686
16384,100762,175,0,10240000,0.25,3.23407
16384,100762,176,0,10240000,0.25,3.86876
16384,100762,177,0,10240000,0.25,3.55417
16384,100762,178,0,10240000,0.25,2.99738
16384,100762,179,0,10240000,0.25,2.79889
16384,100762,180,0,10240000,0.25,2.97922
16384,100762,181,0,10240000,0.25,2.69327
16384,100762,182,0,10240000,0.25,3.15084
16384,100762,183,0,10240000,0.25,4.12278
16384,100762,184,0,10240000,0.25,3.08876
16384,100762,185,0,10240000,0.25,2.90208
16384,100762,186,0,10240000,0.25,3.89492
16384,100762,187,0,10240000,0.25,3.42999
16384,100762,188,0,10240000,0.25,4.3468
16384,100762,189,0,10240000,0.25,3.29399
16384,100762,190,0,10240000,0.25,2.93555
16384,100762,191,0,10240000,0.25,2.89836
16384,100762,192,0,10240000,0.25,3.25539
16384,100762,193,0,10240000,0.25,3.20628
16384,100762,194,0,10240000,0.25,3.90401
16384,100762,195,0,10240000,0.25,3.70008
16384,100762,196,0,10240000,0.25,3.07852
16384,100762,197,0,10240000,0.25,4.56701
16384,100762,198,0,10240000,0.25,3.25333
16384,100762,199,0,10240000,0.25,3.86665
16384,100762,200,0,10240000,0.25,3.87223
16384,100762,201,0,10240000,0.25,2.5092
16384,100762,202,0,10240000,0.25,3.29263
16384,100762,203,0,10240000,0.25,3.12791
16384,100762,204,0,10240000,0.25,2.90036
16384,100762,205,0,10240000,0.25,2.78894
16384,100762,206,0,10240000,0.25,3.94634
16384,100762,207,0,10240000,0.25,3.1224
16384,100762,208,0,10240000,0.25,2.8604
16384,100762,209,0,10240000,0.25,3.30154
16384,100762,210,0,10240000,0.25,2.72624
16384,100762,211,0,10240000,0.25,3.57207
16384,100762,212,0,10240000,0.25,3.83464
16384,100762,213,0,10240000,0.25,3.32489
16384,100762,214,0,10240000,0.25,4.01257
16384,100762,215,0,10240000,0.25,3.89016
16384,100762,216,0,10240000,0.25,4.42693
16384,100762,217,0,10240000,0.25,4.23347
16384,100762,218,0,10240000,0.25,3.66534
16384,100762,219,0,10240000,0.25,3.80916
16384,100762,220,0,10240000,0.25,4.50283
16384,100762,221,0,10240000,0.25,3.27821
16384,100762,222,0,10240000,0.25,4.31202
16384,100762,223,0,10240000,0.25,3.22751
16384,100762,224,0,10240000,0.25,2.6028
16384,100762,225,0,10240000,0.25,4.63756
16384,100762,226,0,10240000,0.25,2.47545
16384,100762,227,0,10240000,0.25,4.43868
16384,100762,228,0,10240000,0.25,3.12832
16384,100762,229,0,10240000,0.25,4.26341
16384,100762,230,0,10240000,0.25,6.21038
16384,100762,231,0,10240000,0.25,4.19961
16384,100762,232,0,10240000,0.25,3.22945
16384,100762,233,0,10240000,0.25,2.31171
16384,100762,234,0,10240000,0.25,3.86842
16384,100762,235,0,10240000,0.25,2.83531
16384,100762,236,0,10240000,0.25,3.23806
16384,100762,237,0,10240000,0.25,3.101
16384,100762,238,0,10240000,0.25,3.82278
16384,100762,239,0,10240000,0.25,3.87952
16384,100762,240,0,10240000,0.25,6.2076
16384,100762,241,0,10240000,0.25,3.06296
16384,100762,242,0,10240000,0.25,4.07193
16384,100762,243,0,10240000,0.25,4.44975
16384,100762,244,0,10240000,0.25,2.92781
16384,100762,245,0,10240000,0.25,2.65435
16384,100762,246,0,10240000,0.25,2.81453
16384,100762,247,0,10240000,0.25,3.63871
16384,100762,248,0,10240000,0.25,5.65785
16384,100762,249,0,10240000,0.25,3.89729
16384,100762,250,0,10240000,0.25,4.10279
16384,100762,251,0,10240000,0.25,2.31745
16384,100762,252,0,10240000,0.25,3.36783
16384,100762,253,0,10240000,0.25,3.40613
16384,100762,254,0,10240000,0.25,3.98787
16384,100762,255,0,10240000,0.25,3.35718
16384,100762,256,0,10240000,0.25,3.5879
16384,100762,257,0,10240000,0.25,4.36235
16384,100762,258,0,10240000,0.25,2.89873
16384,100762,259,0,10240000,0.25,3.9135
16384,100762,260,0,10240000,0.25,3.26989
16384,100762,261,0,10240000,0.25,2.96336
16384,100762,262,0,10240000,0.25,4.33731
16384,100762,263,0,10240000,0.25,3.90398
16384,100762,264,0,10240000,0.25,4.08799
16384,100762,265,0,10240000,0.25,4.01565
16384,100762,266,0,10240000,0.25,5.09683
16384,100762,267,0,10240000,0.25,4.64792
16384,100762,268,0,10240000,0.25,3.69675
16384,100762,269,0,10240000,0.25,4.25093
16384,100762,270,0,10240000,0.25,3.73662
16384,100762,271,0,10240000,0.25,4.00476
16384,100762,272,0,10240000,0.25,3.27388
16384,100762,273,0,10240000,0.25,2.68465
16384,100762,274,0,10240000,0.25,7.15339
16384,100762,275,0,10240000,0.25,3.77694
16384,100762,276,0,10240000,0.25,3.114
16384,100762,277,0,10240000,0.25,4.54288
16384,100762,278,0,10240000,0.25,3.11791
16384,100762,279,0,10240000,0.25,3.58288
16384,100762,280,0,10240000,0.25,2.61296
16384,100762,281,0,10240000,0.25,4.05592
16384,100762,282,0,10240000,0.25,3.35987
16384,100762,283,0,10240000,0.25,2.76056
16384,100762,284,0,10240000,0.25,2.46902
16384,100762,285,0,10240000,0.25,2.94172
16384,100762,286,0,10240000,0.25,2.61422
16384,100762,287,0,10240000,0.25,3.31692
16384,100762,288,0,10240000,0.25,4.15055
16384,100762,289,0,10240000,0.25,2.2444
16384,100762,290,0,10240000,0.25,3.94025
16384,100762,291,0,10240000,0.25,3.72147
16384,100762,292,0,10240000,0.25,7.54748
16384,100762,293,0,10240000,0.25,3.51124
16384,100762,294,0,10240000,0.25,3.40492
16384,100762,295,0,10240000,0.25,2.92058
16384,100762,296,0,10240000,0.25,4.07489
16384,100762,297,0,10240000,0.25,4.17574
16384,100762,298,0,10240000,0.25,2.73141
16384,100762,299,0,10240000,0.25,2.56616
16384,100762,300,0,10240000,0.25,3.83507
16384,100762,301,0,10240000,0.25,3.49729
16384,100762,302,0,10240000,0.25,3.56344
16384,100762,303,0,10240000,0.25,3.39445
16384,100762,304,0,10240000,0.25,3.30716
16384,100762,305,0,10240000,0.25,3.11534
16384,100762,306,0,10240000,0.25,2.46957
16384,100762,307,0,10240000,0.25,3.60865
16384,100762,308,0,10240000,0.25,3.10804
16384,100762,309,0,10240000,0.25,3.02527
16384,100762,310,0,10240000,0.25,3.92577
16384,100762,311,0,10240000,0.25,3.71168
16384,100762,312,0,10240000,0.25,3.10452
16384,100762,313,0,10240000,0.25,3.0087
16384,100762,314,0,10240000,0.25,3.38584
16384,100762,315,0,10240000,0.25,5.23839
16384,100762,316,0,10240000,0.25,3.26865
16384,100762,317,0,10240000,0.25,4.40257
16384,100762,318,0,10240000,0.25,2.26201
16384,100762,319,0,10240000,0.25,5.10055
16384,100762,320,0,10240000,0.25,4.88476
16384,100762,321,0,10240000,0.25,4.23092
16384,100762,322,0,10240000,0.25,3.26596
16384,100762,323,0,10240000,0.25,5.05716
16384,100762,324,0,10240000,0.25,2.85188
16384,100762,325,0,10240000,0.25,3.59816
16384,100762,326,0,10240000,0.25,4.75098
16384,100762,327,0,10240000,0.25,2.33242
16384,100762,328,0,10240000,0.25,4.19208
16384,100762,329,0,10240000,0.25,5.51917
16384,100762,330,0,10240000,0.25,3.70592
16384,100762,331,0,10240000,0.25,3.04057
16384,100762,332,0,10240000,0.25,3.1886
16384,100762,333,0,10240000,0.25,2.92438
16384,100762,334,0,10240000,0.25,3.58414
16384,100762,335,0,10240000,0.25,3.80473
16384,100762,336,0,10240000,0.25,4.60743
16384,100762,337,0,10240000,0.25,4.49024
16384,100762,338,0,10240000,0.25,3.85743
16384,100762,339,0,10240000,0.25,3.09067
16384,100762,340,0,10240000,0.25,4.42949
16384,100762,341,0,10240000,0.25,3.47592
16384,100762,342,0,10240000,0.25,3.93822
16384,100762,343,0,10240000,0.25,3.99697
16384,100762,344,0,10240000,0.25,4.26937
16384,100762,345,0,10240000,0.25,4.15313
16384,100762,346,0,10240000,0.25,3.73204
16384,100762,347,0,10240000,0.25,4.76008
16384,100762,348,0,10240000,0.25,3.23472
16384,100762,349,0,10240000,0.25,2.64106
16384,100762,350,0,10240000,0.25,3.81142
16384,100762,351,0,10240000,0.25,4.32086
16384,100762,352,0,10240000,0.25,3.35955
16384,100762,353,0,10240000,0.25,2.93048
16384,100762,354,0,10240000,0.25,6.19902
16384,100762,355,0,10240000,0.25,4.13863
16384,100762,356,0,10240000,0.25,3.34754
16384,100762,357,0,10240000,0.25,3.43384
16384,100762,358,0,10240000,0.25,3.37021
16384,100762,359,0,10240000,0.25,3.65877
16384,100762,360,0,10240000,0.25,3.99822
16384,100762,361,0,10240000,0.25,5.80449
16384,100762,362,0,10240000,0.25,3.42464
16384,100762,363,0,10240000,0.25,4.47113
16384,100762,364,0,10240000,0.25,4.71501
16384,100762,365,0,10240000,0.25,3.13727
16384,100762,366,0,10240000,0.25,4.47755
16384,100762,367,0,10240000,0.25,3.07156
16384,100762,368,0,10240000,0.25,4.02148
16384,100762,369,0,10240000,0.25,2.73475
16384,100762,370,0,10240000,0.25,3.9978
16384,100762,371,0,10240000,0.25,4.51134
16384,100762,372,0,10240000,0.25,2.86455
16384,100762,373,0,10240000,0.25,3.04277
16384,100762,374,0,10240000,0.25,4.67901
16384,100762,375,0,10240000,0.25,5.27862
16384,100762,376,0,10240000,0.25,5.19181
16384,100762,377,0,10240000,0.25,4.40602
16384,100762,378,0,10240000,0.25,4.02933
16384,100762,379,0,10240000,0.25,5.22822
16384,100762,380,0,10240000,0.25,2.73413
16384,100762,381,0,10240000,0.25,4.38088
16384,100762,382,0,10240000,0.25,3.73958
16384,100762,383,0,10240000,0.25,3.55722
16384,100762,384,0,10240000,0.25,4.5631
16384,100762,385,0,10240000,0.25,2.66866
16384,100762,386,0,10240000,0.25,3.74928
16384,100762,387,0,10240000,0.25,3.70071
16384,100762,388,0,10240000,0.25,4.55058
16384,100762,389,0,10240000,0.25,3.9242
16384,100762,390,0,10240000,0.25,4.68417
16384,100762,391,0,10240000,0.25,3.84323
16384,100762,392,0,10240000,0.25,5.9386
16384,100762,393,0,10240000,0.25,4.70948
16384,100762,394,0,10240000,0.25,3.66409
16384,100762,395,0,10240000,0.25,4.82266
16384,100762,396,0,10240000,0.25,4.43908
16384,100762,397,0,10240000,0.25,3.90541
16384,100762,398,0,10240000,0.25,3.59903
16384,100762,399,0,10240000,0.25,5.28211
16384,100762,400,0,10240000,0.25,3.63469
16384,104038,1,0,10240000,0.25,23.4133
16384,104038,2,0,10240000,0.25,15.7441
16384,104038,3,0,10240000,0.25,18.7295
16384,104038,4,0,10240000,0.25,19.3512
16384,104038,5,0,10240000,0.25,31.5114
16384,104038,6,0,10240000,0.25,22.5712
16384,104038,7,0,10240000,0.25,20.5259
16384,104038,8,0,10240000,0.25,34.125
16384,104038,9,0,10240000,0.25,18.1575
16384,104038,10,0,10240000,0.25,18.518
16384,104038,11,0,10240000,0.25,16.5784
16384,104038,12,0,10240000,0.25,29.4099
16384,104038,13,0,10240000,0.25,19.8854
16384,104038,14,0,10240000,0.25,23.2549
16384,104038,15,0,10240000,0.25,26.3921
16384,104038,16,0,10240000,0.25,22.6047
16384,104038,17,0,10240000,0.25,18.2579
16384,104038,18,0,10240000,0.25,33.4898
16384,104038,19,0,10240000,0.25,41.4585
16384,104038,20,0,10240000,0.25,20.8344
16384,104038,21,0,10240000,0.25,15.0521
16384,104038,22,0,10240000,0.25,25.0704
16384,104038,23,0,10240000,0.25,21.9986
16384,104038,24,0,10240000,0.25,24.6903
16384,104038,25,0,10240000,0.25,20.3038
16384,104038,26,0,10240000,0.25,42.0239
16384,104038,27,0,10240000,0.25,24.1295
16384,104038,28,0,10240000,0.25,22.0028
16384,104038,29,0,10240000,0.25,59.9374
16384,104038,30,0,10240000,0.25,24.6582
16384,104038,31,0,10240000,0.25,36.3753
16384,104038,32,0,10240000,0.25,30.222
16384,104038,33,0,10240000,0.25,39.7801
16384,104038,34,0,10240000,0.25,16.862
16384,104038,35,0,10240000,0.25,24.0863
16384,104038,36,0,10240000,0.25,24.4215
16384,104038,37,0,10240000,0.25,47.7114
16384,104038,38,0,10240000,0.25,25.8791
16384,104038,39,0,10240000,0.25,26.4951
16384,104038,40,0,10240000,0.25,18.4022
16384,104038,41,0,10240000,0.25,12.595
16384,104038,42,0,10240000,0.25,43.954
16384,104038,43,0,10240000,0.25,21.598
16384,104038,44,0,10240000,0.25,22.8906
16384,104038,45,0,10240000,0.25,23.9281
16384,104038,46,0,10240000,0.25,31.9736
16384,104038,47,0,10240000,0.25,21.9763
16384,104038,48,0,10240000,0.25,26.8709
16384,104038,49,0,10240000,0.25,16.421
16384,104038,50,0,10240000,0.25,26.1904
16384,104038,51,0,10240000,0.25,27.8614
16384,104038,52,0,10240000,0.25,23.202
16384,104038,53,0,10240000,0.25,18.7447
16384,104038,54,0,10240000,0.25,16.4099
16384,104038,55,0,10240000,0.25,14.6589
16384,104038,56,0,10240000,0.25,29.2494
16384,104038,57,0,10240000,0.25,29.2549
16384,104038,58,0,10240000,0.25,13.4235
16384,104038,59,0,10240000,0.25,27.2758
16384,104038,60,0,10240000,0.25,25.4785
16384,104038,61,0,10240000,0.25,20.6898
16384,104038,62,0,10240000,0.25,24.0805
16384,104038,63,0,10240000,0.25,20.7617
16384,104038,64,0,10240000,0.25,30.7423
16384,104038,65,0,10240000,0.25,26.8015
16384,104038,66,0,10240000,0.25,34.7886
16384,104038,67,0,10240000,0.25,17.1149
16384,104038,68,0,10240000,0.25,22.6825
16384,104038,69,0,10240000,0.25,18.919
16384,104038,70,0,10240000,0.25,40.6458
16384,104038,71,0,10240000,0.25,27.5243
16384,104038,72,0,10240000,0.25,13.1051
16384,104038,73,0,10240000,0.25,38.7799
16384,104038,74,0,10240000,0.25,23.2105
16384,104038,75,0,10240000,0.25,16.9584
16384,104038,76,0,10240000,0.25,28.5215
16384,104038,77,0,10240000,0.25,18.8407
16384,104038,78,0,10240000,0.25,49.0232
16384,104038,79,0,10240000,0.25,16.424
16384,104038,80,0,10240000,0.25,41.9881
16384,104038,81,0,10240000,0.25,58.4803
16384,104038,82,0,10240000,0.25,21.1712
16384,104038,83,0,10240000,0.25,19.2399
16384,104038,84,0,10240000,0.25,29.2665
16384,104038,85,0,10240000,0.25,28.9263
16384,104038,86,0,10240000,0.25,31.48
16384,104038,87,0,10240000,0.25,22.697
16384,104038,88,0,10240000,0.25,31.8775
16384,104038,89,0,10240000,0.25,22.0403
16384,104038,90,0,10240000,0.25,21.2053
16384,104038,91,0,10240000,0.25,16.2181
16384,104038,92,0,10240000,0.25,36.5529
16384,104038,93,0,10240000,0.25,35.784
16384,104038,94,0,10240000,0.25,34.3235
16384,104038,95,0,10240000,0.25,60.5391
16384,104038,96,0,10240000,0.25,10.0502
16384,104038,97,0,10240000,0.25,19.0929
16384,104038,98,0,10240000,0.25,28.0447
16384,104038,99,0,10240000,0.25,20.1961
16384,104038,100,0,10240000,0.25,21.6903
16384,104038,101,0,10240000,0.25,33.9835
16384,104038,102,0,10240000,0.25,21.1521
16384,104038,103,0,10240000,0.25,24.7911
16384,104038,104,0,10240000,0.25,18.2517
16384,104038,105,0,10240000,0.25,19.6253
16384,104038,106,0,10240000,0.25,26.6694
16384,104038,107,0,10240000,0.25,12.3976
16384,104038,108,0,10240000,0.25,34.5601
16384,104038,109,0,10240000,0.25,28.4054
16384,104038,110,0,10240000,0.25,56.5397
16384,104038,111,0,10240000,0.25,30.8002
16384,104038,112,0,10240000,0.25,28.241
16384,104038,113,0,10240000,0.25,14.4397
16384,104038,114,0,10240000,0.25,53.1807
16384,104038,115,0,10240000,0.25,15.9171
16384,104038,116,0,10240000,0.25,22.1047
16384,104038,117,0,10240000,0.25,28.0325
16384,104038,118,0,10240000,0.25,25.0088
16384,104038,119,0,10240000,0.25,16.7919
16384,104038,120,0,10240000,0.25,15.9725
16384,104038,121,0,10240000,0.25,29.5342
16384,104038,122,0,10240000,0.25,20.5334
16384,104038,123,0,10240000,0.25,44.7994
16384,104038,124,0,10240000,0.25,17.8821
16384,104038,125,0,10240000,0.25,14.5736
16384,104038,126,0,10240000,0.25,14.6118
16384,104038,127,0,10240000,0.25,16.5841
16384,104038,128,0,10240000,0.25,23.2788
16384,104038,129,0,10240000,0.25,40.3619
16384,104038,130,0,10240000,0.25,26.5366
16384,104038,131,0,10240000,0.25,43.7358
16384,104038,132,0,10240000,0.25,28.2318
16384,104038,133,0,10240000,0.25,22.4301
16384,104038,134,0,10240000,0.25,17.0142
16384,104038,135,0,10240000,0.25,32.5725
16384,104038,136,0,10240000,0.25,43.3845
16384,104038,137,0,10240000,0.25,21.3312
16384,104038,138,0,10240000,0.25,15.7053
16384,104038,139,0,10240000,0.25,41.9959
16384,104038,140,0,10240000,0.25,31.8923
16384,104038,141,0,10240000,0.25,23.5928
16384,104038,142,0,10240000,0.25,31.6813
16384,104038,143,0,10240000,0.25,19.9762
16384,104038,144,0,10240000,0.25,42.7174
16384,104038,145,0,10240000,0.25,15.1332
16384,104038,146,0,10240000,0.25,16.9339
16384,104038,147,0,10240000,0.25,17.862
16384,104038,148,0,10240000,0.25,19.8144
16384,104038,149,0,10240000,0.25,22.1854
16384,104038,150,0,10240000,0.25,23.8391
16384,104038,151,0,10240000,0.25,12.8033
16384,104038,152,0,10240000,0.25,23.2896
16384,104038,153,0,10240000,0.25,16.5811
16384,104038,154,0,10240000,0.25,23.3539
16384,104038,155,0,10240000,0.25,20.69
16384,104038,156,0,10240000,0.25,14.6241
16384,104038,157,0,10240000,0.25,20.1365
16384,104038,158,0,10240000,0.25,16.6288
16384,104038,159,0,10240000,0.25,23.1939
16384,104038,160,0,10240000,0.25,19.6349
16384,104038,161,0,10240000,0.25,21.8549
16384,104038,162,0,10240000,0.25,18.863
16384,104038,163,0,10240000,0.25,22.2256
16384,104038,164,0,10240000,0.25,15.437
16384,104038,165,0,10240000,0.25,36.781
16384,104038,166,0,10240000,0.25,43.6163
16384,104038,167,0,10240000,0.25,20.7054
16384,104038,168,0,10240000,0.25,15.2275
16384,104038,169,0,10240000,0.25,22.1045
16384,104038,170,0,10240000,0.25,29.7713
16384,104038,171,0,10240000,0.25,39.3577
16384,104038,172,0,10240000,0.25,16.4759
16384,104038,173,0,10240000,0.25,35.469
16384,104038,174,0,10240000,0.25,18.0523
16384,104038,175,0,10240000,0.25,26.7196
16384,104038,176,0,10240000,0.25,25.6672
16384,104038,177,0,10240000,0.25,20.6897
16384,104038,178,0,10240000,0.25,18.2161
16384,104038,179,0,10240000,0.25,16.7106
16384,104038,180,0,10240000,0.25,20.984
16384,104038,181,0,10240000,0.25,20.4197
16384,104038,182,0,10240000,0.25,35.1574
16384,104038,183,0,10240000,0.25,17.5927
16384,104038,184,0,10240000,0.25,13.4362
16384,104038,185,0,10240000,0.25,19.5153
16384,104038,186,0,10240000,0.25,17.6341
16384,104038,187,0,10240000,0.25,20.9968
16384,104038,188,0,10240000,0.25,31.0523
16384,104038,189,0,10240000,0.25,25.7568
16384,104038,190,0,10240000,0.25,34.039
16384,104038,191,0,10240000,0.25,13.0374
16384,104038,192,0,10240000,0.25,14.5729
16384,104038,193,0,10240000,0.25,11.2785
16384,104038,194,0,10240000,0.25,10.7491
16384,104038,195,0,10240000,0.25,13.7186
16384,104038,196,0,10240000,0.25,25.8797
16384,104038,197,0,10240000,0.25,29.851
16384,104038,198,0,10240000,0.25,71.1462
16384,104038,199,0,10240000,0.25,28.7032
16384,104038,200,0,10240000,0.25,12.9166
16384,104038,201,0,10240000,0.25,21.889
16384,104038,202,0,10240000,0.25,27.1271
16384,104038,203,0,10240000,0.25,14.9541
16384,104038,204,0,10240000,0.25,15.9673
16384,104038,205,0,10240000,0.25,13.747
16384,104038,206,0,10240000,0.25,17.1155
16384,104038,207,0,10240000,0.25,19.4691
16384,104038,208,0,10240000,0.25,20.8032
16384,104038,209,0,10240000,0.25,15.5165
16384,104038,210,0,10240000,0.25,26.6252
16384,104038,211,0,10240000,0.25,27.7804
16384,104038,212,0,10240000,0.25,23.0409
16384,104038,213,0,10240000,0.25,30.4918
16384,104038,214,0,10240000,0.25,18.6331
16384,104038,215,0,10240000,0.25,29.9525
16384,104038,216,0,10240000,0.25,18.5869
16384,104038,217,0,10240000,0.25,15.0081
16384,104038,218,0,10240000,0.25,25.6846
16384,104038,219,0,10240000,0.25,31.1756
16384,104038,220,0,10240000,0.25,33.8962
16384,104038,221,0,10240000,0.25,33.1857
16384,104038,222,0,10240000,0.25,23.2183
16384,104038,223,0,10240000,0.25,30.2975
16384,104038,224,0,10240000,0.25,16.9784
16384,104038,225,0,10240000,0.25,29.3978
16384,104038,226,0,10240000,0.25,17.0533
16384,104038,227,0,10240000,0.25,19.807
16384,104038,228,0,10240000,0.25,29.0914
16384,104038,229,0,10240000,0.25,14.2891
16384,104038,230,0,10240000,0.25,23.7245
16384,104038,231,0,10240000,0.25,30.2172
16384,104038,232,0,10240000,0.25,22.4885
16384,104038,233,0,10240000,0.25,18.001
16384,104038,234,0,10240000,0.25,24.521
16384,104038,235,0,10240000,0.25,11.5134
16384,104038,236,0,10240000,0.25,31.1028
16384,104038,237,0,10240000,0.25,24.4024
16384,104038,238,0,10240000,0.25,33.8613
16384,104038,239,0,10240000,0.25,18.6473
16384,104038,240,0,10240000,0.25,18.147
16384,104038,241,0,10240000,0.25,29.3921
16384,104038,242,0,10240000,0.25,25.814
16384,104038,243,0,10240000,0.25,31.9974
16384,104038,244,0,10240000,0.25,27.4377
16384,104038,245,0,10240000,0.25,22.06
16384,104038,246,0,10240000,0.25,28.2375
16384,104038,247,0,10240000,0.25,29.6909
16384,104038,248,0,10240000,0.25,17.5667
16384,104038,249,0,10240000,0.25,23.2379
16384,104038,250,0,10240000,0.25,26.8268
16384,104038,251,0,10240000,0.25,13.5268
16384,104038,252,0,10240000,0.25,26.714
16384,104038,253,0,10240000,0.25,19.386
16384,104038,254,0,10240000,0.25,15.7029
16384,104038,255,0,10240000,0.25,33.7947
16384,104038,256,0,10240000,0.25,33.481
16384,104038,257,0,10240000,0.25,22.2723
16384,104038,258,0,10240000,0.25,11.5027
16384,104038,259,0,10240000,0.25,34.0874
16384,104038,260,0,10240000,0.25,20.9917
16384,104038,261,0,10240000,0.25,12.3748
16384,104038,262,0,10240000,0.25,32.551
16384,104038,263,0,10240000,0.25,24.5223
16384,104038,264,0,10240000,0.25,12.3886
16384,104038,265,0,10240000,0.25,23.0677
16384,104038,266,0,10240000,0.25,20.8104
16384,104038,267,0,10240000,0.25,27.1141
16384,104038,268,0,10240000,0.25,22.8005
16384,104038,269,0,10240000,0.25,17.5901
16384,104038,270,0,10240000,0.25,24.4691
16384,104038,271,0,10240000,0.25,10.2297
16384,104038,272,0,10240000,0.25,26.6853
16384,104038,273,0,10240000,0.25,36.2077
16384,104038,274,0,10240000,0.25,13.7122
16384,104038,275,0,10240000,0.25,29.276
16384,104038,276,0,10240000,0.25,47.1571
16384,104038,277,0,10240000,0.25,9.78195
16384,104038,278,0,10240000,0.25,20.4274
16384,104038,279,0,10240000,0.25,13.9965
16384,104038,280,0,10240000,0.25,37.234
16384,104038,281,0,10240000,0.25,36.4347
16384,104038,282,0,10240000,0.25,17.7841
16384,104038,283,0,10240000,0.25,19.7401
16384,104038,284,0,10240000,0.25,28.6785
16384,104038,285,0,10240000,0.25,11.4099
16384,104038,286,0,10240000,0.25,38.794
16384,104038,287,0,10240000,0.25,23.646
16384,104038,288,0,10240000,0.25,25.5291
16384,104038,289,0,10240000,0.25,45.1483
16384,104038,290,0,10240000,0.25,15.2437
16384,104038,291,0,10240000,0.25,19.8899
16384,104038,292,0,10240000,0.25,13.7204
16384,104038,293,0,10240000,0.25,17.2417
16384,104038,294,0,10240000,0.25,25.6149
16384,104038,295,0,10240000,0.25,20.7545
16384,104038,296,0,10240000,0.25,34.1573
16384,104038,297,0,10240000,0.25,13.6479
16384,104038,298,0,10240000,0.25,28.9067
16384,104038,299,0,10240000,0.25,17.8084
16384,104038,300,0,10240000,0.25,16.7553
16384,104038,301,0,10240000,0.25,17.5709
16384,104038,302,0,10240000,0.25,17.3046
16384,104038,303,0,10240000,0.25,27.3485
16384,104038,304,0,10240000,0.25,23.8583
16384,104038,305,0,10240000,0.25,32.8403
16384,104038,306,0,10240000,0.25,11.8864
16384,104038,307,0,10240000,0.25,23.783
16384,104038,308,0,10240000,0.25,9.85798
16384,104038,309,0,10240000,0.25,25.6901
16384,104038,310,0,10240000,0.25,17.2295
16384,104038,311,0,10240000,0.25,17.3056
16384,104038,312,0,10240000,0.25,22.0413
16384,104038,313,0,10240000,0.25,19.7194
16384,104038,314,0,10240000,0.25,24.4886
16384,104038,315,0,10240000,0.25,14.2375
16384,104038,316,0,10240000,0.25,32.8901
16384,104038,317,0,10240000,0.25,16.9376
16384,104038,318,0,10240000,0.25,22.7166
16384,104038,319,0,10240000,0.25,15.5318
16384,104038,320,0,10240000,0.25,17.6363
16384,104038,321,0,10240000,0.25,14.3752
16384,104038,322,0,10240000,0.25,16.5418
16384,104038,323,0,10240000,0.25,24.2982
16384,104038,324,0,10240000,0.25,34.9836
16384,104038,325,0,10240000,0.25,34.8086
16384,104038,326,0,10240000,0.25,31.5447
16384,104038,327,0,10240000,0.25,22.934
16384,104038,328,0,10240000,0.25,17.4611
16384,104038,329,0,10240000,0.25,15.0452
16384,104038,330,0,10240000,0.25,16.2475
16384,104038,331,0,10240000,0.25,10.4161
16384,104038,332,0,10240000,0.25,23.4188
16384,104038,333,0,10240000,0.25,18.6051
16384,104038,334,0,10240000,0.25,41.3622
16384,104038,335,0,10240000,0.25,22.9357
16384,104038,336,0,10240000,0.25,20.2194
16384,104038,337,0,10240000,0.25,28.726
16384,104038,338,0,10240000,0.25,15.4059
16384,104038,339,0,10240000,0.25,24.9116
16384,104038,340,0,10240000,0.25,18.2331
16384,104038,341,0,10240000,0.25,12.2841
16384,104038,342,0,10240000,0.25,44.0179
16384,104038,343,0,10240000,0.25,21.8575
16384,104038,344,0,10240000,0.25,21.3704
16384,104038,345,0,10240000,0.25,43.0834
16384,104038,346,0,10240000,0.25,32.2486
16384,104038,347,0,10240000,0.25,25.6977
16384,104038,348,0,10240000,0.25,22.9452
16384,104038,349,0,10240000,0.25,27.035
16384,104038,350,0,10240000,0.25,21.8939
16384,104038,351,0,10240000,0.25,10.9812
16384,104038,352,0,10240000,0.25,20.1356
16384,104038,353,0,10240000,0.25,29.8965
16384,104038,354,0,10240000,0.25,17.5044
16384,104038,355,0,10240000,0.25,21.714
16384,104038,356,0,10240000,0.25,25.9757
16384,104038,357,0,10240000,0.25,33.1935
16384,104038,358,0,10240000,0.25,20.5043
16384,104038,359,0,10240000,0.25,11.8814
16384,104038,360,0,10240000,0.25,31.4529
16384,104038,361,0,10240000,0.25,25.4722
16384,104038,362,0,10240000,0.25,22.1233
16384,104038,363,0,10240000,0.25,20.0409
16384,104038,364,0,10240000,0.25,21.007
16384,104038,365,0,10240000,0.25,25.1251
16384,104038,366,0,10240000,0.25,27.0648
16384,104038,367,0,10240000,0.25,36.647
16384,104038,368,0,10240000,0.25,27.7587
16384,104038,369,0,10240000,0.25,17.052
16384,104038,370,0,10240000,0.25,16.3905
16384,104038,371,0,10240000,0.25,29.4068
16384,104038,372,0,10240000,0.25,23.5312
16384,104038,373,0,10240000,0.25,19.4622
16384,104038,374,0,10240000,0.25,22.8677
16384,104038,375,0,10240000,0.25,35.5647
16384,104038,376,0,10240000,0.25,19.9984
16384,104038,377,0,10240000,0.25,24.4638
16384,104038,378,0,10240000,0.25,24.0638
16384,104038,379,0,10240000,0.25,62.7401
16384,104038,380,0,10240000,0.25,15.1002
16384,104038,381,0,10240000,0.25,17.8339
16384,104038,382,0,10240000,0.25,20.8781
16384,104038,383,0,10240000,0.25,27.2634
16384,104038,384,0,10240000,0.25,17.8812
16384,104038,385,0,10240000,0.25,29.4091
16384,104038,386,0,10240000,0.25,20.0687
16384,104038,387,0,10240000,0.25,17.6623
16384,104038,388,0,10240000,0.25,14.6614
16384,104038,389,0,10240000,0.25,13.9079
16384,104038,390,0,10240000,0.25,19.2581
16384,104038,391,0,10240000,0.25,35.5425
16384,104038,392,0,10240000,0.25,18.4908
16384,104038,393,0,10240000,0.25,31.1202
16384,104038,394,0,10240000,0.25,28.3823
16384,104038,395,0,10240000,0.25,20.8902
16384,104038,396,0,10240000,0.25,18.1874
16384,104038,397,0,10240000,0.25,24.7769
16384,104038,398,0,10240000,0.25,19.9033
16384,104038,399,0,10240000,0.25,25.0618
16384,104038,400,0,10240000,0.25,21.8763
16384,107315,1,0,10240000,0.25,13179.2
16384,107315,2,0,10240000,0.25,10742.3
16384,107315,3,1,10240000,0.25,28468.4
16384,107315,4,2,10240000,0.25,28182.7
16384,107315,5,2,10240000,0.25,28511.8
16384,107315,6,1,10240000,0.25,28134.7
16384,107315,7,0,10240000,0.25,13501.4
16384,107315,8,0,10240000,0.25,8881.92
16384,107315,9,2,10240000,0.25,27999.8
16384,107315,10,3,10240000,0.25,27734.3
16384,107315,11,2,10240000,0.25,27827.2
16384,107315,12,0,10240000,0.25,19841.9
16384,107315,13,2,10240000,0.25,28393.7
16384,107315,14,2,10240000,0.25,27729.1
16384,107315,15,0,10240000,0.25,11350.4
16384,107315,16,2,10240000,0.25,27749.6
16384,107315,17,0,10240000,0.25,12938.3
16384,107315,18,0,10240000,0.25,4339.54
16384,107315,19,3,10240000,0.25,28341.2
16384,107315,20,1,10240000,0.25,28134.2
16384,107315,21,0,10240000,0.25,8392.77
16384,107315,22,4,10240000,0.25,27840.4
16384,107315,23,1,10240000,0.25,27762.0
16384,107315,24,0,10240000,0.25,10640.9
16384,107315,25,4,10240000,0.25,27745.2
16384,107315,26,0,10240000,0.25,1080.54
16384,107315,27,0,10240000,0.25,1880.5
16384,107315,28,0,10240000,0.25,1036.52
16384,107315,29,0,10240000,0.25,16432.5
16384,107315,30,2,10240000,0.25,28105.7
16384,107315,31,1,10240000,0.25,27855.7
16384,107315,32,1,10240000,0.25,28304.1
16384,107315,33,2,10240000,0.25,27752.7
16384,107315,34,0,10240000,0.25,3357.14
16384,107315,35,0,10240000,0.25,6105.35
16384,107315,36,1,10240000,0.25,27938.1
16384,107315,37,0,10240000,0.25,26011.6
16384,107315,38,5,10240000,0.25,28224.4
16384,107315,39,0,10240000,0.25,5538.3
16384,107315,40,0,10240000,0.25,4523.18
16384,107315,41,0,10240000,0.25,24583.0
16384,107315,42,1,10240000,0.25,27752.8
16384,107315,43,1,10240000,0.25,27724.6
16384,107315,44,0,10240000,0.25,13135.7
16384,107315,45,2,10240000,0.25,27910.8
16384,107315,46,4,10240000,0.25,27782.7
16384,107315,47,0,10240000,0.25,16853.9
16384,107315,48,0,10240000,0.25,8376.86
16384,107315,49,0,10240000,0.25,8707.68
16384,107315,50,0,10240000,0.25,13700.7
16384,107315,51,0,10240000,0.25,8231.11
16384,107315,52,2,10240000,0.25,28368.7
16384,107315,53,3,10240000,0.25,28053.3
16384,107315,54,0,10240000,0.25,6587.28
16384,107315,55,0,10240000,0.25,5994.48
16384,107315,56,0,10240000,0.25,21971.7
16384,107315,57,1,10240000,0.25,29444.7
16384,107315,58,0,10240000,0.25,25413.3
16384,107315,59,2,10240000,0.25,28934.3
16384,107315,60,0,10240000,0.25,15554.1
16384,107315,61,0,10240000,0.25,16874.9
16384,107315,62,0,10240000,0.25,14850.2
16384,107315,63,4,10240000,0.25,28868.6
16384,107315,64,0,10240000,0.25,19485.9
16384,107315,65,1,10240000,0.25,29483.2
16384,107315,66,0,10240000,0.25,16046.0
16384,107315,67,0,10240000,0.25,16674.5
16384,107315,68,0,10240000,0.25,17847.7
16384,107315,69,0,10240000,0.25,1887.59
16384,107315,70,3,10240000,0.25,29232.4
16384,107315,71,0,10240000,0.25,9939.42
16384,107315,72,3,10240000,0.25,28648.0
16384,107315,73,1,10240000,0.25,29542.5
16384,107315,74,0,10240000,0.25,15325.5
16384,107315,75,1,10240000,0.25,29256.2
16384,107315,76,0,10240000,0.25,12323.0
16384,107315,77,0,10240000,0.25,17528.0
16384,107315,78,0,10240000,0.25,24943.8
16384,107315,79,1,10240000,0.25,28814.7
16384,107315,80,2,10240000,0.25,28049.8
16384,107315,81,2,10240000,0.25,29768.3
16384,107315,82,2,10240000,0.25,29741.4
16384,107315,83,0,10240000,0.25,23223.2
16384,107315,84,1,10240000,0.25,29500.9
16384,107315,85,2,10240000,0.25,29214.2
16384,107315,86,0,10240000,0.25,27918.5
16384,107315,87,0,10240000,0.25,10541.0
16384,107315,88,2,10240000,0.25,28119.7
16384,107315,89,0,10240000,0.25,26337.4
16384,107315,90,0,10240000,0.25,1233.88
16384,107315,91,1,10240000,0.25,29578.8
16384,107315,92,1,10240000,0.25,29338.8
16384,107315,93,0,10240000,0.25,2618.39
16384,107315,94,1,10240000,0.25,28962.4
16384,107315,95,1,10240000,0.25,28543.9
16384,107315,96,0,10240000,0.25,4835.81
16384,107315,97,0,10240000,0.25,6681.94
16384,107315,98,0,10240000,0.25,3903.09
16384,107315,99,0,10240000,0.25,14034.7
16384,107315,100,1,10240000,0.25,29689.8
16384,107315,101,0,10240000,0.25,17527.4
16384,107315,102,1,10240000,0.25,29703.9
16384,107315,103,2,10240000,0.25,29216.7
16384,107315,104,0,10240000,0.25,13190.8
16384,107315,105,3,10240000,0.25,28977.4
16384,107315,106,2,10240000,0.25,28927.7
16384,107315,107,0,10240000,0.25,22119.8
16384,107315,108,0,10240000,0.25,22874.3
16384,107315,109,1,10240000,0.25,28992.2
16384,107315,110,0,10240000,0.25,3998.32
16384,107315,111,0,10240000,0.25,1065.36
16384,107315,112,0,10240000,0.25,8767.68
16384,107315,113,4,10240000,0.25,29336.2
16384,107315,114,3,10240000,0.25,29370.9
16384,107315,115,2,10240000,0.25,29443.4
16384,107315,116,2,10240000,0.25,29065.4
16384,107315,117,2,10240000,0.25,28869.7
16384,107315,118,0,10240000,0.25,1511.25
16384,107315,119,1,10240000,0.25,28578.1
16384,107315,120,0,10240000,0.25,18932.1
16384,107315,121,2,10240000,0.25,28991.1
16384,107315,122,0,10240000,0.25,5808.0
16384,107315,123,0,10240000,0.25,17729.2
16384,107315,124,0,10240000,0.25,20068.8
16384,107315,125,1,10240000,0.25,29211.4
16384,107315,126,0,10240000,0.25,1290.3
16384,107315,127,1,10240000,0.25,28593.7
16384,107315,128,0,10240000,0.25,20918.9
16384,107315,129,2,10240000,0.25,29939.9
16384,107315,130,0,10240000,0.25,21088.4
16384,107315,131,1,10240000,0.25,29299.9
16384,107315,132,2,10240000,0.25,29660.4
16384,107315,133,0,10240000,0.25,1301.91
16384,107315,134,1,10240000,0.25,28729.6
16384,107315,135,1,10240000,0.25,28299.5
16384,107315,136,0,10240000,0.25,12370.2
16384,107315,137,0,10240000,0.25,3890.84
16384,107315,138,3,10240000,0.25,29391.3
16384,107315,139,0,10240000,0.25,10796.3
16384,107315,140,3,10240000,0.25,29290.6
16384,107315,141,0,10240000,0.25,4184.87
16384,107315,142,1,10240000,0.25,29317.7
16384,107315,143,0,10240000,0.25,18754.2
16384,107315,144,0,10240000,0.25,23662.9
16384,107315,145,0,10240000,0.25,8669.11
16384,107315,146,0,10240000,0.25,23065.2
16384,107315,147,2,10240000,0.25,29380.3
16384,107315,148,2,10240000,0.25,29485.3
16384,107315,149,0,10240000,0.25,28884.8
16384,107315,150,1,10240000,0.25,28670.5
16384,107315,151,4,10240000,0.25,28469.8
16384,107315,152,0,10240000,0.25,12274.7
16384,107315,153,0,10240000,0.25,21038.3
16384,107315,154,0,10240000,0.25,24256.7
16384,107315,155,0,10240000,0.25,19318.9
16384,107315,156,1,10240000,0.25,29212.8
16384,107315,157,0,10240000,0.25,6018.38
16384,107315,158,2,10240000,0.25,28735.1
16384,107315,159,2,10240000,0.25,28704.4
16384,107315,160,1,10240000,0.25,28476.4
16384,107315,161,0,10240000,0.25,5341.75
16384,107315,162,0,10240000,0.25,24653.6
16384,107315,163,0,10240000,0.25,26077.2
16384,107315,164,0,10240000,0.25,10491.4
16384,107315,165,0,10240000,0.25,18887.3
16384,107315,166,0,10240000,0.25,18214.9
16384,107315,167,0,10240000,0.25,13743.9
16384,107315,168,0,10240000,0.25,12563.3
16384,107315,169,2,10240000,0.25,29380.0
16384,107315,170,2,10240000,0.25,29635.1
16384,107315,171,0,10240000,0.25,2105.81
16384,107315,172,1,10240000,0.25,29307.7
16384,107315,173,2,10240000,0.25,28721.6
16384,107315,174,3,10240000,0.25,28523.2
16384,107315,175,1,10240000,0.25,28660.6
16384,107315,176,2,10240000,0.25,28193.7
16384,107315,177,0,10240000,0.25,2478.83
16384,107315,178,2,10240000,0.25,30041.3
16384,107315,179,2,10240000,0.25,29424.9
16384,107315,180,0,10240000,0.25,8440.32
16384,107315,181,2,10240000,0.25,29696.9
16384,107315,182,1,10240000,0.25,29161.3
16384,107315,183,0,10240000,0.25,16490.5
16384,107315,184,1,10240000,0.25,28681.2
16384,107315,185,3,10240000,0.25,29541.1
16384,107315,186,0,10240000,0.25,18424.0
16384,107315,187,0,10240000,0.25,9487.6
16384,107315,188,1,10240000,0.25,29307.3
16384,107315,189,0,10240000,0.25,8535.78
16384,107315,190,2,10240000,0.25,29136.9
16384,107315,191,0,10240000,0.25,7222.83
16384,107315,192,0,10240000,0.25,27923.6
16384,107315,193,0,10240000,0.25,11113.5
16384,107315,194,4,10240000,0.25,29858.0
16384,107315,195,0,10240000,0.25,23408.9
16384,107315,196,1,10240000,0.25,29951.1
16384,107315,197,0,10240000,0.25,961.38
16384,107315,198,0,10240000,0.25,26464.5
16384,107315,199,0,10240000,0.25,12979.1
16384,107315,200,1,10240000,0.25,28749.6
16384,107315,201,1,10240000,0.25,29833.2
16384,107315,202,3,10240000,0.25,28974.7
16384,107315,203,0,10240000,0.25,7108.5
16384,107315,204,0,10240000,0.25,21636.2
16384,107315,205,0,10240000,0.25,17503.5
16384,107315,206,0,10240000,0.25,12011.7
16384,107315,207,2,10240000,0.25,28998.4
16384,107315,208,0,10240000,0.25,8258.1
16384,107315,209,0,10240000,0.25,24215.2
16384,107315,210,0,10240000,0.25,23558.3
16384,107315,211,2,10240000,0.25,29262.8
16384,107315,212,0,10240000,0.25,16528.4
16384,107315,213,2,10240000,0.25,28851.4
16384,107315,214,1,10240000,0.25,28630.8
16384,107315,215,0,10240000,0.25,18666.1
16384,107315,216,0,10240000,0.25,17054.8
16384,107315,217,3,10240000,0.25,29658.1
16384,107315,218,0,10240000,0.25,21652.8
16384,107315,219,0,10240000,0.25,23085.3
16384,107315,220,1,10240000,0.25,29246.2
16384,107315,221,2,10240000,0.25,29081.0
16384,107315,222,0,10240000,0.25,11963.5
16384,107315,223,1,10240000,0.25,28290.6
16384,107315,224,0,10240000,0.25,26825.7
16384,107315,225,0,10240000,0.25,21980.3
16384,107315,226,0,10240000,0.25,2115.23
16384,107315,227,3,10240000,0.25,29296.4
16384,107315,228,1,10240000,0.25,29722.2
16384,107315,229,2,10240000,0.25,29507.6
16384,107315,230,0,10240000,0.25,12977.4
16384,107315,231,0,10240000,0.25,17097.8
16384,107315,232,3,10240000,0.25,28442.3
16384,107315,233,0,10240000,0.25,18827.3
16384,107315,234,3,10240000,0.25,29413.1
16384,107315,235,1,10240000,0.25,29220.7
16384,107315,236,0,10240000,0.25,8929.81
16384,107315,237,0,10240000,0.25,13691.7
16384,107315,238,1,10240000,0.25,29166.4
16384,107315,239,0,10240000,0.25,10527.3
16384,107315,240,3,10240000,0.25,28800.4
16384,107315,241,0,10240000,0.25,12338.6
16384,107315,242,0,10240000,0.25,20569.0
16384,107315,243,0,10240000,0.25,6302.41
16384,107315,244,2,10240000,0.25,29767.3
16384,107315,245,0,10240000,0.25,17735.5
16384,107315,246,0,10240000,0.25,5902.62
16384,107315,247,0,10240000,0.25,5497.0
16384,107315,248,0,10240000,0.25,12983.4
16384,107315,249,0,10240000,0.25,25285.1
16384,107315,250,0,10240000,0.25,9732.0
16384,107315,251,0,10240000,0.25,13604.2
16384,107315,252,2,10240000,0.25,29105.7
16384,107315,253,1,10240000,0.25,28896.9
16384,107315,254,4,10240000,0.25,28977.1
16384,107315,255,2,10240000,0.25,28834.5
16384,107315,256,1,10240000,0.25,28048.2
16384,107315,257,0,10240000,0.25,13180.9
16384,107315,258,0,10240000,0.25,4394.23
16384,107315,259,2,10240000,0.25,29407.4
16384,107315,260,1,10240000,0.25,29400.6
16384,107315,261,0,10240000,0.25,5935.4
16384,107315,262,0,10240000,0.25,7486.63
16384,107315,263,0,10240000,0.25,2666.03
16384,107315,264,0,10240000,0.25,3850.69
16384,107315,265,3,10240000,0.25,28956.1
16384,107315,266,1,10240000,0.25,29212.2
16384,107315,267,1,10240000,0.25,29410.3
16384,107315,268,0,10240000,0.25,23699.1
16384,107315,269,1,10240000,0.25,28948.3
16384,107315,270,0,10240000,0.25,5293.27
16384,107315,271,1,10240000,0.25,29049.6
16384,107315,272,0,10240000,0.25,7879.93
16384,107315,273,0,10240000,0.25,9605.85
16384,107315,274,2,10240000,0.25,29470.8
16384,107315,275,3,10240000,0.25,29673.2
16384,107315,276,3,10240000,0.25,29740.2
16384,107315,277,2,10240000,0.25,29129.4
16384,107315,278,1,10240000,0.25,29031.5
16384,107315,279,0,10240000,0.25,17399.9
16384,107315,280,2,10240000,0.25,28202.6
16384,107315,281,0,10240000,0.25,20215.9
16384,107315,282,0,10240000,0.25,6201.04
16384,107315,283,0,10240000,0.25,13830.3
16384,107315,284,0,10240000,0.25,5494.31
16384,107315,285,2,10240000,0.25,29508.1
16384,107315,286,0,10240000,0.25,20470.0
16384,107315,287,0,10240000,0.25,2541.12
16384,107315,288,0,10240000,0.25,2847.41
16384,107315,289,3,10240000,0.25,29580.0
16384,107315,290,0,10240000,0.25,14616.2
16384,107315,291,1,10240000,0.25,29915.9
16384,107315,292,0,10240000,0.25,3685.36
16384,107315,293,1,10240000,0.25,29552.0
16384,107315,294,0,10240000,0.25,17949.2
16384,107315,295,3,10240000,0.25,28851.8
16384,107315,296,0,10240000,0.25,17801.1
16384,107315,297,4,10240000,0.25,29196.4
16384,107315,298,1,10240000,0.25,29290.6
16384,107315,299,0,10240000,0.25,5919.49
16384,107315,300,1,10240000,0.25,29068.4
16384,107315,301,1,10240000,0.25,28852.5
16384,107315,302,0,10240000,0.25,8555.49
16384,107315,303,0,10240000,0.25,24430.1
16384,107315,304,1,10240000,0.25,28109.7
16384,107315,305,0,10240000,0.25,3186.14
16384,107315,306,0,10240000,0.25,9689.21
16384,107315,307,0,10240000,0.25,3914.3
16384,107315,308,0,10240000,0.25,6369.04
16384,107315,309,3,10240000,0.25,29422.3
16384,107315,310,0,10240000,0.25,1341.62
16384,107315,311,0,10240000,0.25,21154.9
16384,107315,312,0,10240000,0.25,25356.6
16384,107315,313,0,10240000,0.25,19657.2
16384,107315,314,0,10240000,0.25,6468.21
16384,107315,315,0,10240000,0.25,8223.18
16384,107315,316,0,10240000,0.25,10146.8
16384,107315,317,1,10240000,0.25,29409.2
16384,107315,318,0,10240000,0.25,4017.37
16384,107315,319,0,10240000,0.25,1939.36
16384,107315,320,0,10240000,0.25,8666.89
16384,107315,321,0,10240000,0.25,29058.8
16384,107315,322,0,10240000,0.25,5431.66
16384,107315,323,0,10240000,0.25,15981.5
16384,107315,324,0,10240000,0.25,18204.5
16384,107315,325,0,10240000,0.25,26422.2
16384,107315,326,0,10240000,0.25,18328.0
16384,107315,327,2,10240000,0.25,28737.7
16384,107315,328,3,10240000,0.25,28923.5
16384,107315,329,4,10240000,0.25,28964.4
16384,107315,330,0,10240000,0.25,13698.4
16384,107315,331,0,10240000,0.25,8000.17
16384,107315,332,0,10240000,0.25,5673.56
16384,107315,333,0,10240000,0.25,7517.39
16384,107315,334,4,10240000,0.25,29347.0
16384,107315,335,5,10240000,0.25,28686.0
16384,107315,336,0,10240000,0.25,19808.3
16384,107315,337,0,10240000,0.25,25141.9
16384,107315,338,0,10240000,0.25,1566.11
16384,107315,339,2,10240000,0.25,29670.5
16384,107315,340,2,10240000,0.25,29660.2
16384,107315,341,1,10240000,0.25,29103.1
16384,107315,342,0,10240000,0.25,2101.41
16384,107315,343,0,10240000,0.25,9638.38
16384,107315,344,0,10240000,0.25,4635.7
16384,107315,345,0,10240000,0.25,1350.26
16384,107315,346,1,10240000,0.25,28961.3
16384,107315,347,0,10240000,0.25,11623.3
16384,107315,348,0,10240000,0.25,10217.1
16384,107315,349,0,10240000,0.25,16161.8
16384,107315,350,2,10240000,0.25,29244.8
16384,107315,351,1,10240000,0.25,28669.5
16384,107315,352,0,10240000,0.25,1354.34
16384,107315,353,4,10240000,0.25,29340.4
16384,107315,354,0,10240000,0.25,6144.79
16384,107315,355,3,10240000,0.25,29413.7
16384,107315,356,0,10240000,0.25,15882.1
16384,107315,357,2,10240000,0.25,29620.0
16384,107315,358,1,10240000,0.25,28980.7
16384,107315,359,0,10240000,0.25,15090.4
16384,107315,360,0,10240000,0.25,2432.68
16384,107315,361,0,10240000,0.25,13934.8
16384,107315,362,0,10240000,0.25,4053.54
16384,107315,363,2,10240000,0.25,29435.8
16384,107315,364,0,10240000,0.25,9022.04
16384,107315,365,0,10240000,0.25,28405.6
16384,107315,366,1,10240000,0.25,28724.2
16384,107315,367,1,10240000,0.25,28555.8
16384,107315,368,1,10240000,0.25,28391.3
16384,107315,369,0,10240000,0.25,11693.0
16384,107315,370,0,10240000,0.25,20340.9
16384,107315,371,0,10240000,0.25,15063.0
16384,107315,372,0,10240000,0.25,3214.86
16384,107315,373,2,10240000,0.25,29286.1
16384,107315,374,2,10240000,0.25,29303.5
16384,107315,375,3,10240000,0.25,28547.9
16384,107315,376,2,10240000,0.25,28682.1
16384,107315,377,6,10240000,0.25,29474.7
16384,107315,378,0,10240000,0.25,13901.6
16384,107315,379,1,10240000,0.25,29479.7
16384,107315,380,0,10240000,0.25,18545.9
16384,107315,381,0,10240000,0.25,9296.64
16384,107315,382,0,10240000,0.25,18583.0
16384,107315,383,4,10240000,0.25,30251.6
16384,107315,384,0,10240000,0.25,27633.6
16384,107315,385,2,10240000,0.25,29453.3
16384,107315,386,3,10240000,0.25,28820.5
16384,107315,387,0,10240000,0.25,14827.4
16384,107315,388,0,10240000,0.25,19061.4
16384,107315,389,4,10240000,0.25,29587.6
16384,107315,390,0,10240000,0.25,6729.36
16384,107315,391,0,10240000,0.25,11564.3
16384,107315,392,0,10240000,0.25,13051.7
16384,107315,393,1,10240000,0.25,30019.6
16384,107315,394,0,10240000,0.25,22508.0
16384,107315,395,1,10240000,0.25,29535.0
16384,107315,396,0,10240000,0.25,3727.71
16384,107315,397,5,10240000,0.25,29936.7
16384,107315,398,1,10240000,0.25,30288.3
16384,107315,399,0,10240000,0.25,12704.4
16384,107315,400,0,10240000,0.25,28547.4
16384,110592,1,141,10240000,0.25,30243.8
16384,110592,2,161,10240000,0.25,30127.8
16384,110592,3,153,10240000,0.25,30740.1
16384,110592,4,159,10240000,0.25,30267.7
16384,110592,5,148,10240000,0.25,30109.8
16384,110592,6,158,10240000,0.25,29816.7
16384,110592,7,143,10240000,0.25,30021.9
16384,110592,8,157,10240000,0.25,30109.3
16384,110592,9,115,10240000,0.25,29762.1
16384,110592,10,149,10240000,0.25,30827.6
16384,110592,11,151,10240000,0.25,30901.7
16384,110592,12,162,10240000,0.25,30889.6
16384,110592,13,158,10240000,0.25,30894.1
16384,110592,14,160,10240000,0.25,30492.8
16384,110592,15,146,10240000,0.25,31067.6
16384,110592,16,150,10240000,0.25,29929.9
16384,110592,17,147,10240000,0.25,30327.1
16384,110592,18,138,10240000,0.25,29891.9
16384,110592,19,159,10240000,0.25,30031.0
16384,110592,20,150,10240000,0.25,29973.1
16384,110592,21,140,10240000,0.25,30463.0
16384,110592,22,163,10240000,0.25,30318.1
16384,110592,23,138,10240000,0.25,30312.5
16384,110592,24,150,10240000,0.25,30211.8
16384,110592,25,126,10240000,0.25,30617.5
16384,110592,26,137,10240000,0.25,31043.6
16384,110592,27,152,10240000,0.25,30729.9
16384,110592,28,146,10240000,0.25,30497.7
16384,110592,29,147,10240000,0.25,30476.9
16384,110592,30,140,10240000,0.25,30985.6
16384,110592,31,161,10240000,0.25,29852.6
16384,110592,32,165,10240000,0.25,30594.6
16384,110592,33,150,10240000,0.25,29929.4
16384,110592,34,124,10240000,0.25,29976.7
16384,110592,35,134,10240000,0.25,30310.8
16384,110592,36,153,10240000,0.25,30776.9
16384,110592,37,143,10240000,0.25,29975.5
16384,110592,38,160,10240000,0.25,29900.4
16384,110592,39,152,10240000,0.25,30350.1
16384,110592,40,164,10240000,0.25,30264.8
16384,110592,41,159,10240000,0.25,30451.9
16384,110592,42,146,10240000,0.25,31047.3
16384,110592,43,151,10240000,0.25,30948.9
16384,110592,44,154,10240000,0.25,30860.0
16384,110592,45,143,10240000,0.25,30824.3
16384,110592,46,166,10240000,0.25,30867.5
16384,110592,47,156,10240000,0.25,29859.6
16384,110592,48,143,10240000,0.25,29768.3
16384,110592,49,103,10240000,0.25,30206.2
16384,110592,50,140,10240000,0.25,30403.5
16384,110592,51,168,10240000,0.25,29993.6
16384,110592,52,150,10240000,0.25,30205.5
16384,110592,53,146,10240000,0.25,30116.9
16384,110592,54,164,10240000,0.25,29995.1
16384,110592,55,144,10240000,0.25,29984.9
16384,110592,56,166,10240000,0.25,30099.0
16384,110592,57,141,10240000,0.25,30655.7
16384,110592,58,134,10240000,0.25,31019.1
16384,110592,59,169,10240000,0.25,31014.6
16384,110592,60,147,10240000,0.25,30717.2
16384,110592,61,159,10240000,0.25,31219.4
16384,110592,62,130,10240000,0.25,30810.1
16384,110592,63,157,10240000,0.25,30313.2
16384,110592,64,152,10240000,0.25,29761.9
16384,110592,65,147,10240000,0.25,30726.1
16384,110592,66,148,10240000,0.25,30328.3
16384,110592,67,138,10240000,0.25,30086.9
16384,110592,68,158,10240000,0.25,30428.0
16384,110592,69,159,10240000,0.25,29967.2
16384,110592,70,151,10240000,0.25,30054.5
16384,110592,71,160,10240000,0.25,29979.4
16384,110592,72,152,10240000,0.25,30306.7
16384,110592,73,136,10240000,0.25,30721.6
16384,110592,74,148,10240000,0.25,30889.5
16384,110592,75,133,10240000,0.25,30668.9
16384,110592,76,143,10240000,0.25,31017.8
16384,110592,77,133,10240000,0.25,30620.1
16384,110592,78,142,10240000,0.25,30636.5
16384,110592,79,146,10240000,0.25,29984.9
16384,110592,80,135,10240000,0.25,30378.3
16384,110592,81,164,10240000,0.25,30343.1
16384,110592,82,142,10240000,0.25,29999.2
16384,110592,83,158,10240000,0.25,30007.0
16384,110592,84,108,10240000,0.25,30301.1
16384,110592,85,168,10240000,0.25,30103.1
16384,110592,86,146,10240000,0.25,29939.1
16384,110592,87,115,10240000,0.25,30185.0
16384,110592,88,152,10240000,0.25,30199.8
16384,110592,89,144,10240000,0.25,30597.4
16384,110592,90,162,10240000,0.25,30547.9
16384,110592,91,146,10240000,0.25,30507.0
16384,110592,92,152,10240000,0.25,30442.4
16384,110592,93,150,10240000,0.25,30554.0
16384,110592,94,142,10240000,0.25,30837.7
16384,110592,95,152,10240000,0.25,30239.9
16384,110592,96,139,10240000,0.25,30278.0
16384,110592,97,148,10240000,0.25,29953.4
16384,110592,98,159,10240000,0.25,29869.3
16384,110592,99,153,10240000,0.25,29859.9
16384,110592,100,144,10240000,0.25,30290.6
16384,110592,101,154,10240000,0.25,30182.7
16384,110592,102,143,10240000,0.25,30294.1
16384,110592,103,151,10240000,0.25,30443.2
16384,110592,104,157,10240000,0.25,30179.9
16384,110592,105,177,10240000,0.25,30877.6
16384,110592,106,131,10240000,0.25,31035.3
16384,110592,107,159,10240000,0.25,30396.5
16384,110592,108,166,10240000,0.25,30882.7
16384,110592,109,144,10240000,0.25,31088.0
16384,110592,110,157,10240000,0.25,30468.8
16384,110592,111,143,10240000,0.25,29939.4
16384,110592,112,155,10240000,0.25,30096.3
16384,110592,113,120,10240000,0.25,30392.1
16384,110592,114,155,10240000,0.25,30030.4
16384,110592,115,164,10240000,0.25,29980.0
16384,110592,116,148,10240000,0.25,30339.6
16384,110592,117,159,10240000,0.25,30101.8
16384,110592,118,149,10240000,0.25,29851.7
16384,110592,119,152,10240000,0.25,29829.9
16384,110592,120,157,10240000,0.25,30422.7
16384,110592,121,156,10240000,0.25,31678.8
16384,110592,122,154,10240000,0.25,30883.0
16384,110592,123,138,10240000,0.25,30555.3
16384,110592,124,139,10240000,0.25,31127.4
16384,110592,125,139,10240000,0.25,30676.7
16384,110592,126,123,10240000,0.25,30926.5
16384,110592,127,172,10240000,0.25,30096.1
16384,110592,128,162,10240000,0.25,30163.7
16384,110592,129,152,10240000,0.25,30074.0
16384,110592,130,136,10240000,0.25,30273.5
16384,110592,131,137,10240000,0.25,30363.0
16384,110592,132,151,10240000,0.25,30682.4
16384,110592,133,175,10240000,0.25,30228.7
16384,110592,134,159,10240000,0.25,29650.2
16384,110592,135,130,10240000,0.25,30103.5
16384,110592,136,162,10240000,0.25,29914.1
16384,110592,137,167,10240000,0.25,30880.1
16384,110592,138,147,10240000,0.25,31740.4
16384,110592,139,154,10240000,0.25,31100.3
16384,110592,140,132,10240000,0.25,30588.7
16384,110592,141,132,10240000,0.25,30425.8
16384,110592,142,146,10240000,0.25,30634.9
16384,110592,143,150,10240000,0.25,29850.4
16384,110592,144,152,10240000,0.25,30095.8
16384,110592,145,154,10240000,0.25,29946.8
16384,110592,146,152,10240000,0.25,30543.0
16384,110592,147,155,10240000,0.25,30028.8
16384,110592,148,149,10240000,0.25,30192.3
16384,110592,149,152,10240000,0.25,30465.7
16384,110592,150,137,10240000,0.25,30108.5
16384,110592,151,160,10240000,0.25,30512.0
16384,110592,152,158,10240000,0.25,30220.2
16384,110592,153,150,10240000,0.25,31352.4
16384,110592,154,164,10240000,0.25,30895.2
16384,110592,155,157,10240000,0.25,30764.3
16384,110592,156,167,10240000,0.25,30535.1
16384,110592,157,151,10240000,0.25,31066.0
16384,110592,158,170,10240000,0.25,31049.1
16384,110592,159,144,10240000,0.25,29842.3
16384,110592,160,175,10240000,0.25,29972.5
16384,110592,161,130,10240000,0.25,30029.4
16384,110592,162,148,10240000,0.25,30325.9
16384,110592,163,146,10240000,0.25,30135.0
16384,110592,164,158,10240000,0.25,30135.7
16384,110592,165,154,10240000,0.25,30031.0
16384,110592,166,150,10240000,0.25,30059.2
16384,110592,167,139,10240000,0.25,30287.0
16384,110592,168,128,10240000,0.25,30162.8
16384,110592,169,154,10240000,0.25,31017.3
16384,110592,170,155,10240000,0.25,31055.0
16384,110592,171,150,10240000,0.25,30540.1
16384,110592,172,136,10240000,0.25,30843.5
16384,110592,173,169,10240000,0.25,31111.4
16384,110592,174,164,10240000,0.25,30824.5
16384,110592,175,137,10240000,0.25,30249.5
16384,110592,176,153,10240000,0.25,29813.6
16384,110592,177,147,10240000,0.25,30312.5
16384,110592,178,110,10240000,0.25,29978.8
16384,110592,179,153,10240000,0.25,30128.3
16384,110592,180,163,10240000,0.25,30424.7
16384,110592,181,151,10240000,0.25,30213.3
16384,110592,182,142,10240000,0.25,30176.5
16384,110592,183,160,10240000,0.25,29964.5
16384,110592,184,141,10240000,0.25,30451.8
16384,110592,185,157,10240000,0.25,30654.3
16384,110592,186,154,10240000,0.25,30713.5
16384,110592,187,173,10240000,0.25,30674.3
16384,110592,188,128,10240000,0.25,30458.7
16384,110592,189,127,10240000,0.25,30454.5
16384,110592,190,162,10240000,0.25,30484.8
16384,110592,191,148,10240000,0.25,29808.8
16384,110592,192,155,10240000,0.25,29763.8
16384,110592,193,135,10240000,0.25,30778.3
16384,110592,194,132,10240000,0.25,30034.9
16384,110592,195,149,10240000,0.25,30531.2
16384,110592,196,138,10240000,0.25,30383.5
16384,110592,197,153,10240000,0.25,30147.5
16384,110592,198,162,10240000,0.25,30187.5
16384,110592,199,160,10240000,0.25,30478.8
16384,110592,200,145,10240000,0.25,29866.5
16384,110592,201,149,10240000,0.25,30460.4
16384,110592,202,150,10240000,0.25,30958.8
16384,110592,203,164,10240000,0.25,30836.1
16384,110592,204,147,10240000,0.25,30332.0
16384,110592,205,145,10240000,0.25,30735.0
16384,110592,206,142,10240000,0.25,30324.0
16384,110592,207,147,10240000,0.25,30054.3
16384,110592,208,141,10240000,0.25,29832.5
16384,110592,209,158,10240000,0.25,30067.2
16384,110592,210,151,10240000,0.25,30229.4
16384,110592,211,160,10240000,0.25,29981.4
16384,110592,212,172,10240000,0.25,30665.4
16384,110592,213,163,10240000,0.25,29979.3
16384,110592,214,143,10240000,0.25,30020.2
16384,110592,215,169,10240000,0.25,30674.5
16384,110592,216,162,10240000,0.25,29974.7
16384,110592,217,126,10240000,0.25,30854.7
16384,110592,218,151,10240000,0.25,30918.4
16384,110592,219,157,10240000,0.25,30939.7
16384,110592,220,144,10240000,0.25,30638.4
16384,110592,221,153,10240000,0.25,31434.7
16384,110592,222,129,10240000,0.25,30870.6
16384,110592,223,151,10240000,0.25,30166.6
16384,110592,224,152,10240000,0.25,30340.8
16384,110592,225,141,10240000,0.25,30145.5
16384,110592,226,138,10240000,0.25,30186.2
16384,110592,227,162,10240000,0.25,30729.6
16384,110592,228,143,10240000,0.25,30540.1
16384,110592,229,129,10240000,0.25,30449.4
16384,110592,230,121,10240000,0.25,30325.0
16384,110592,231,136,10240000,0.25,29743.1
16384,110592,232,161,10240000,0.25,30291.4
16384,110592,233,147,10240000,0.25,30883.0
16384,110592,234,136,10240000,0.25,30576.2
16384,110592,235,177,10240000,0.25,30572.5
16384,110592,236,151,10240000,0.25,30393.7
16384,110592,237,145,10240000,0.25,30870.3
16384,110592,238,129,10240000,0.25,30857.6
16384,110592,239,123,10240000,0.25,30334.4
16384,110592,240,150,10240000,0.25,29850.6
16384,110592,241,160,10240000,0.25,29956.6
16384,110592,242,147,10240000,0.25,30025.7
16384,110592,243,141,10240000,0.25,30319.8
16384,110592,244,147,10240000,0.25,30488.2
16384,110592,245,154,10240000,0.25,30433.7
16384,110592,246,144,10240000,0.25,29761.2
16384,110592,247,158,10240000,0.25,30044.7
16384,110592,248,134,10240000,0.25,29740.6
16384,110592,249,129,10240000,0.25,30709.2
16384,110592,250,158,10240000,0.25,30745.7
16384,110592,251,155,10240000,0.25,30592.4
16384,110592,252,159,10240000,0.25,30485.4
16384,110592,253,158,10240000,0.25,30454.3
16384,110592,254,149,10240000,0.25,30573.7
16384,110592,255,132,10240000,0.25,30392.9
16384,110592,256,168,10240000,0.25,29829.7
16384,110592,257,156,10240000,0.25,29985.4
16384,110592,258,128,10240000,0.25,30393.4
16384,110592,259,141,10240000,0.25,30029.8
16384,110592,260,158,10240000,0.25,29991.1
16384,110592,261,153,10240000,0.25,30051.4
16384,110592,262,153,10240000,0.25,29867.0
16384,110592,263,144,10240000,0.25,30327.1
16384,110592,264,150,10240000,0.25,29873.3
16384,110592,265,139,10240000,0.25,30988.8
16384,110592,266,111,10240000,0.25,30698.6
16384,110592,267,151,10240000,0.25,30466.5
16384,110592,268,141,10240000,0.25,30517.2
16384,110592,269,143,10240000,0.25,30807.7
16384,110592,270,146,10240000,0.25,30521.2
16384,110592,271,172,10240000,0.25,29796.9
16384,110592,272,164,10240000,0.25,29870.9
16384,110592,273,148,10240000,0.25,29866.7
16384,110592,274,133,10240000,0.25,29984.1
16384,110592,275,156,10240000,0.25,29826.8
16384,110592,276,164,10240000,0.25,30362.2
16384,110592,277,153,10240000,0.25,30668.4
16384,110592,278,132,10240000,0.25,29833.8
16384,110592,279,150,10240000,0.25,30148.3
16384,110592,280,166,10240000,0.25,30019.3
16384,110592,281,150,10240000,0.25,30585.8
16384,110592,282,158,10240000,0.25,31472.6
16384,110592,283,163,10240000,0.25,30456.0
16384,110592,284,165,10240000,0.25,30301.3
16384,110592,285,157,10240000,0.25,30531.5
16384,110592,286,146,10240000,0.25,30693.3
16384,110592,287,142,10240000,0.25,30307.0
16384,110592,288,145,10240000,0.25,29734.0
16384,110592,289,177,10240000,0.25,30069.5
16384,110592,290,170,10240000,0.25,30576.5
16384,110592,291,139,10240000,0.25,29985.5
16384,110592,292,156,10240000,0.25,30433.6
16384,110592,293,140,10240000,0.25,29938.3
16384,110592,294,162,10240000,0.25,30015.6
16384,110592,295,129,10240000,0.25,29978.3
16384,110592,296,149,10240000,0.25,30294.5
16384,110592,297,130,10240000,0.25,29127.3
16384,110592,298,158,10240000,0.25,29457.5
16384,110592,299,157,10240000,0.25,29224.7
16384,110592,300,151,10240000,0.25,28980.6
16384,110592,301,148,10240000,0.25,29184.5
16384,110592,302,150,10240000,0.25,29320.6
16384,110592,303,149,10240000,0.25,29410.2
16384,110592,304,139,10240000,0.25,29408.4
16384,110592,305,156,10240000,0.25,29129.5
16384,110592,306,156,10240000,0.25,29355.8
16384,110592,307,152,10240000,0.25,29323.1
16384,110592,308,138,10240000,0.25,29252.9
16384,110592,309,147,10240000,0.25,29687.7
16384,110592,310,133,10240000,0.25,29241.6
16384,110592,311,157,10240000,0.25,29513.6
16384,110592,312,130,10240000,0.25,29429.1
16384,110592,313,132,10240000,0.25,28976.7
16384,110592,314,172,10240000,0.25,29403.4
16384,110592,315,157,10240000,0.25,29424.0
16384,110592,316,135,10240000,0.25,28896.3
16384,110592,317,134,10240000,0.25,29326.7
16384,110592,318,159,10240000,0.25,29108.4
16384,110592,319,154,10240000,0.25,29021.2
16384,110592,320,152,10240000,0.25,29379.7
16384,110592,321,126,10240000,0.25,28955.0
16384,110592,322,154,10240000,0.25,29287.1
16384,110592,323,152,10240000,0.25,29112.2
16384,110592,324,151,10240000,0.25,29018.6
16384,110592,325,158,10240000,0.25,29403.3
16384,110592,326,170,10240000,0.25,29241.1
16384,110592,327,145,10240000,0.25,28938.6
16384,110592,328,133,10240000,0.25,28970.0
16384,110592,329,149,10240000,0.25,28924.5
16384,110592,330,149,10240000,0.25,28961.3
16384,110592,331,159,10240000,0.25,28877.6
16384,110592,332,144,10240000,0.25,29372.1
16384,110592,333,153,10240000,0.25,29563.9
16384,110592,334,147,10240000,0.25,29087.3
16384,110592,335,159,10240000,0.25,29268.0
16384,110592,336,120,10240000,0.25,29365.3
16384,110592,337,163,10240000,0.25,29240.3
16384,110592,338,164,10240000,0.25,29153.6
16384,110592,339,142,10240000,0.25,29035.0
16384,110592,340,144,10240000,0.25,28921.8
16384,110592,341,167,10240000,0.25,29331.1
16384,110592,342,145,10240000,0.25,28937.5
16384,110592,343,168,10240000,0.25,29136.3
16384,110592,344,143,10240000,0.25,28875.4
16384,110592,345,135,10240000,0.25,30293.4
16384,110592,346,148,10240000,0.25,29108.5
16384,110592,347,130,10240000,0.25,29154.2
16384,110592,348,142,10240000,0.25,29103.5
16384,110592,349,152,10240000,0.25,28934.4
16384,110592,350,141,10240000,0.25,29641.7
16384,110592,351,140,10240000,0.25,29575.8
16384,110592,352,147,10240000,0.25,29408.8
16384,110592,353,154,10240000,0.25,29154.1
16384,110592,354,174,10240000,0.25,28843.5
16384,110592,355,151,10240000,0.25,28768.1
16384,110592,356,149,10240000,0.25,29560.0
16384,110592,357,158,10240000,0.25,28923.6
16384,110592,358,145,10240000,0.25,28975.1
16384,110592,359,170,10240000,0.25,29288.4
16384,110592,360,131,10240000,0.25,28954.9
16384,110592,361,167,10240000,0.25,29470.4
16384,110592,362,144,10240000,0.25,29905.8
16384,110592,363,158,10240000,0.25,29632.8
16384,110592,364,150,10240000,0.25,29544.6
16384,110592,365,159,10240000,0.25,29417.8
16384,110592,366,145,10240000,0.25,28864.5
16384,110592,367,148,10240000,0.25,29405.5
16384,110592,368,165,10240000,0.25,29059.1
16384,110592,369,144,10240000,0.25,29451.9
16384,110592,370,137,10240000,0.25,29462.4
16384,110592,371,162,10240000,0.25,29075.2
16384,110592,372,155,10240000,0.25,29009.3
16384,110592,373,139,10240000,0.25,28965.0
16384,110592,374,143,10240000,0.25,29660.8
16384,110592,375,159,10240000,0.25,28867.1
16384,110592,376,150,10240000,0.25,29021.1
16384,110592,377,168,10240000,0.25,29260.3
16384,110592,378,151,10240000,0.25,29053.2
16384,110592,379,147,10240000,0.25,28975.5
16384,110592,380,148,10240000,0.25,29730.1
16384,110592,381,154,10240000,0.25,29345.4
16384,110592,382,176,10240000,0.25,29637.0
16384,110592,383,131,10240000,0.25,29093.0
16384,110592,384,159,10240000,0.25,29118.1
16384,110592,385,167,10240000,0.25,28905.4
16384,110592,386,156,10240000,0.25,29410.1
16384,110592,387,151,10240000,0.25,29475.4
16384,110592,388,151,10240000,0.25,28949.2
16384,110592,389,127,10240000,0.25,28859.2
16384,110592,390,173,10240000,0.25,29392.7
16384,110592,391,173,10240000,0.25,28976.9
16384,110592,392,142,10240000,0.25,29048.7
16384,110592,393,140,10240000,0.25,29572.8
16384,110592,394,145,10240000,0.25,29004.2
16384,110592,395,148,10240000,0.25,29033.0
16384,110592,396,159,10240000,0.25,29555.8
16384,110592,397,172,10240000,0.25,29232.7
16384,110592,398,142,10240000,0.25,29867.4
16384,110592,399,162,10240000,0.25,28963.8
16384,110592,400,159,10240000,0.25,29225.3
